0.00,977784272146.15,-1118857041382.20,-19473650064.35,6733.68,63432000.44344432000.00,980689061200.46,-1116115381169.69,-19473632444.5864000.00,-1228686400868864000.00,983586633631.87,-1113366156112.70,-11296000.00,-122810101296000.00,112911296000.00,986477222164.45,-11106071728000.00,-1231528539.03,61728000.00,14634172811728000.00,9893597937962160000.00,-1234909339.46,6071816112160000.00,143412692216002160000.00,2592000.00,-1238242584.13,601328172.60,23222592000.00,139418486467225923024000.00,-1241527846.37,595451808.33,23238380.70303024000.00,134383343456000.00,-1244765363.60,589554369.43,23231821.07,-7.44,-133456000.00,3888000.00,-1247955806.10,583637160.47,23224617.36,-7.33,-13.72,-0.03384320000.00,-1251099721.79,577700923.84,23216754.88,-7.22,-13.76,-0.02
4752000.00,-1254197310.96,571746242.35,23208195.78,-7.12,-13.80,-0.02
5184000.00,-1257248577.94,565773815.36,23198907.92,-7.01,-13.85,-0.02
5616000.00,-1260253520.02,559784494.03,23188872.81,-6.90,-13.88,-0.02
6048000.00,-1263212225.36,553779221.94,23178083.25,-6.80,-13.92,-0.03
6480000.00,-1266124903.73,547758970.50,23166539.30,-6.69,-13.95,-0.03
6912000.00,-1268991885.81,541724690.28,23154245.02,-6.58,-13.98,-0.03
7344000.00,-1271813609.11,535677277.08,23141206.29,-6.48,-14.01,-0.03
7776000.00,-1274590597.79,529617549.19,23127429.41,-6.38,-14.04,-0.03
8208000.00,-1277323438.67,523546233.67,23112920.49,-6.28,-14.07,-0.03
8640000.00,-1280012754.02,517463962.30,23097685.36,-6.18,-14.09,-0.04
9072000.00,-1282659172.72,511371280.35,23081730.64,-6.08,-14.12,-0.04
9504000.00,-1285263304.96,505268674.90,23065066.38,-5.98,-14.14,-0.04
9936000.00,-1287825737.23,499156630.59,23047711.44,-5.88,-14.16,-0.04
10368000.00,-1290347087.51,493035706.18,23029701.69,-5.79,-14.18,-0.04
10800000.00,-1292828171.80,486906560.59,23011095.62,-5.70,-14.20,-0.04
11232000.00,-1295270217.81,480769762.45,22991961.05,-5.61,-14.21,-0.04
11664000.00,-1297674807.49,474625375.37,22972336.31,-5.52,-14.23,-0.05
12096000.00,-1300043414.24,468472771.27,22952203.92,-5.44,-14.25,-0.05
12528000.00,-1302377028.33,462310919.38,22931508.84,-5.36,-14.28,-0.05
12960000.00,-1304676173.22,456138741.24,22910189.97,-5.28,-14.30,-0.05
13392000.00,-1306941074.53,449955252.04,22888195.15,-5.20,-14.33,-0.05
13824000.00,-1309171779.60,443759563.75,22865482.74,-5.12,-14.36,-0.05
14256000.00,-1311368209.04,437550857.31,22842018.91,-5.04,-14.39,-0.06
14688000.00,-1313530172.34,431328362.86,22817774.99,-4.96,-14.42,-0.06
15120000.00,-1315657369.80,425091352.76,22792725.72,-4.88,-14.45,-0.06
15552000.00,-1317749390.70,418839143.90,22766848.25,-4.80,-14.49,-0.06
15984000.00,-1319805711.21,412571106.01,22740121.68,-4.72,-14.53,-0.06
16416000.00,-1321825692.71,406286674.34,22712527.15,-4.63,-14.57,-0.06
16848000.00,-1323808580.56,399985366.85,22684048.29,-4.55,-14.61,-0.07
17280000.00,-1325753503.67,393666808.32,22654672.52,-4.46,-14.65,-0.07
17712000.00,-1327659478.25,387330766.42,22624393.49,-4.37,-14.69,-0.07
18144000.00,-1329525427.07,380977206.30,22593215.67,-4.27,-14.73,-0.07
18576000.00,-1331350243.28,374606362.03,22561161.37,-4.18,-14.77,-0.08
19008000.00,-1333132942.75,368218780.34,22528277.05,-4.08,-14.80,-0.08
19440000.00,-1334872887.35,361815209.25,22494627.20,-3.98,-14.84,-0.08
19872000.00,-1336569855.29,355396256.39,22460264.44,-3.88,-14.88,-0.08
20304000.00,-1338223737.14,348962110.75,22425198.41,-3.78,-14.91,-0.08
20736000.00,-1339834153.27,342512676.44,22389400.42,-3.68,-14.95,-0.08
21168000.00,-1341400387.02,336047896.18,22352831.35,-3.57,-14.98,-0.09
21600000.00,-1342921535.46,329567925.34,22315460.32,-3.47,-15.02,-0.09
22032000.00,-1344396655.32,323073146.50,22277269.10,-3.36,-15.05,-0.09
22464000.00,-1345824843.42,316564127.42,22238250.05,-3.25,-15.08,-0.09
22896000.00,-1347205272.09,310041576.21,22198403.23,-3.14,-15.11,-0.09
23328000.00,-1348537203.08,303506306.22,22157733.98,-3.03,-15.14,-0.10
23760000.00,-1349819992.26,296959209.82,22116251.19,-2.91,-15.17,-0.10
24192000.00,-1351053089.98,290401238.11,22073966.17,-2.80,-15.19,-0.10
24624000.00,-1352236038.61,283833384.85,22030891.89,-2.68,-15.21,-0.10
25056000.00,-1353368467.68,277256673.92,21987042.52,-2.56,-15.23,-0.10
25488000.00,-1354450086.25,270672151.16,21942433.46,-2.44,-15.25,-0.10
25920000.00,-1355480673.16,264080883.09,21897081.88,-2.33,-15.26,-0.11
26352000.00,-1356460067.88,257483966.81,21851008.36,-2.21,-15.28,-0.11
26784000.00,-1357388171.04,250882557.23,21804240.28,-2.09,-15.29,-0.11
27216000.00,-1358264977.53,244277911.70,21756817.39,-1.97,-15.29,-0.11
27648000.00,-1359090679.40,237671421.36,21708797.43,-1.85,-15.29,-0.11
28080000.00,-1359865838.94,231064530.91,21660253.05,-1.74,-15.29,-0.11
28512000.00,-1360591473.43,224458456.88,21611248.64,-1.62,-15.29,-0.11
28944000.00,-1361268825.86,217853890.38,21561809.80,-1.51,-15.29,-0.11
29376000.00,-1361898977.86,211251029.88,21511919.32,-1.40,-15.28,-0.12
29808000.00,-1362482690.60,204649862.18,21461539.83,-1.30,-15.28,-0.12
30240000.00,-1363020485.52,198050366.47,21410634.03,-1.19,-15.27,-0.12
30672000.00,-1363512762.36,191452565.82,21359171.64,-1.09,-15.27,-0.12
31104000.00,-1363959865.71,184856508.83,21307128.93,-0.98,-15.27,-0.12
929.64,2328080000.00,9703260754728080000.00,96561770541.21,-117148458471.52,22115831.96,2228512000.00,1059711886828512000.00,105856926997.70,-108598979003.26,22112104.92,2028944000.00,114110262828944000.00,114408770445.05,-99289983083.94,22118450.26,18829376000.00,12175352029376000.00,122151657899.06,-89284799840.62,22095751.44,169329808000.00,12887261629808000.00,129029231158.21,-78656583886.58,22028462.44,14830240000.00,135154157130240000.00,134994173248.23,-67478862877.35,21942595.57,1230672000.00,1404544694030672000.00,140003028247.03,-55827541674.46,21851076.31,131104000.00,14470748453731104000.00,144017706581.80,-43782476802.88,21758658.12,8108.86,28276.52,-0.21
739959854958.93,98430240000.00,11619669696830672000.00,-61778373067200030672000.00,739796498367.78,1575030672000.00,116429732990131104000.00,-737972311040031104000.00,739588304229.52,21657731104000.00,1166618582946.01,-901070533346.09,-19090912113.03,5362.64,7626.73,24.51
,6804.70,60.81
25.32,31104000.00,1167352860796.75,-891853619796.89,-18639113802.29,4194.81,9191.88,-56.84
921309048306.52,-25793747195.00,4591.63,8006.09,19.48
.26,-276.03
61192.28,9500.79,9559.89,-82.66
