0.00,-247109436087.18,-14245946991.89,5741601656.77,3593.90,-22067.01,0.16
50000.00,-246997696087.68,-15311241238.82,5744868910.80,989.90,-22735.48,-49.77
100000.00,-246856567722.57,-16457023336.00,5741321865.39,3735.13,-21720.63,23.34
150000.00,-246742526151.85,-17521958356.71,5744329045.63,1326.51,-22861.09,-67.38
200000.00,-246589749019.39,-18668223540.57,5740432544.42,3944.05,-21823.73,9.18
250000.00,-246456391842.99,-19727515990.32,5743564659.62,1344.31,-22362.91,-33.10
300000.00,-246308535833.90,-20877470116.93,5739075604.05,4128.07,-22264.94,-32.96
350000.00,-246138772339.35,-21937084004.52,5741816659.97,1793.34,-21227.62,52.76
400000.00,-246010422511.40,-23077211690.87,5737843595.83,4000.41,-22893.74,-90.43
450000.00,-245804207743.33,-24162429084.92,5738125281.82,3328.92,-20682.55,88.99
500000.00,-245683790311.95,-25260225933.55,5737300992.84,3205.39,-23298.58,-129.43
550000.00,-245472367929.62,-26388252605.01,5733739326.20,4538.86,-21473.90,16.26
600000.00,-245304531595.13,-27440743956.36,5736256497.02,2126.44,-22032.77,-31.51
650000.00,-245134259615.49,-28587719286.65,5730822199.35,4621.57,-22654.15,-87.56
700000.00,-244901348495.64,-29668134533.93,5730662564.85,3982.67,-20692.97,70.72
750000.00,-244754216654.32,-30752035806.94,5730066746.12,3340.30,-23128.78,-133.41
800000.00,-244528870546.77,-31890339572.79,5724790439.11,5133.50,-21941.71,-39.49
850000.00,-244299888292.08,-32944214980.33,5726287615.30,3367.83,-20778.46,52.79
900000.00,-244136648101.91,-34058229537.14,5722639172.65,4335.89,-23105.34,-142.80
950000.00,-243881185989.51,-35179384103.95,5718224423.79,5391.79,-21530.65,-16.54
1000000.00,-243652241145.00,-36224422214.63,5719889102.63,3299.91,-21087.07,15.60
1050000.00,-243466318058.11,-37349252998.45,5714761092.93,4872.45,-22972.42,-143.32
1100000.00,-243191882731.26,-38462190692.70,5710456096.93,5669.81,-21400.79,-17.18
1150000.00,-242949073513.56,-39504116043.67,5711795400.23,3630.40,-21054.56,6.21
1200000.00,-242748385257.24,-40625295448.41,5706361696.62,5116.12,-22932.39,-151.98
1250000.00,-242460263021.53,-41739931239.79,5701326077.07,6018.90,-21500.44,-37.14
1300000.00,-242190301796.58,-42782172814.60,5702047661.67,4295.40,-20710.21,22.53
1350000.00,-241981338762.98,-43885614823.84,5697447761.62,5081.44,-22926.15,-164.13
1400000.00,-241686503047.66,-45009119055.00,5691060307.09,6350.77,-21789.52,-73.18
1450000.00,-241382992846.48,-46061164849.56,5690372851.64,5334.51,-20487.07,29.08
1500000.00,-241157882717.29,-47130342530.57,5687962620.32,4718.77,-22664.49,-156.12
1550000.00,-240869342656.57,-48263043923.44,5680154394.60,6516.42,-22207.99,-120.55
1600000.00,-240538251395.29,-49337016485.04,5677034894.00,6389.79,-20753.43,-4.88
1650000.00,-240267665638.75,-50371338239.76,5676889289.82,4504.98,-21504.71,-74.17
1700000.00,-240002056339.96,-51494094517.80,5669189971.42,6323.81,-22620.62,-168.51
1750000.00,-239660327003.20,-52596575999.14,5663050732.15,7062.24,-21378.65,-69.22
1800000.00,-239327273774.36,-53633945860.09,5662055128.11,5860.36,-20366.87,8.00
1850000.00,-239066855242.61,-54701303235.05,5658224954.34,5541.37,-22514.68,-175.15
1900000.00,-238741604161.76,-55825755578.50,5649535620.22,7203.32,-22096.73,-142.49
1950000.00,-238373033187.83,-56898282185.93,5644981786.79,7276.09,-20784.37,-38.48
2000000.00,-238047089328.92,-57920895841.12,5644245031.40,5516.41,-20723.62,-41.47
2050000.00,-237760661240.91,-59016791909.16,5637117533.77,6596.47,-22545.81,-195.45
2100000.00,-237395436332.40,-60126518353.18,5628744890.83,7757.40,-21672.96,-125.84
2150000.00,-237008553620.91,-61178593884.22,5624943328.39,7449.46,-20434.86,-28.82
2200000.00,-236680326050.77,-62199308833.55,5623373352.78,5733.22,-21133.66,-95.28
2250000.00,-236361680720.50,-63303642843.87,5614593711.81,7290.16,-22377.29,-200.36
2300000.00,-235968797140.23,-64401250770.86,5606270404.91,8200.87,-21415.86,-123.84
2350000.00,-235563252863.27,-65442015419.89,5602430244.81,7760.27,-20257.80,-33.92
2400000.00,-235219213989.26,-66459507865.59,5600125407.80,6157.84,-21159.21,-117.51
2450000.00,-234876600340.35,-67560083321.77,5590657178.49,7740.76,-22238.44,-208.85
2500000.00,-234462650561.71,-68651445955.61,5581849876.20,8611.37,-21316.05,-135.62
2550000.00,-234035107081.74,-69688520628.44,5577312037.19,8257.76,-20195.75,-48.84
2600000.00,-233663259085.83,-70696896924.65,5574754908.97,6630.42,-20791.86,-107.65
2650000.00,-233306276120.58,-71784830667.35,5565280538.78,7989.91,-22141.67,-221.99
2700000.00,-232876907231.51,-72875121710.60,5555511750.70,8985.63,-21348.94,-159.21
2750000.00,-232425563396.04,-73915230064.55,5549688368.00,8875.37,-20255.65,-74.24
2800000.00,-232014546791.76,-74914308225.97,5546892279.54,7354.26,-20159.71,-75.74
2850000.00,-231647201225.27,-75976107732.18,5538488723.88,8004.10,-21983.38,-231.35
2900000.00,-231210471730.53,-77067611201.68,5527511315.70,9268.14,-21479.85,-191.90
2950000.00,-230737647766.35,-78116519721.62,5519882913.94,9485.31,-20452.17,-111.65
3000000.00,-230281932078.43,-79116188442.82,5516013124.36,8478.98,-19708.97,-58.36
3050000.00,-229891092969.51,-80135894449.41,5510009885.19,7799.60,-21434.80,-209.63
3100000.00,-229459509709.37,-81222791440.46,5498234859.76,9359.16,-21645.39,-228.74
3150000.00,-228972609925.22,-82284206463.43,5488437105.02,9964.76,-20757.69,-159.15
3200000.00,-228478269693.56,-83296894881.21,5482415262.05,9622.46,-19774.44,-84.31
3250000.00,-228032918914.47,-84281155926.63,5478319177.14,8120.50,-20114.16,-122.89
3300000.00,-227614065783.83,-85336157483.58,5467955855.28,9096.07,-21650.32,-254.05
3350000.00,-227127144111.74,-86408920863.34,5456006262.01,10208.66,-21112.51,-212.15
3400000.00,-226607832926.31,-87441493700.63,5447189952.13,10429.80,-20168.84,-139.11
3450000.00,-226100673841.78,-88427618027.54,5441894806.22,9633.11,-19386.30,-82.54
3500000.00,-225655477281.23,-89418360819.76,5435717898.10,8583.53,-20738.49,-204.58
3550000.00,-225190218586.79,-90482694399.42,5423157220.67,10055.72,-21384.39,-260.23
3600000.00,-224664317768.78,-91535542168.35,5411422040.85,10836.87,-20657.46,-203.63
3650000.00,-224119215823.18,-92545402073.52,5403008305.03,10834.54,-19729.53,-132.73
3700000.00,-223598641995.75,-93513798474.26,5397652039.30,9763.87,-19209.94,-99.20
3750000.00,-223136645615.81,-94510975312.96,5389390953.49,9327.10,-20898.41,-247.80
3800000.00,-222632235708.38,-95568668028.98,5375893903.04,10754.67,-21077.70,-264.74
3850000.00,-222075803527.42,-96604723022.57,5364038871.55,11377.85,-20315.67,-205.80
3900000.00,-221506082374.46,-97598158673.74,5355449468.64,11281.20,-19420.95,-138.14
3950000.00,-220965330339.40,-98553743309.68,5349590235.08,10141.59,-19041.64,-116.86
4000000.00,-220478923289.52,-99545733570.87,5340184015.67,9930.12,-20746.22,-266.44
4050000.00,-219945593472.11,-100592206118.37,5326050866.65,11295.02,-20823.66,-275.14
4100000.00,-219363232749.86,-101615952366.62,5313637231.05,11884.19,-20082.80,-218.18
4150000.00,-218767914545.61,-102598574764.24,5304356381.67,11809.46,-19219.83,-153.28
4200000.00,-218198505468.47,-103543522005.65,5297788970.18,10765.79,-18775.80,-126.61
4250000.00,-217684807545.44,-104517349619.75,5288278908.62,10342.02,-20385.71,-269.33
4300000.00,-217131793283.27,-105550562171.24,5273598495.85,11705.88,-20625.85,-291.69
4350000.00,-216527331559.33,-106566057125.65,5260223647.00,12359.61,-19944.57,-239.59
4400000.00,-215905835644.84,-107542761090.87,5249793715.05,12396.97,-19115.12,-177.27
4450000.00,-215301276242.38,-108480205211.29,5242228785.26,11600.45,-18493.70,-135.25
4500000.00,-214753432877.67,-109425509201.68,5233454820.97,10660.60,-19733.67,-249.20
4550000.00,-214189515019.25,-110439718513.02,5218624553.33,11961.33,-20443.54,-311.11
4600000.00,-213568148051.28,-111449670048.32,5203992231.10,12774.10,-19880.97,-268.47
4650000.00,-212921984475.91,-112424556030.15,5192014257.15,12982.53,-19099.17,-209.70
4700000.00,-212280546810.94,-113359767242.61,5182968897.84,12532.26,-18345.40,-155.65
4750000.00,-211685013124.64,-114276559825.40,5174931843.44,11261.19,-18733.40,-199.96
4800000.00,-211113767908.30,-115256092769.71,5161196555.25,11994.48,-20146.90,-322.84
4850000.00,-210484067968.83,-116259934325.20,5145270412.35,13068.47,-19860.14,-302.41
4900000.00,-209817762647.91,-117235919638.69,5131432622.19,13496.14,-19153.93,-249.31
4950000.00,-209143068370.67,-118174145411.88,5120406204.12,13392.26,-18374.79,-192.10
5000000.00,-208492197094.10,-119077987249.67,5111789320.34,12468.53,-17935.02,-166.28
5050000.00,-207894962515.49,-120003077215.07,5100819887.40,11864.63,-19345.09,-294.00
5100000.00,-207269680828.57,-120989917759.09,5084409837.58,13138.28,-19802.75,-335.19
5150000.00,-206591967150.11,-121967667142.77,5068571900.83,13866.95,-19249.48,-293.89
5200000.00,-205891533558.98,-122912211447.51,5055210203.42,14072.86,-18518.77,-239.75
5250000.00,-205193698518.77,-123819429982.31,5044572626.85,13721.65,-17791.79,-188.04
5300000.00,-204534483203.08,-124703323600.40,5035351145.74,12543.07,-17874.69,-207.22
5350000.00,-203911906090.49,-125638079247.12,5021345289.69,12843.72,-19389.40,-340.65
5400000.00,-203238499078.46,-126610746633.39,5003967019.52,13989.87,-19325.64,-338.84
5450000.00,-202523468093.61,-127562350029.26,4988114396.97,14526.95,-18706.37,-292.91
5500000.00,-201793275311.58,-128479773514.16,4974781930.27,14605.35,-17982.01,-239.98
5550000.00,-201072529723.72,-129361370289.36,4964011102.24,14092.62,-17327.60,-195.20
5600000.00,-200397578179.66,-130230700212.13,4953688842.00,12925.20,-17825.67,-249.44
5650000.00,-199741378593.65,-131161223181.91,4937768737.11,13664.12,-19111.06,-362.27
5700000.00,-199030200092.58,-132114063180.53,4919788332.67,14674.71,-18869.91,-346.28
5750000.00,-198283350467.84,-133042476664.02,4903584173.90,15124.63,-18242.79,-300.20
5800000.00,-197524626867.00,-133937094244.65,4889845816.57,15151.40,-17535.52,-249.10
5850000.00,-196777760303.01,-134797241802.59,4878534768.84,14591.42,-16925.04,-208.45
5900000.00,-196077656972.83,-135649286512.87,4867304555.41,13476.28,-17534.94,-272.20
5950000.00,-195390904236.54,-136563182185.89,4850426574.52,14285.52,-18723.62,-376.88
6000000.00,-194649863727.21,-137495863550.50,4831772783.59,15252.26,-18464.05,-359.68
6050000.00,-193874574794.41,-138404368826.99,4814860467.43,15689.22,-17854.05,-315.26
6100000.00,-193087377994.72,-139280088305.03,4800319900.22,15731.31,-17168.05,-266.09
6150000.00,-192310147304.60,-140122014049.50,4788146163.33,15237.96,-16551.09,-224.88
6200000.00,-191576245885.39,-140951433163.10,4776420791.89,14117.36,-16969.67,-272.97
6250000.00,-190864059748.22,-141838095007.73,4759384969.39,14724.47,-18263.62,-387.51
6300000.00,-190100161578.96,-142750786896.70,4739947391.71,15734.24,-18103.47,-378.62
6350000.00,-189299555763.76,-143642259460.54,4722005174.74,16220.04,-17530.16,-337.25
6400000.00,-188484287971.22,-144502476615.85,4706308101.51,16330.55,-16870.21,-290.19
6450000.00,-187673832632.19,-145329379724.21,4692947542.16,15989.29,-16225.52,-246.29
6500000.00,-186898030780.56,-146134615976.03,4680824042.18,14940.17,-16229.44,-259.66
6550000.00,-186160740012.95,-146981869451.79,4664582532.57,14992.71,-17644.38,-386.85
6600000.00,-185381869612.09,-147872209915.36,4644458933.13,16096.35,-17762.83,-401.08
6650000.00,-184560204249.93,-148748641858.83,4625234586.08,16694.38,-17257.36,-365.12
6700000.00,-183718664509.37,-149596136540.57,4608073228.25,16912.26,-16631.85,-320.69
6750000.00,-182874968031.80,-150411331295.55,4593181642.34,16761.82,-15978.11,-275.47
6800000.00,-182052723950.84,-151197468639.31,4580188336.52,15994.99,-15577.24,-254.04
6850000.00,-181278590344.82,-151995554604.19,4565543057.06,15241.91,-16645.63,-355.77
6900000.00,-180492970867.53,-152853352249.65,4545486376.63,16276.79,-17368.99,-421.18
6950000.00,-179657147203.67,-153714773306.65,4524881421.05,17068.27,-17014.54,-397.25
7000000.00,-178793250780.38,-154551492841.58,4506009556.53,17431.32,-16438.70,-356.57
7050000.00,-177919276028.43,-155357751937.12,4489276502.87,17472.34,-15805.74,-312.50
7100000.00,-177053082705.50,-156132496984.13,4474693652.19,17078.68,-15210.07,-273.42
7150000.00,-176223189762.44,-156889581677.39,4460977309.20,16044.89,-15329.85,-297.07
7200000.00,-175426705425.69,-157691379278.26,4442906283.74,16218.21,-16676.62,-418.59
7250000.00,-174588042270.92,-158531645856.08,4421321617.28,17262.14,-16751.43,-429.77
7300000.00,-173708882513.09,-159358049887.68,4400604838.57,17835.17,-16271.03,-396.39
7350000.00,-172810156528.91,-160157092634.14,4381797856.59,18065.26,-15680.84,-355.29
7400000.00,-171907466300.96,-160925579800.45,4365100377.93,17981.89,-15057.06,-312.75
7450000.00,-171020241033.32,-161664587421.66,4350337338.15,17393.68,-14564.70,-283.43
7500000.00,-170177032195.09,-162400670094.78,4335157202.58,16420.91,-15199.38,-350.34
7550000.00,-169344173683.10,-163193596712.54,4314687287.01,17141.67,-16269.16,-446.55
7600000.00,-168462549748.17,-164005289431.82,4292374465.83,18039.31,-16087.76,-437.04
7650000.00,-167547692395.04,-164797369236.87,4271371211.50,18497.30,-15574.24,-401.58
7700000.00,-166617727891.02,-165561585279.68,4252290152.75,18655.94,-14986.62,-361.22
7750000.00,-165687195982.46,-166295669700.42,4235256975.92,18501.58,-14378.81,-320.57
7800000.00,-164776423313.30,-167002362478.07,4219951934.01,17812.61,-13977.17,-299.56
7850000.00,-163910958096.93,-167715696412.86,4203406605.97,16994.37,-14853.78,-386.43
7900000.00,-163043038134.66,-168486327102.28,4181574951.34,17873.29,-15701.99,-463.58
7950000.00,-162126988720.06,-169267110014.55,4158610956.32,18687.73,-15444.15,-448.20
8000000.00,-161181031218.12,-170026869952.72,4137050659.10,19098.39,-14929.08,-413.02
8050000.00,-160221677387.31,-170759067841.63,4117369218.73,19232.98,-14351.86,-373.86
8100000.00,-159262628644.77,-171461750609.51,4099668820.25,19067.09,-13758.09,-334.67
8150000.00,-158323562634.73,-172137810866.81,4083618562.86,18382.85,-13371.87,-315.20
8200000.00,-157429052669.37,-172820669152.48,4066303600.70,17580.28,-14230.52,-400.79
8250000.00,-156532538661.67,-173559768658.59,4043776227.83,18431.81,-15073.24,-477.80
8300000.00,-155588833769.55,-174309512999.34,4020061767.30,19238.19,-14831.36,-463.98
8350000.00,-154615302547.11,-175039013976.77,3997675554.91,19652.44,-14331.49,-430.26
8400000.00,-153627924366.28,-175741721461.94,3977095326.17,19802.64,-13769.92,-392.56
8450000.00,-152639496333.38,-176415636190.04,3958430510.23,19679.60,-13186.78,-354.30
8500000.00,-151667541685.80,-177062330623.30,3941469514.55,19095.60,-12742.10,-329.74
8550000.00,-150737676861.70,-177707218217.10,3923963251.44,18180.48,-13344.35,-394.59
8600000.00,-149818560220.36,-178405655208.49,3901401795.37,18823.53,-14375.02,-488.50
8650000.00,-148853900445.25,-179123808188.30,3876875252.79,19688.80,-14241.29,-483.68
8700000.00,-147856515756.72,-179824719985.04,3853428451.01,20153.56,-13773.73,-452.64
8750000.00,-146842916732.41,-180500071324.12,3831684689.38,20352.37,-13232.94,-416.67
8800000.00,-145825228387.98,-181147541226.14,3811782896.05,20309.69,-12662.76,-379.36
8850000.00,-144817997974.25,-181767043197.69,3793663267.14,19895.96,-12145.41,-348.18
8900000.00,-143845405280.32,-182372124900.92,3776077840.43,18954.19,-12280.89,-374.22
8950000.00,-142903956873.78,-183017559229.93,3754441556.24,19053.50,-13500.95,-486.69
9000000.00,-141926320579.39,-183700542999.57,3729291701.73,20008.46,-13645.79,-505.02
9050000.00,-140910120453.61,-184373668661.68,3704619008.30,20578.92,-13244.33,-479.24
9100000.00,-139873250903.20,-185023296144.32,3681486779.18,20857.14,-12731.58,-445.47
9150000.00,-138828036934.17,-185646246107.29,3660104694.37,20914.09,-12181.36,-409.58
9200000.00,-137786380556.25,-186241333353.33,3640516611.55,20692.52,-11628.14,-374.74
9250000.00,-136767011033.01,-186812670572.41,3622290304.81,19979.78,-11324.26,-363.10
9300000.00,-135790264383.08,-187395340312.22,3602385613.43,19298.92,-12226.75,-452.66
9350000.00,-134807345634.31,-188030928151.45,3577531145.41,20133.68,-12957.46,-520.91
9400000.00,-133780151794.91,-188674795685.53,3551648306.89,20883.82,-12721.68,-508.39
9450000.00,-132724861767.71,-189299589562.60,3526959321.96,21282.67,-12254.41,-478.07
9500000.00,-131655670387.00,-189899391874.17,3503894933.97,21451.35,-11731.48,-444.15
9550000.00,-130583264879.58,-190472328153.78,3482562069.01,21403.89,-11183.03,-409.12
9600000.00,-129520715034.21,-191018248623.19,3462911624.90,21023.24,-10676.59,-379.18
9650000.00,-128490089904.09,-191548254378.39,3443908174.78,20134.23,-10712.60,-397.16
9700000.00,-127493711125.06,-192112343378.86,3421340870.57,20054.17,-11883.08,-506.71
9750000.00,-126467311692.31,-192717561855.70,3394913019.79,20982.76,-12139.42,-534.86
9800000.00,-125401795248.81,-193316641453.34,3368635357.79,21577.61,-11783.14,-513.13
9850000.00,-124314335337.70,-193893946477.89,3343740574.73,21883.48,-11299.24,-482.03
9900000.00,-123216768946.39,-194445976122.58,3320466593.28,21987.32,-10776.79,-448.66
9950000.00,-122119205733.62,-194971329061.19,3298882737.59,21870.76,-10236.74,-414.87
