0.00,147092383252.41,-25144966005.12,23975607.10,4598.41,29227.95,0.02
10.00,147097949165.60,-25115906185.96,23975628.26,7492.25,28725.11,0.03
20.00,147109297005.76,-25087850770.03,23975677.27,16156.49,27220.34,0.07
30.00,147132197073.21,-25061801068.16,23975781.89,30590.82,24714.89,0.14
40.00,147172418925.14,-25038757093.95,23975969.89,50793.99,21210.14,0.24
50.00,147235730252.31,-25019717370.11,23976269.01,76763.44,16707.68,0.36
60.00,147327895309.25,-25005678658.77,23976706.95,108494.79,11209.46,0.52
70.00,147454672901.61,-24997635616.71,23977311.40,145981.44,4717.76,0.70
80.00,147621813936.34,-24996580377.11,23978109.98,189214.14,-2764.66,0.90
90.00,147835058542.92,-25003502059.65,23979130.24,238180.51,-11234.51,1.14
100.00,148100132777.46,-25019386211.43,23980399.66,292864.72,-20687.91,1.40
110.00,148422744924.87,-25045214181.86,23981945.63,353247.01,-31120.35,1.69
120.00,148808581418.21,-25081962435.04,23983795.41,419303.36,-42526.57,2.01
130.00,149263302398.95,-25130601804.25,23985976.13,491005.16,-54900.54,2.36
140.00,149792536946.22,-25192096693.55,23988514.77,568318.87,-68235.44,2.73
150.00,150401878007.65,-25267404232.42,23991438.09,651205.71,-82523.53,3.12
160.00,151096877069.12,-25357473390.00,23994772.69,739621.51,-97756.22,3.55
170.00,151883038605.21,-25463244056.27,23998544.89,833516.40,-113923.94,4.00
180.00,152765814356.10,-25585646097.94,24002780.77,932834.75,-131016.21,4.48
190.00,153750597480.48,-25725598397.76,24007506.13,1037515.03,-149021.55,4.98
200.00,154842716637.14,-25884007885.77,24012746.42,1147489.78,-167927.53,5.51
210.00,156047430050.29,-26061768572.14,24018526.77,1262685.60,-187720.75,6.06
220.00,157369919615.12,-26259760590.65,24024871.93,1383023.25,-208386.86,6.64
230.00,158815285101.12,-26478849262.49,24031806.23,1508417.76,-229910.58,7.24
240.00,160388538509.80,-26719884189.50,24039353.61,1638778.59,-252275.76,7.86
250.00,162094598642.72,-26983698386.02,24047537.52,1774009.93,-275465.39,8.51
260.00,163938285932.75,-27271107457.81,24056380.95,1914010.93,-299461.67,9.18
270.00,165924317588.62,-27582908835.92,24065906.40,2058676.04,-324246.07,9.87
280.00,168057303098.18,-27919881072.79,24076135.83,2207895.44,-349799.37,10.59
290.00,170341740130.70,-28282783206.71,24087090.68,2361555.39,-376101.77,11.32
300.00,172782010872.81,-28672354200.05,24098791.80,2519538.75,-403132.93,12.08
310.00,175382378826.28,-29089312455.33,24111259.51,2681725.37,-430872.09,12.86
320.00,178146986088.81,-29534355412.22,24124513.53,2847992.67,-459298.10,13.65
330.00,181079851132.39,-30008159227.49,24138572.98,3018216.08,-488389.55,14.47
340.00,184184867086.48,-30511378538.55,24153456.38,3192269.56,-518124.83,15.30
350.00,187465800526.63,-31044646310.30,24169181.66,3370026.13,-548482.22,16.15
360.00,190926290762.37,-31608573763.94,24185766.12,3551358.32,-579439.97,17.02
370.00,194569849612.35,-32203750385.27,24203226.46,3736138.69,-610976.37,17.90
380.00,198399861649.04,-32830744009.42,24221578.78,3924240.27,-643069.84,18.80
390.00,202419584890.46,-33490100977.92,24240838.55,4115536.99,-675698.98,19.72
400.00,206632151912.31,-34182346363.46,24261020.68,4309904.10,-708842.66,20.65
410.00,211040571350.60,-34907984257.32,24282139.45,4507218.53,-742480.06,21.59
420.00,215647729761.96,-35667498113.92,24304208.58,4707359.23,-776590.74,22.55
430.00,220456393807.62,-36461351146.66,24327241.21,4910207.51,-811154.66,23.52
440.00,225469212725.24,-37289986769.29,24351249.94,5115647.27,-846152.26,24.50
450.00,230688721052.93,-38153829076.71,24376246.79,5323565.23,-881564.48,25.49
460.00,236117341569.85,-39053283359.48,24402243.28,5533851.17,-917372.77,26.50
470.00,241757388418.31,-39988736646.20,24429250.39,5746398.06,-953559.16,27.52
480.00,247611070373.97,-40960558268.36,24457278.61,5961102.23,-990106.23,28.54
490.00,253680494231.90,-41969100442.38,24486337.95,6177863.39,-1026997.17,29.58
500.00,259967668278.43,-43014698864.01,24516437.94,6396584.81,-1064215.75,30.62
510.00,266474505820.72,-44097673310.53,24547587.67,6617173.28,-1101746.35,31.68
520.00,273202828748.45,-45218328246.57,24579795.78,6839539.16,-1139573.98,32.74
530.00,280154371104.02,-46376953429.92,24613070.50,7063596.40,-1177684.21,33.81
540.00,287330782640.54,-47573824513.84,24647419.68,7289262.46,-1216063.26,34.89
550.00,294733632348.87,-48809203642.99,24682850.75,7516458.33,-1254697.89,35.97
560.00,302364411937.41,-50083340040.41,24719370.80,7745108.45,-1293575.49,37.07
570.00,310224539250.79,-51396470583.23,24756986.56,7975140.65,-1332683.99,38.17
580.00,318315361615.34,-52748820365.37,24795704.43,8206486.03,-1372011.88,39.27
590.00,326638159101.46,-54140603245.62,24835530.48,8439078.96,-1411548.20,40.38
600.00,335194147694.94,-55572022379.83,24876470.48,8672856.90,-1451282.49,41.50
610.00,343984482370.51,-57043270736.21,24918529.92,8907760.33,-1491204.84,42.62
620.00,353010260063.01,-58554531593.12,24961714.00,9143732.67,-1531305.78,43.75
630.00,362272522532.49,-60105979018.69,25006027.67,9380720.13,-1571576.35,44.88
640.00,371772259120.96,-61697778331.97,25051475.63,9618671.65,-1612008.01,46.02
650.00,381510409399.57,-63330086545.62,25098062.33,9857538.73,-1652592.68,47.16
660.00,391487865705.83,-65003052789.90,25145792.02,10097275.37,-1693322.68,48.30
670.00,401705475571.56,-66716818718.23,25194668.72,10337837.94,-1734190.73,49.45
680.00,412164044042.47,-68471518894.56,25244696.25,10579185.08,-1775189.93,50.60
690.00,422864335891.33,-70267281162.76,25295878.24,10821277.59,-1816313.73,51.76
700.00,433807077726.95,-72104226998.64,25348218.14,11064078.32,-1857555.94,52.92
710.00,444992960001.39,-73982471844.73,25401719.23,11307552.09,-1898910.68,54.08
720.00,456422638918.63,-75902125428.75,25456384.62,11551665.57,-1940372.40,55.25
730.00,468096738247.58,-77863292065.91,25512217.28,11796387.19,-1981935.83,56.42
740.00,480015851042.95,-79866070945.86,25569220.03,12041687.07,-2023595.98,57.59
750.00,492180541277.33,-81910556404.83,25627395.54,12287536.93,-2065348.13,58.76
760.00,504591345388.09,-83996838183.50,25686746.37,12533909.96,-2107187.81,59.94
770.00,517248773742.64,-86125001671.25,25747274.92,12780780.81,-2149110.78,61.12
780.00,530153312025.58,-88295128137.39,25808983.52,13028125.45,-2191113.04,62.30
790.00,543305422551.37,-90507294949.98,25871874.35,13275921.15,-2233190.78,63.48
800.00,556705545505.92,-92761575782.71,25935949.52,13524146.39,-2275340.42,64.67
810.00,570354100120.66,-95058040810.68,26001211.00,13772780.76,-2317558.55,65.85
820.00,584251485782.28,-97396756895.31,26067660.70,14021804.96,-2359841.95,67.04
830.00,598398083081.50,-99777787759.15,26135300.43,14271200.69,-2402187.56,68.23
840.00,612794254803.96,-102201194151.10,26204131.91,14520950.64,-2444592.48,69.43
850.00,627440346866.32,-104667034002.39,26274156.78,14771038.37,-2487053.97,70.62
860.00,642336689200.39,-107175362574.02,26345376.60,15021448.34,-2529569.44,71.82
870.00,657483596588.17,-109726232595.96,26417792.89,15272165.78,-2572136.42,73.01
880.00,672881369450.48,-112319694398.58,26491407.06,15523176.72,-2614752.57,74.21
890.00,688530294591.68,-114955796036.90,26566220.47,15774467.91,-2657415.69,75.41
900.00,704430645902.89,-117634583407.83,26642234.44,16026026.75,-2700123.65,76.61
910.00,720582685026.21,-120356100360.88,26719450.19,16277841.34,-2742874.48,77.82
920.00,736986661981.90,-123120388802.84,26797868.93,16529900.34,-2785666.28,79.02
930.00,753642815760.78,-125927488796.55,26877491.78,16782193.01,-2828497.26,80.22
940.00,770551374883.74,-128777438654.23,26958319.83,17034709.15,-2871365.70,81.43
950.00,787712557930.37,-131670275025.67,27040354.12,17287439.07,-2914269.99,82.64
960.00,805126574038.22,-134606032981.55,27123595.65,17540373.57,-2957208.58,83.84
970.00,822793623374.72,-137584746092.16,27208045.36,17793503.91,-3000180.02,85.05
980.00,840713897583.06,-140606446501.82,27293704.18,18046821.77,-3043182.92,86.26
990.00,858887580203.60,-143671164999.23,27380572.96,18300319.27,-3086215.95,87.47
1000.00,877314847072.38,-146778931083.93,27468652.55,18553988.88,-3129277.86,88.68
1010.00,895995866697.74,-149929773029.25,27557943.74,18807823.46,-3172367.45,89.90
1020.00,914930800616.71,-153123717941.77,27648447.31,19061816.20,-3215483.59,91.11
1030.00,934119803731.90,-156360791817.56,27740164.00,19315960.64,-3258625.18,92.32
1040.00,953563024630.45,-159641019595.47,27833094.50,19570250.62,-3301791.20,93.54
1050.00,973260605885.69,-162964425207.49,27927239.50,19824680.26,-3344980.66,94.75
1060.00,993212684342.79,-166331031626.48,28022599.64,20079243.98,-3388192.64,95.97
1070.00,1013419391389.20,-169740860911.36,28119175.56,20333936.45,-3431426.23,97.18
1080.00,1033880853210.67,-173193934249.83,28216967.85,20588752.58,-3474680.59,98.40
1090.00,1054597191033.91,-176690271998.98,28315977.09,20843687.54,-3517954.90,99.62
1100.00,1075568521356.37,-180229893723.65,28416203.83,21098736.71,-3561248.39,100.84
1110.00,1096794956164.12,-183812818232.86,28517648.61,21353895.69,-3604560.33,102.05
1120.00,1118276603138.35,-187439063614.33,28620311.93,21609160.26,-3647890.00,103.27
1130.00,1140013565851.17,-191108647267.18,28724194.30,21864526.41,-3691236.74,104.49
1140.00,1162005943951.38,-194821585933.06,28829296.17,22119990.31,-3734599.91,105.71
1150.00,1184253833340.66,-198577895725.52,28935618.02,22375548.30,-3777978.88,106.93
1160.00,1206757326340.87,-202377592158.05,29043160.28,22631196.87,-3821373.08,108.15
1170.00,1229516511852.75,-206220690170.63,29151923.37,22886932.69,-3864781.94,109.37
1180.00,1252531475506.71,-210107204154.88,29261907.70,23142752.55,-3908204.92,110.59
1190.00,1275802299806.02,-214037147978.10,29373113.67,23398653.40,-3951641.52,111.82
1200.00,1299329064262.84,-218010535005.98,29485541.64,23654632.31,-3995091.24,113.04
1210.00,1323111845527.54,-222027378124.25,29599191.99,23910686.48,-4038553.61,114.26
1220.00,1347150717511.59,-226087689759.23,29714065.07,24166813.24,-4082028.18,115.48
1230.00,1371445751504.46,-230191481897.41,29830161.21,24423010.01,-4125514.53,116.71
1240.00,1395997016284.75,-234338766104.08,29947480.74,24679274.35,-4169012.24,117.93
1250.00,1420804578226.00,-238529553540.97,30066023.99,24935603.88,-4212520.92,119.15
1260.00,1445868501397.37,-242763854983.17,30185791.25,25191996.37,-4256040.18,120.38
1270.00,1471188847659.42,-247041680835.15,30306782.82,25448449.65,-4299569.67,121.60
1280.00,1496765676755.42,-251363041146.01,30428998.98,25704961.65,-4343109.03,122.83
1290.00,1522599046398.25,-255727945624.10,30552440.01,25961530.36,-4386657.94,124.05
1300.00,1548689012353.23,-260136403650.84,30677106.17,26218153.90,-4430216.07,125.28
1310.00,1575035628517.05,-264588424293.98,30802997.72,26474830.43,-4473783.11,126.50
1320.00,1601638946993.03,-269084016320.17,30930114.91,26731558.19,-4517358.78,127.73
1330.00,1628499018162.89,-273623188206.99,31058457.97,26988335.49,-4560942.78,128.96
1340.00,1655615890755.15,-278205948154.46,31188027.15,27245160.72,-4604534.85,130.18
1350.00,1682989611910.51,-282832304095.92,31318822.66,27502032.32,-4648134.72,131.41
1360.00,1710620227244.12,-287502263708.54,31450844.72,27758948.79,-4691742.14,132.63
1370.00,1738507780905.15,-292215834423.23,31584093.54,28015908.70,-4735356.87,133.86
1380.00,1766652315633.52,-296973023434.20,31718569.32,28272910.66,-4778978.69,135.09
1390.00,1795053872814.26,-301773837708.09,31854272.26,28529953.34,-4822607.36,136.32
1400.00,1823712492529.31,-306618283992.57,31991202.56,28787035.48,-4866242.67,137.54
1410.00,1852628213607.10,-311506368824.74,32129360.40,29044155.83,-4909884.41,138.77
1420.00,1881801073669.94,-316438098539.04,32268745.95,29301313.22,-4953532.39,140.00
1430.00,1911231109179.26,-321413479274.83,32409359.38,29558506.50,-4997186.42,141.23
1440.00,1940918355479.00,-326432516983.67,32551200.88,29815734.58,-5040846.30,142.45
1450.00,1970862846837.02,-331495217436.30,32694270.60,30072996.41,-5084511.87,143.68
1460.00,2001064616484.77,-336601586229.22,32838568.70,30330290.96,-5128182.95,144.91
1470.00,2031523696655.28,-341751628791.16,32984095.33,30587617.26,-5171859.38,146.14
1480.00,2062240118619.45,-346945350389.08,33130850.64,30844974.37,-5215540.99,147.37
1490.00,2093213912720.95,-352182756134.06,33278834.78,31102361.36,-5259227.64,148.60
1500.00,2124445108409.49,-357463850986.91,33428047.88,31359777.37,-5302919.18,149.83
1510.00,2155933734272.78,-362788639763.49,33578490.09,31617221.54,-5346615.46,151.06
1520.00,2187679818067.20,-368157127139.87,33730161.53,31874693.07,-5390316.35,152.29
1530.00,2219683386747.11,-373569317657.29,33883062.33,32132191.16,-5434021.72,153.51
1540.00,2251944466493.01,-379025215726.79,34037192.62,32389715.05,-5477731.43,154.74
1550.00,2284463082738.54,-384524825633.86,34192552.52,32647264.01,-5521445.37,155.97
1560.00,2317239260196.37,-390068151542.69,34349142.14,32904837.33,-5565163.41,157.20
1570.00,2350273022883.04,-395655197500.41,34506961.61,33162434.33,-5608885.44,158.43
1580.00,2383564394142.86,-401285967441.05,34666011.03,33420054.35,-5652611.35,159.66
1590.00,2417113396670.72,-406960465189.41,34826290.51,33677696.74,-5696341.03,160.89
1600.00,2450920052534.18,-412678694464.72,34987800.15,33935360.90,-5740074.39,162.12
1610.00,2484984383194.50,-418440658884.24,35150540.06,34193046.22,-5783811.30,163.35
1620.00,2519306409526.95,-424246361966.62,35314510.34,34450752.13,-5827551.69,164.58
1630.00,2553886151840.37,-430095807135.20,35479711.07,34708478.07,-5871295.46,165.82
1640.00,2588723629895.79,-435988997721.14,35646142.37,34966223.50,-5915042.51,167.05
1650.00,2623818862924.51,-441925936966.44,35813804.32,35223987.91,-5958792.76,168.28
1660.00,2659171869645.40,-447906628026.89,35982697.00,35481770.79,-6002546.12,169.51
1670.00,2694782668281.59,-453931073974.82,36152820.51,35739571.64,-6046302.52,170.74
1680.00,2730651276576.42,-459999277801.81,36324174.93,35997390.01,-6090061.86,171.97
1690.00,2766777711808.90,-466111242421.30,36496760.34,36255225.43,-6133824.09,173.20
1700.00,2803161990808.58,-472266970671.05,36670576.82,36513077.45,-6177589.11,174.43
1710.00,2839804129969.73,-478466465315.56,36845624.46,36770945.66,-6221356.86,175.66
1720.00,2876704145265.17,-484709729048.37,37021903.32,37028829.64,-6265127.27,176.89
1730.00,2913862052259.50,-490996764494.28,37199413.47,37286728.98,-6308900.27,178.13
1740.00,2951277866121.79,-497327574211.53,37378155.01,37544643.30,-6352675.80,179.36
1750.00,2988951601637.95,-503702160693.82,37558127.98,37802572.21,-6396453.79,180.59
1760.00,3026883273222.52,-510120526372.31,37739332.47,38060515.36,-6440234.18,181.82
1770.00,3065072894930.03,-516582673617.57,37921768.53,38318472.38,-6484016.91,183.05
1780.00,3103520480466.11,-523088604741.38,38105436.24,38576442.95,-6527801.93,184.28
1790.00,3142226043197.98,-529638321998.54,38290335.65,38834426.71,-6571589.17,185.51
1800.00,3181189596164.75,-536231827588.59,38476466.84,39092423.35,-6615378.58,186.75
1810.00,3220411152087.21,-542869123657.48,38663829.85,39350432.56,-6659170.11,187.98
1820.00,3259890723377.43,-549550212299.11,38852424.76,39608454.02,-6702963.72,189.21
1830.00,3299628322147.86,-556275095556.95,39042251.61,39866487.46,-6746759.34,190.44
1840.00,3339623960220.23,-563043775425.50,39233310.47,40124532.57,-6790556.93,191.67
1850.00,3379877649134.07,-569856253851.69,39425601.38,40382589.08,-6834356.44,192.91
1860.00,3420389400155.00,-576712532736.34,39619124.41,40640656.73,-6878157.84,194.14
1870.00,3461159224282.68,-583612613935.44,39813879.60,40898735.24,-6921961.06,195.37
1880.00,3502187132258.48,-590556499261.47,40009867.00,41156824.37,-6965766.08,196.60
1890.00,3543473134572.96,-597544190484.65,40207086.67,41414923.87,-7009572.85,197.84
1900.00,3585017241473.03,-604575689334.15,40405538.66,41673033.49,-7053381.32,199.07
1910.00,3626819462968.90,-611650997499.25,40605223.01,41931153.01,-7097191.47,200.30
1920.00,3668879808840.78,-618770116630.48,40806139.76,42189282.20,-7141003.25,201.53
1930.00,3711198288645.36,-625933048340.70,41008288.97,42447420.83,-7184816.62,202.76
1940.00,3753774911722.11,-633139794206.14,41211670.68,42705568.70,-7228631.55,204.00
1950.00,3796609687199.28,-640390355767.48,41416284.93,42963725.59,-7272448.01,205.23
1960.00,3839702623999.82,-647684734530.76,41622131.77,43221891.30,-7316265.95,206.46
1970.00,3883053730847.04,-655022931968.38,41829211.23,43480065.64,-7360085.35,207.70
1980.00,3926663016270.07,-662404949520.02,42037523.36,43738248.41,-7403906.17,208.93
1990.00,3970530488609.17,-669830788593.53,42247068.20,43996439.43,-7447728.38,210.16
2000.00,4014656156020.94,-677300450565.76,42457845.78,44254638.52,-7491551.96,211.39
2010.00,4059040026483.16,-684813936783.48,42669856.15,44512845.50,-7535376.87,212.63
2020.00,4103682107799.72,-692371248564.09,42883099.33,44771060.19,-7579203.08,213.86
2030.00,4148582407605.25,-699972387196.47,43097575.38,45029282.44,-7623030.57,215.09
2040.00,4193740933369.58,-707617353941.75,43313284.31,45287512.08,-7666859.30,216.32
2050.00,4239157692402.18,-715306150033.98,43530226.17,45545748.94,-7710689.26,217.56
2060.00,4284832691856.36,-723038776680.89,43748401.00,45803992.89,-7754520.40,218.79
2070.00,4330765938733.37,-730815235064.59,43967808.82,46062243.76,-7798352.72,220.02
2080.00,4376957439886.41,-738635526342.21,44188449.67,46320501.41,-7842186.19,221.26
2090.00,4423407202024.43,-746499651646.57,44410323.58,46578765.70,-7886020.77,222.49
2100.00,4470115231715.91,-754407612086.79,44633430.57,46837036.49,-7929856.45,223.72
2110.00,4517081535392.47,-762359408748.90,44857770.69,47095313.64,-7973693.21,224.96
2120.00,4564306119352.33,-770355042696.47,45083343.96,47353597.03,-8017531.02,226.19
2130.00,4611788989763.79,-778394514971.12,45310150.42,47611886.52,-8061369.86,227.42
2140.00,4659530152668.50,-786477826593.13,45538190.08,47870181.98,-8105209.71,228.66
2150.00,4707529613984.62,-794604978561.96,45767462.98,48128483.31,-8149050.55,229.89
2160.00,4755787379510.00,-802775971856.76,45997969.15,48386790.38,-8192892.36,231.12
2170.00,4804303454925.14,-810990807436.89,46229708.60,48645103.07,-8236735.12,232.36
2180.00,4853077845796.14,-819249486242.43,46462681.38,48903421.27,-8280578.80,233.59
2190.00,4902110557577.48,-827552009194.63,46696887.51,49161744.86,-8324423.41,234.82
2200.00,4951401595614.92,-835898377196.36,46932327.00,49420073.75,-8368268.90,236.06
2210.00,5000950965148.04,-844288591132.63,47168999.89,49678407.83,-8412115.27,237.29
2220.00,5050758671312.81,-852722651870.95,47406906.20,49936747.00,-8455962.50,238.52
2230.00,5100824719144.27,-861200560261.80,47646045.95,50195091.15,-8499810.57,239.76
2240.00,5151149113578.81,-869722317139.03,47886419.17,50453440.18,-8543659.47,240.99
2250.00,5201731859456.69,-878287923320.25,48128025.88,50711794.01,-8587509.18,242.22
2260.00,5252572961524.24,-886897379607.25,48370866.11,50970152.54,-8631359.68,243.46
2270.00,5303672424436.19,-895550686786.33,48614939.87,51228515.68,-8675210.96,244.69
2280.00,5355030252757.77,-904247845628.74,48860247.19,51486883.34,-8719063.00,245.92
2290.00,5406646450966.93,-912988856890.94,49106788.09,51745255.44,-8762915.79,247.16
2300.00,5458521023456.28,-921773721315.04,49354562.58,52003631.88,-8806769.32,248.39
2310.00,5510653974535.17,-930602439629.08,49603570.70,52262012.60,-8850623.57,249.62
2320.00,5563045308431.69,-939475012547.40,49853812.46,52520397.50,-8894478.53,250.86
2330.00,5615695029294.40,-948391440770.89,50105287.87,52778786.51,-8938334.18,252.09
2340.00,5668603141194.33,-957351724987.40,50357996.97,53037179.56,-8982190.51,253.33
2350.00,5721769648126.71,-966355865871.94,50611939.76,53295576.56,-9026047.51,254.56
2360.00,5775194554012.67,-975403864087.06,50867116.28,53553977.45,-9069905.17,255.79
2370.00,5828877862701.03,-984495720283.08,51123526.52,53812382.15,-9113763.47,257.03
2380.00,5882819577969.85,-993631435098.37,51381170.52,54070790.60,-9157622.41,258.26
2390.00,5937019703528.06,-1002811009159.67,51640048.30,54329202.72,-9201481.96,259.49
2400.00,5991478243017.10,-1012034443082.29,51900159.86,54587618.44,-9245342.13,260.73
2410.00,6046195200012.33,-1021301737470.39,52161505.22,54846037.71,-9289202.89,261.96
2420.00,6101170578024.61,-1030612892917.27,52424084.41,55104460.46,-9333064.24,263.20
2430.00,6156404380501.59,-1039967910005.54,52687897.44,55362886.63,-9376926.17,264.43
2440.00,6211896610829.32,-1049366789307.41,52952944.32,55621316.15,-9420788.67,265.66
2450.00,6267647272333.41,-1058809531384.91,53219225.08,55879748.97,-9464651.72,266.90
2460.00,6323656368280.50,-1068296136790.07,53486739.72,56138185.02,-9508515.32,268.13
2470.00,6379923901879.46,-1077826606065.22,53755488.26,56396624.26,-9552379.46,269.36
2480.00,6436449876282.74,-1087400939743.13,54025470.72,56655066.62,-9596244.12,270.60
2490.00,6493234294587.52,-1097019138347.27,54296687.11,56913512.05,-9640109.31,271.83
2500.00,6550277159836.95,-1106681202391.94,54569137.44,57171960.50,-9683975.00,273.07
2510.00,6607578475021.29,-1116387132382.56,54842821.74,57430411.91,-9727841.20,274.30
2520.00,6665138243079.07,-1126136928815.79,55117740.01,57688866.23,-9771707.88,275.53
2530.00,6722956466898.20,-1135930592179.74,55393892.27,57947323.42,-9815575.06,276.77
2540.00,6781033149317.00,-1145768122954.17,55671278.53,58205783.42,-9859442.70,278.00
2550.00,6839368293125.28,-1155649521610.64,55949898.80,58464246.19,-9903310.82,279.24
2560.00,6897961901065.41,-1165574788612.68,56229753.10,58722711.68,-9947179.39,280.47
2570.00,6956813975833.23,-1175543924415.99,56510841.45,58981179.83,-9991048.42,281.70
2580.00,7015924520079.09,-1185556929468.57,56793163.84,59239650.62,-10034917.89,282.94
2590.00,7075293536408.82,-1195613804210.92,57076720.30,59498123.99,-10078787.80,284.17
2600.00,7134921027384.53,-1205714549076.13,57361510.84,59756599.90,-10122658.13,285.41
2610.00,7194806995525.69,-1215859164490.12,57647535.47,60015078.31,-10166528.89,286.64
2620.00,7254951443309.88,-1226047650871.72,57934794.21,60273559.18,-10210400.07,287.88
2630.00,7315354373173.67,-1236280008632.85,58223287.05,60532042.46,-10254271.65,289.11
2640.00,7376015787513.55,-1246556238178.62,58513014.02,60790528.12,-10298143.64,290.34
2650.00,7436935688686.62,-1256876339907.54,58803975.13,61049016.12,-10342016.02,291.58
2660.00,7498114079011.46,-1267240314211.57,59096170.38,61307506.42,-10385888.78,292.81
2670.00,7559550960768.93,-1277648161476.33,59389599.79,61565998.98,-10429761.94,294.05
2680.00,7621246336202.82,-1288099882081.17,59684263.37,61824493.76,-10473635.46,295.28
2690.00,7683200207520.76,-1298595476399.33,59980161.13,62082990.74,-10517509.36,296.51
2700.00,7745412576894.81,-1309134944798.05,60277293.08,62341489.87,-10561383.62,297.75
2710.00,7807883446462.18,-1319718287638.67,60575659.23,62599991.12,-10605258.24,298.98
2720.00,7870612818326.04,-1330345505276.78,60875259.59,62858494.45,-10649133.22,300.22
2730.00,7933600694556.00,-1341016598062.33,61176094.17,63116999.84,-10693008.54,301.45
2740.00,7996847077189.00,-1351731566339.71,61478162.98,63375507.25,-10736884.20,302.69
2750.00,8060351968229.68,-1362490410447.89,61781466.03,63634016.65,-10780760.20,303.92
2760.00,8124115369651.29,-1373293130720.51,62086003.32,63892528.01,-10824636.53,305.15
2770.00,8188137283396.12,-1384139727486.01,62391774.87,64151041.29,-10868513.18,306.39
2780.00,8252417711376.10,-1395030201067.66,62698780.69,64409556.47,-10912390.16,307.62
2790.00,8316956655473.55,-1405964551783.77,63007020.79,64668073.52,-10956267.45,308.86
2800.00,8381754117541.50,-1416942779947.68,63316495.17,64926592.40,-11000145.05,310.09
2810.00,8446810099404.50,-1427964885867.91,63627203.84,65185113.10,-11044022.96,311.33
2820.00,8512124602859.00,-1439030869848.26,63939146.82,65443635.58,-11087901.17,312.56
2830.00,8577697629673.99,-1450140732187.86,64252324.10,65702159.82,-11131779.68,313.79
2840.00,8643529181591.37,-1461294473181.30,64566735.71,65960685.78,-11175658.48,315.03
2850.00,8709619260326.61,-1472492093118.67,64882381.64,66219213.45,-11219537.57,316.26
2860.00,8775967867569.25,-1483733592285.69,65199261.91,66477742.79,-11263416.94,317.50
2870.00,8842575004983.25,-1495018970963.77,65517376.51,66736273.78,-11307296.59,318.73
2880.00,8909440674207.61,-1506348229430.10,65836725.47,66994806.40,-11351176.51,319.97
2890.00,8976564876856.75,-1517721367957.69,66157308.79,67253340.63,-11395056.71,321.20
2900.00,9043947614521.02,-1529138386815.51,66479126.47,67511876.43,-11438937.17,322.43
2910.00,9111588888767.07,-1540599286268.53,66802178.53,67770413.78,-11482817.90,323.67
2920.00,9179488701138.42,-1552104066577.78,67126464.97,68028952.67,-11526698.88,324.90
2930.00,9247647053155.67,-1563652728000.46,67451985.79,68287493.07,-11570580.12,326.14
2940.00,9316063946317.16,-1575245270789.98,67778741.01,68546034.96,-11614461.62,327.37
2950.00,9384739382099.28,-1586881695196.04,68106730.64,68804578.31,-11658343.36,328.61
2960.00,9453673361956.67,-1598562001464.68,68435954.67,69063123.10,-11702225.34,329.84
2970.00,9522865887323.05,-1610286189838.39,68766413.11,69321669.32,-11746107.57,331.08
2980.00,9592316959611.15,-1622054260556.13,69098105.98,69580216.94,-11789990.03,332.31
2990.00,9662026580213.41,-1633866213853.41,69431033.28,69838765.94,-11833872.72,333.54
3000.00,9731994750502.15,-1645722049962.35,69765195.02,70097316.31,-11877755.65,334.78
3010.00,9802221471829.96,-1657621769111.75,70100591.19,70355868.02,-11921638.80,336.01
3020.00,9872706745530.21,-1669565371527.13,70437221.82,70614421.05,-11965522.18,337.25
3030.00,9943450572917.11,-1681552857430.81,70775086.90,70872975.39,-12009405.78,338.48
3040.00,10014452955286.32,-1693584227041.95,71114186.44,71131531.01,-12053289.60,339.72
3050.00,10085713893915.15,-1705659480576.59,71454520.45,71390087.90,-12097173.63,340.95
3060.00,10157233390062.79,-1717778618247.77,71796088.93,71648646.04,-12141057.87,342.19
3070.00,10229011444970.88,-1729941640265.50,72138891.90,71907205.42,-12184942.32,343.42
3080.00,10301048059863.58,-1742148546836.87,72482929.34,72165766.01,-12228826.97,344.65
3090.00,10373343235947.98,-1754399338166.06,72828201.28,72424327.80,-12272711.83,345.89
3100.00,10445896974414.35,-1766694014454.45,73174707.71,72682890.77,-12316596.89,347.12
3110.00,10518709276436.47,-1779032575900.59,73522448.65,72941454.90,-12360482.15,348.36
3120.00,10591780143171.96,-1791415022700.31,73871424.09,73200020.19,-12404367.60,349.59
3130.00,10665109575762.38,-1803841355046.73,74221634.04,73458586.61,-12448253.24,350.83
3140.00,10738697575333.74,-1816311573130.35,74573078.52,73717154.15,-12492139.07,352.06
3150.00,10812544142996.56,-1828825677139.04,74925757.51,73975722.79,-12536025.09,353.30
3160.00,10886649279846.24,-1841383667258.12,75279671.04,74234292.52,-12579911.29,354.53
3170.00,10961012986963.32,-1853985543670.39,75634819.10,74492863.32,-12623797.68,355.76
3180.00,11035635265413.66,-1866631306556.18,75991201.70,74751435.18,-12667684.24,357.00
3190.00,11110516116248.74,-1879320956093.38,76348818.84,75010008.09,-12711570.98,358.23
3200.00,11185655540505.93,-1892054492457.49,76707670.53,75268582.02,-12755457.89,359.47
3210.00,11261053539208.69,-1904831915821.67,77067756.78,75527156.98,-12799344.98,360.70
3220.00,11336710113366.70,-1917653226356.76,77429077.59,75785732.93,-12843232.23,361.94
3230.00,11412625263976.34,-1930518424231.32,77791632.95,76044309.88,-12887119.66,363.17
3240.00,11488798992020.63,-1943427509611.68,78155422.89,76302887.80,-12931007.24,364.41
3250.00,11565231298469.64,-1956380482661.98,78520447.40,76561466.68,-12974895.00,365.64
3260.00,11641922184280.63,-1969377343544.16,78886706.48,76820046.52,-13018782.91,366.88
3270.00,11718871650398.26,-1982418092418.07,79254200.15,77078627.29,-13062670.98,368.11
3280.00,11796079697754.84,-1995502729441.45,79622928.41,77337208.99,-13106559.21,369.34
3290.00,11873546327270.39,-2008631254769.99,79992891.25,77595791.61,-13150447.59,370.58
3300.00,11951271539853.10,-2021803668557.32,80364088.69,77854375.12,-13194336.12,371.81
3310.00,12029255336399.20,-2035019970955.13,80736520.73,78112959.53,-13238224.81,373.05
3320.00,12107497717793.47,-2048280162113.10,81110187.37,78371544.82,-13282113.64,374.28
3330.00,12185998684909.21,-2061584242179.01,81485088.62,78630130.97,-13326002.62,375.52
3340.00,12264758238608.49,-2074932211298.74,81861224.49,78888717.98,-13369891.75,376.75
3350.00,12343776379742.33,-2088324069616.28,82238594.96,79147305.84,-13413781.02,377.99
3360.00,12423053109150.84,-2101759817273.79,82617200.06,79405894.53,-13457670.43,379.22
3370.00,12502588427663.46,-2115239454411.63,82997039.78,79664484.04,-13501559.98,380.46
3380.00,12582382336099.11,-2128762981168.38,83378114.13,79923074.37,-13545449.67,381.69
3390.00,12662434835266.34,-2142330397680.84,83760423.11,80181665.50,-13589339.49,382.93
3400.00,12742745925963.39,-2155941704084.11,84143966.73,80440257.43,-13633229.45,384.16
3410.00,12823315608978.61,-2169596900511.59,84528744.99,80698850.14,-13677119.54,385.39
3420.00,12904143885090.33,-2183295987095.00,84914757.88,80957443.62,-13721009.76,386.63
3430.00,12985230755067.27,-2197038963964.41,85302005.43,81216037.87,-13764900.11,387.86
3440.00,13066576219668.46,-2210825831248.28,85690487.62,81474632.87,-13808790.59,389.10
3450.00,13148180279643.52,-2224656589073.47,86080204.47,81733228.61,-13852681.19,390.33
3460.00,13230042935732.83,-2238531237565.26,86471155.98,81991825.09,-13896571.92,391.57
3470.00,13312164188667.54,-2252449776847.40,86863342.14,82250422.30,-13940462.77,392.80
3480.00,13394544039169.84,-2266412207042.10,87256762.97,82509020.23,-13984353.75,394.04
3490.00,13477182487953.09,-2280418528270.09,87651418.47,82767618.86,-14028244.84,395.27
3500.00,13560079535721.89,-2294468740650.60,88047308.64,83026218.19,-14072136.05,396.51
3510.00,13643235183172.13,-2308562844301.43,88444433.48,83284818.22,-14116027.38,397.74
3520.00,13726649430991.37,-2322700839338.92,88842793.00,83543418.93,-14159918.82,398.98
3530.00,13810322279858.78,-2336882725878.01,89242387.20,83802020.31,-14203810.38,400.21
3540.00,13894253730445.32,-2351108504032.27,89643216.09,84060622.37,-14247702.05,401.45
3550.00,13978443783413.85,-2365378173913.88,90045279.66,84319225.08,-14291593.84,402.68
3560.00,14062892439419.21,-2379691735633.66,90448577.93,84577828.44,-14335485.73,403.91
3570.00,14147599699108.50,-2394049189301.14,90853110.88,84836432.44,-14379377.73,405.15
3580.00,14232565563120.98,-2408450535024.51,91258878.53,85095037.08,-14423269.84,406.38
3590.00,14317790032088.40,-2422895772910.70,91665880.88,85353642.35,-14467162.06,407.62
3600.00,14403273106634.81,-2437384903065.32,92074117.94,85612248.24,-14511054.38,408.85
3610.00,14489014787377.03,-2451917925592.79,92483589.70,85870854.74,-14554946.80,410.09
3620.00,14575015074924.55,-2466494840596.24,92894296.17,86129461.85,-14598839.33,411.32
3630.00,14661273969879.66,-2481115648177.64,93306237.34,86388069.55,-14642731.96,412.56
3640.00,14747791472837.60,-2495780348437.72,93719413.24,86646677.85,-14686624.69,413.79
3650.00,14834567584386.60,-2510488941476.05,94133823.85,86905286.73,-14730517.51,415.03
3660.00,14921602305108.07,-2525241427391.04,94549469.18,87163896.19,-14774410.44,416.26
3670.00,15008895635576.59,-2540037806279.94,94966349.23,87422506.23,-14818303.46,417.50
3680.00,15096447576360.14,-2554878078238.88,95384464.00,87681116.82,-14862196.58,418.73
3690.00,15184258128020.03,-2569762243362.88,95803813.51,87939727.98,-14906089.79,419.97
3700.00,15272327291111.12,-2584690301745.87,96224397.74,88198339.68,-14949983.10,421.20
3710.00,15360655066181.92,-2599662253480.68,96646216.71,88456951.94,-14993876.49,422.44
3720.00,15449241453774.59,-2614678098659.08,97069270.41,88715564.73,-15037769.98,423.67
3730.00,15538086454425.12,-2629737837371.80,97493558.85,88974178.05,-15081663.56,424.91
3740.00,15627190068663.36,-2644841469708.54,97919082.03,89232791.90,-15125557.23,426.14
3750.00,15716552297013.14,-2659988995757.96,98345839.95,89491406.27,-15169450.99,427.37
3760.00,15806173139992.35,-2675180415607.71,98773832.62,89750021.16,-15213344.83,428.61
3770.00,15896052598112.95,-2690415729344.48,99203060.04,90008636.55,-15257238.76,429.84
3780.00,15986190671881.23,-2705694937053.95,99633522.21,90267252.45,-15301132.78,431.08
3790.00,16076587361797.68,-2721018038820.87,100065219.13,90525868.85,-15345026.88,432.31
3800.00,16167242668357.23,-2736385034728.98,100498150.80,90784485.74,-15388921.06,433.55
3810.00,16258156592049.19,-2751795924861.15,100932317.24,91043103.11,-15432815.32,434.78
3820.00,16349329133357.53,-2767250709299.30,101367718.43,91301720.97,-15476709.67,436.02
3830.00,16440760292760.71,-2782749388124.40,101804354.38,91560339.30,-15520604.10,437.25
3840.00,16532450070731.96,-2798291961416.58,102242225.10,91818958.10,-15564498.60,438.49
3850.00,16624398467739.18,-2813878429255.06,102681330.59,92077577.37,-15608393.19,439.72
3860.00,16716605484245.22,-2829508791718.17,103121670.84,92336197.10,-15652287.85,440.96
3870.00,16809071120707.74,-2845183048883.39,103563245.87,92594817.28,-15696182.59,442.19
3880.00,16901795377579.41,-2860901200827.36,104006055.67,92853437.92,-15740077.41,443.43
3890.00,16994778255307.92,-2876663247625.88,104450100.24,93112058.99,-15783972.30,444.66
3900.00,17088019754336.06,-2892469189353.89,104895379.59,93370680.51,-15827867.27,445.90
3910.00,17181519875101.83,-2908319026085.57,105341893.72,93629302.47,-15871762.31,447.13
3920.00,17275278618038.45,-2924212757894.23,105789642.63,93887924.85,-15915657.42,448.37
3930.00,17369295983574.45,-2940150384852.42,106238626.33,94146547.67,-15959552.61,449.60
3940.00,17463571972133.78,-2956131907031.91,106688844.81,94405170.90,-16003447.87,450.84
3950.00,17558106584135.62,-2972157324503.70,107140298.08,94663794.55,-16047343.19,452.07
3960.00,17652899819994.85,-2988226637338.00,107592986.14,94922418.61,-16091238.59,453.30
3970.00,17747951680121.88,-3004339845604.30,108046908.99,95181043.08,-16135134.06,454.54
3980.00,17843262164922.67,-3020496949371.32,108502066.63,95439667.96,-16179029.59,455.77
3990.00,17938831274798.81,-3036697948707.07,108958459.07,95698293.23,-16222925.19,457.01
4000.00,18034659010147.70,-3052942843678.82,109416086.31,95956918.90,-16266820.86,458.24
4010.00,18130745371362.48,-3069231634353.14,109874948.34,96215544.96,-16310716.60,459.48
4020.00,18227090358832.20,-3085564320795.88,110335045.18,96474171.41,-16354612.40,460.71
4030.00,18323693972941.66,-3101940903072.21,110796376.81,96732798.24,-16398508.27,461.95
4040.00,18420556214071.75,-3118361381246.60,111258943.26,96991425.45,-16442404.20,463.18
4050.00,18517677082599.27,-3134825755382.85,111722744.51,97250053.04,-16486300.19,464.42
4060.00,18615056578897.12,-3151334025544.11,112187780.57,97508680.99,-16530196.25,465.65
4070.00,18712694703334.33,-3167886191792.84,112654051.43,97767309.31,-16574092.37,466.89
4080.00,18810591456275.97,-3184482254190.86,113121557.11,98025938.00,-16617988.55,468.12
4090.00,18908746838083.49,-3201122212799.37,113590297.61,98284567.05,-16661884.79,469.36
4100.00,19007160849114.34,-3217806067678.90,114060272.91,98543196.45,-16705781.09,470.59
4110.00,19105833489722.50,-3234533818889.37,114531483.04,98801826.20,-16749677.45,471.83
4120.00,19204764760258.22,-3251305466490.10,115003927.98,99060456.30,-16793573.87,473.06
4130.00,19303954661068.16,-3268121010539.76,115477607.75,99319086.75,-16837470.35,474.30
4140.00,19403403192495.45,-3284980451096.46,115952522.33,99577717.53,-16881366.88,475.53
4150.00,19503110354879.55,-3301883788217.70,116428671.74,99836348.66,-16925263.47,476.77
4160.00,19603076148556.66,-3318831021960.39,116906055.97,100094980.12,-16969160.12,478.00
4170.00,19703300573859.46,-3335822152380.85,117384675.03,100353611.91,-17013056.83,479.24
4180.00,19803783631117.23,-3352857179534.84,117864528.92,100612244.03,-17056953.59,480.47
4190.00,19904525320655.96,-3369936103477.57,118345617.64,100870876.47,-17100850.41,481.71
4200.00,20005525642798.20,-3387058924263.66,118827941.19,101129509.23,-17144747.28,482.94
4210.00,20106784597863.59,-3404225641947.20,119311499.57,101388142.32,-17188644.20,484.18
4220.00,20208302186168.23,-3421436256581.73,119796292.79,101646775.71,-17232541.18,485.41
4230.00,20310078408025.14,-3438690768220.28,120282320.84,101905409.42,-17276438.21,486.64
4240.00,20412113263744.25,-3455989176915.29,120769583.73,102164043.44,-17320335.29,487.88
4250.00,20514406753632.40,-3473331482718.74,121258081.46,102422677.76,-17364232.43,489.11
4260.00,20616958877993.23,-3490717685682.05,121747814.03,102681312.38,-17408129.61,490.35
4270.00,20719769637127.58,-3508147785856.14,122238781.44,102939947.30,-17452026.85,491.58
4280.00,20822839031333.14,-3525621783291.45,122730983.69,103198582.52,-17495924.13,492.82
4290.00,20926167060904.77,-3543139678037.88,123224420.79,103457218.03,-17539821.47,494.05
4300.00,21029753726134.30,-3560701470144.87,123719092.73,103715853.84,-17583718.85,495.29
4310.00,21133599027310.82,-3578307159661.36,124214999.52,103974489.93,-17627616.29,496.52
4320.00,21237702964720.50,-3595956746635.81,124712141.16,104233126.30,-17671513.77,497.76
4330.00,21342065538646.68,-3613650231116.22,125210517.65,104491762.96,-17715411.30,498.99
4340.00,21446686749370.07,-3631387613150.09,125710128.99,104750399.90,-17759308.88,500.23
4350.00,21551566597168.52,-3649168892784.50,126210975.19,105009037.11,-17803206.50,501.46
4360.00,21656705082317.19,-3666994070066.04,126713056.23,105267674.60,-17847104.17,502.70
4370.00,21762102205088.62,-3684863145040.87,127216372.14,105526312.35,-17891001.89,503.93
4380.00,21867757965752.69,-3702776117754.68,127720922.90,105784950.38,-17934899.65,505.17
4390.00,21973672364576.68,-3720732988252.72,128226708.51,106043588.67,-17978797.46,506.40
4400.00,22079845401825.34,-3738733756579.84,128733728.99,106302227.23,-18022695.31,507.64
4410.00,22186277077760.71,-3756778422780.41,129241984.32,106560866.05,-18066593.20,508.87
4420.00,22292967392642.52,-3774866986898.42,129751474.52,106819505.12,-18110491.14,510.11
4430.00,22399916346727.92,-3792999448977.42,130262199.58,107078144.45,-18154389.12,511.34
4440.00,22507123940271.59,-3811175809060.55,130774159.50,107336784.04,-18198287.15,512.58
4450.00,22614590173525.87,-3829396067190.52,131287354.29,107595423.87,-18242185.22,513.81
4460.00,22722315046740.62,-3847660223409.66,131801783.95,107854063.96,-18286083.33,515.05
4470.00,22830298560163.37,-3865968277759.88,132317448.47,108112704.29,-18329981.48,516.28
4480.00,22938540714039.23,-3884320230282.73,132834347.86,108371344.86,-18373879.67,517.52
4490.00,23047041508611.25,-3902716081019.31,133352482.13,108629985.68,-18417777.91,518.75
4500.00,23155800944119.96,-3921155830010.37,133871851.26,108888626.74,-18461676.18,519.99
4510.00,23264819020803.68,-3939639477296.29,134392455.26,109147268.03,-18505574.50,521.22
4520.00,23374095738898.48,-3958167022917.05,134914294.14,109405909.56,-18549472.85,522.46
4530.00,23483631098638.29,-3976738466912.25,135437367.89,109664551.32,-18593371.25,523.69
4540.00,23593425100254.86,-3995353809321.17,135961676.52,109923193.31,-18637269.68,524.93
4550.00,23703477743977.69,-4014013050182.64,136487220.03,110181835.53,-18681168.15,526.16
4560.00,23813789030034.23,-4032716189535.20,137013998.41,110440477.98,-18725066.66,527.40
4570.00,23924358958649.95,-4051463227417.02,137542011.67,110699120.65,-18768965.21,528.63
4580.00,24035187530047.90,-4070254163865.90,138071259.81,110957763.54,-18812863.80,529.86
4590.00,24146274744449.33,-4089088998919.30,138601742.83,111216406.65,-18856762.42,531.10
4600.00,24257620602073.46,-4107967732614.36,139133460.74,111475049.99,-18900661.08,532.33
4610.00,24369225103137.39,-4126890364987.84,139666413.52,111733693.53,-18944559.78,533.57
4620.00,24481088247856.34,-4145856896076.18,140200601.19,111992337.30,-18988458.51,534.80
4630.00,24593210036443.49,-4164867325915.50,140736023.75,112250981.27,-19032357.28,536.04
4640.00,24705590469110.09,-4183921654541.57,141272681.19,112509625.45,-19076256.08,537.27
4650.00,24818229546065.50,-4203019881989.85,141810573.52,112768269.85,-19120154.92,538.51
4660.00,24931127267517.05,-4222162008295.48,142349700.73,113026914.45,-19164053.80,539.74
4670.00,25044283633670.49,-4241348033493.28,142890062.84,113285559.25,-19207952.71,540.98
4680.00,25157698644729.47,-4260577957617.73,143431659.84,113544204.26,-19251851.65,542.21
4690.00,25271372300895.83,-4279851780703.04,143974491.72,113802849.46,-19295750.63,543.45
4700.00,25385304602369.64,-4299169502783.08,144518558.50,114061494.87,-19339649.64,544.68
4710.00,25499495549349.19,-4318531123891.46,145063860.17,114320140.48,-19383548.68,545.92
4720.00,25613945142030.91,-4337936644061.43,145610396.74,114578786.27,-19427447.76,547.15
4730.00,25728653380609.66,-4357386063325.99,146158168.20,114837432.27,-19471346.87,548.39
4740.00,25843620265278.34,-4376879381717.83,146707174.55,115096078.45,-19515246.02,549.62
4750.00,25958845796228.29,-4396416599269.34,147257415.80,115354724.83,-19559145.19,550.86
4760.00,26074329973649.18,-4415997716012.65,147808891.95,115613371.40,-19603044.40,552.09
4770.00,26190072797728.75,-4435622731979.57,148361603.00,115872018.15,-19646943.64,553.33
4780.00,26306074268653.32,-4455291647201.66,148915548.95,116130665.09,-19690842.91,554.56
4790.00,26422334386607.52,-4475004461710.19,149470729.79,116389312.21,-19734742.21,555.80
4800.00,26538853151774.39,-4494761175536.16,150027145.54,116647959.51,-19778641.55,557.03
4810.00,26655630564335.28,-4514561788710.28,150584796.19,116906606.99,-19822540.91,558.27
4820.00,26772666624469.98,-4534406301263.02,151143681.74,117165254.66,-19866440.30,559.50
4830.00,26889961332356.75,-4554294713224.50,151703802.20,117423902.50,-19910339.73,560.74
4840.00,27007514688172.28,-4574227024624.77,152265157.56,117682550.51,-19954239.18,561.97
4850.00,27125326692091.67,-4594203235493.42,152827747.82,117941198.71,-19998138.66,563.21
4860.00,27243397344288.83,-4614223345859.88,153391572.99,118199847.07,-20042038.18,564.44
4870.00,27361726644935.36,-4634287355753.30,153956633.07,118458495.60,-20085937.72,565.68
4880.00,27480314594202.11,-4654395265202.58,154522928.06,118717144.31,-20129837.29,566.91
4890.00,27599161192258.26,-4674547074236.37,155090457.95,118975793.18,-20173736.89,568.15
4900.00,27718266439271.52,-4694742782883.08,155659222.76,119234442.22,-20217636.51,569.38
4910.00,27837630335408.18,-4714982391170.88,156229222.47,119493091.43,-20261536.17,570.62
4920.00,27957252880833.03,-4735265899127.68,156800457.09,119751740.80,-20305435.85,571.85
4930.00,28077134075709.55,-4755593306781.18,157372926.63,120010390.33,-20349335.56,573.09
4940.00,28197273920199.77,-4775964614158.82,157946631.08,120269040.03,-20393235.30,574.32
4950.00,28317672414464.34,-4796379821287.80,158521570.44,120527689.88,-20437135.06,575.56
4960.00,28438329558662.58,-4816838928195.12,159097744.72,120786339.89,-20481034.86,576.79
4970.00,28559245352952.42,-4837341934907.54,159675153.91,121044990.06,-20524934.67,578.03
4980.00,28680419797490.37,-4857888841451.57,160253798.01,121303640.39,-20568834.52,579.26
4990.00,28801852892431.88,-4878479647853.52,160833677.03,121562290.87,-20612734.39,580.50
5000.00,28923544637930.81,-4899114354139.47,161414790.97,121820941.50,-20656634.29,581.73
5010.00,29045495034139.91,-4919792960335.30,161997139.83,122079592.29,-20700534.21,582.97
5020.00,29167704081210.54,-4940515466466.65,162580723.60,122338243.23,-20744434.16,584.20
5030.00,29290171779292.85,-4961281872558.94,163165542.30,122596894.31,-20788334.13,585.44
5040.00,29412898128535.74,-4982092178637.40,163751595.91,122855545.55,-20832234.13,586.67
5050.00,29535883129086.82,-5002946384727.04,164338884.45,123114196.93,-20876134.15,587.91
5060.00,29659126781092.52,-5023844490852.67,164927407.90,123372848.46,-20920034.20,589.14
5070.00,29782629084698.05,-5044786497038.89,165517166.28,123631500.13,-20963934.27,590.38
5080.00,29906390040047.39,-5065772403310.07,166108159.58,123890151.94,-21007834.37,591.61
5090.00,30030409647283.34,-5086802209690.41,166700387.80,124148803.90,-21051734.49,592.85
5100.00,30154687906547.51,-5107875916203.90,167293850.95,124407456.00,-21095634.64,594.08
5110.00,30279224817980.36,-5128993522874.34,167888549.02,124666108.24,-21139534.81,595.31
5120.00,30404020381721.43,-5150155029725.34,168484482.02,124924760.61,-21183435.00,596.55
5130.00,30529074597908.45,-5171360436780.27,169081649.94,125183413.13,-21227335.21,597.78
5140.00,30654387466678.67,-5192609744062.38,169680052.79,125442065.78,-21271235.45,599.02
5150.00,30779958988167.96,-5213902951594.68,170279690.57,125700718.57,-21315135.71,600.25
5160.00,30905789162511.19,-5235240059400.00,170880563.27,125959371.49,-21359036.00,601.49
5170.00,31031877989842.00,-5256621067500.99,171482670.90,126218024.54,-21402936.31,602.72
5180.00,31158225470293.05,-5278045975920.13,172086013.47,126476677.73,-21446836.64,603.96
5190.00,31284831603995.88,-5299514784679.70,172690590.96,126735331.05,-21490736.99,605.19
5200.00,31411696391080.98,-5321027493801.80,173296403.38,126993984.49,-21534637.36,606.43
5210.00,31538819831677.81,-5342584103308.32,173903450.73,127252638.07,-21578537.76,607.66
5220.00,31666201925914.75,-5364184613221.09,174511733.02,127511291.77,-21622438.17,608.90
5230.00,31793842673919.08,-5385829023561.66,175121250.24,127769945.60,-21666338.61,610.13
5240.00,31921742075817.20,-5407517334351.41,175732002.39,128028599.56,-21710239.07,611.37
5250.00,32049900131734.41,-5429249545611.58,176343989.47,128287253.64,-21754139.55,612.60
5260.00,32178316841795.07,-5451025657363.24,176957211.49,128545907.85,-21798040.05,613.84
5270.00,32306992206122.44,-5472845669627.29,177571668.44,128804562.17,-21841940.58,615.07
5280.00,32435926224838.95,-5494709582424.43,178187360.33,129063216.62,-21885841.12,616.31
5290.00,32565118898065.93,-5516617395775.24,178804287.15,129321871.20,-21929741.68,617.54
5300.00,32694570225923.84,-5538569109700.11,179422448.91,129580525.89,-21973642.27,618.78
5310.00,32824280208532.10,-5560564724219.30,180041845.60,129839180.70,-22017542.87,620.01
5320.00,32954248846009.25,-5582604239352.88,180662477.24,130097835.62,-22061443.50,621.25
5330.00,33084476138472.86,-5604687655120.76,181284343.81,130356490.67,-22105344.14,622.48
5340.00,33214962086039.61,-5626814971542.72,181907445.32,130615145.83,-22149244.81,623.72
5350.00,33345706688825.28,-5648986188638.35,182531781.77,130873801.11,-22193145.49,624.95
5360.00,33476709946944.62,-5671201306427.12,183157353.16,131132456.50,-22237046.19,626.19
5370.00,33607971860511.61,-5693460324928.33,183784159.49,131391112.00,-22280946.91,627.42
5380.00,33739492429639.34,-5715763244161.14,184412200.76,131649767.62,-22324847.65,628.66
5390.00,33871271654439.94,-5738110064144.55,185041476.97,131908423.35,-22368748.41,629.89
5400.00,34003309535024.73,-5760500784897.42,185671988.12,132167079.19,-22412649.19,631.13
5410.00,34135606071504.15,-5782935406438.45,186303734.22,132425735.14,-22456549.99,632.36
5420.00,34268161263987.77,-5805413928786.22,186936715.26,132684391.19,-22500450.81,633.60
5430.00,34400975112584.33,-5827936351959.14,187570931.24,132943047.36,-22544351.64,634.83
5440.00,34534047617401.59,-5850502675975.49,188206382.17,133201703.64,-22588252.49,636.07
5450.00,34667378778546.85,-5873112900853.45,188843068.04,133460360.02,-22632153.36,637.30
5460.00,34800968596126.26,-5895767026610.96,189480988.85,133719016.50,-22676054.25,638.54
5470.00,34934817070245.22,-5918465053265.89,190120144.61,133977673.10,-22719955.16,639.77
5480.00,35068924201008.37,-5941206980835.99,190760535.32,134236329.79,-22763856.08,641.01
5490.00,35203289988519.52,-5963992809338.84,191402160.98,134494986.59,-22807757.02,642.24
5500.00,35337914432881.71,-5986822538791.89,192045021.58,134753643.49,-22851657.98,643.48
5510.00,35472797534197.14,-6009696169212.47,192689117.12,135012300.50,-22895558.96,644.71
5520.00,35607939292567.31,-6032613700617.77,193334447.62,135270957.60,-22939459.95,645.95
5530.00,35743339708092.95,-6055575133024.86,193981013.06,135529614.81,-22983360.96,647.18
5540.00,35878998780873.93,-6078580466450.66,194628813.46,135788272.11,-23027261.99,648.42
5550.00,36014916511009.51,-6101629700912.00,195277848.80,136046929.52,-23071163.03,649.65
5560.00,36151092898598.05,-6124722836425.51,195928119.09,136305587.02,-23115064.09,650.89
5570.00,36287527943737.29,-6147859873007.77,196579624.33,136564244.62,-23158965.17,652.12
5580.00,36424221646524.21,-6171040810675.21,197232364.53,136822902.31,-23202866.26,653.36
5590.00,36561174007054.90,-6194265649444.13,197886339.67,137081560.11,-23246767.37,654.59
5600.00,36698385025425.04,-6217534389330.71,198541549.77,137340217.99,-23290668.50,655.83
5610.00,36835854701729.35,-6240847030351.02,199197994.81,137598875.97,-23334569.64,657.06
5620.00,36973583036061.92,-6264203572521.00,199855674.82,137857534.05,-23378470.80,658.30
5630.00,37111570028516.06,-6287604015856.46,200514589.77,138116192.22,-23422371.97,659.53
5640.00,37249815679184.68,-6311048360373.13,201174739.68,138374850.48,-23466273.16,660.77
5650.00,37388319988159.66,-6334536606086.58,201836124.54,138633508.83,-23510174.37,662.00
5660.00,37527082955532.30,-6358068753012.29,202498744.35,138892167.27,-23554075.59,663.24
5670.00,37666104581393.32,-6381644801165.62,203162599.12,139150825.81,-23597976.82,664.47
5680.00,37805384865832.64,-6405264750561.83,203827688.85,139409484.43,-23641878.07,665.71
5690.00,37944923808939.65,-6428928601216.03,204494013.53,139668143.14,-23685779.34,666.94
5700.00,38084721410803.02,-6452636353143.26,205161573.17,139926801.94,-23729680.62,668.18
5710.00,38224777671510.52,-6476388006358.43,205830367.76,140185460.83,-23773581.91,669.41
5720.00,38365092591149.87,-6500183560876.34,206500397.31,140444119.80,-23817483.22,670.65
5730.00,38505666169807.65,-6524023016711.69,207171661.82,140702778.87,-23861384.55,671.88
5740.00,38646498407569.98,-6547906373879.06,207844161.28,140961438.01,-23905285.89,673.12
5750.00,38787589304522.33,-6571833632392.95,208517895.71,141220097.25,-23949187.24,674.35
5760.00,38928938860749.54,-6595804792267.82,209192865.09,141478756.56,-23993088.61,675.59
5770.00,39070547076335.81,-6619819853517.75,209869069.43,141737415.96,-24036989.99,676.82
5780.00,39212413951364.80,-6643878816157.02,210546508.73,141996075.45,-24080891.39,678.06
5790.00,39354539485919.53,-6667981680199.69,211225182.99,142254735.02,-24124792.80,679.29
5800.00,39496923680082.46,-6692128445659.72,211905092.21,142513394.66,-24168694.22,680.53
5810.00,39639566533935.39,-6716319112550.98,212586236.39,142772054.40,-24212595.66,681.76
5820.00,39782468047559.55,-6740553680887.23,213268615.53,143030714.21,-24256497.11,683.00
5830.00,39925628221035.62,-6764832150682.14,213952229.63,143289374.10,-24300398.58,684.23
5840.00,40069047054443.65,-6789154521949.29,214637078.70,143548034.07,-24344300.06,685.47
5850.00,40212724547863.16,-6813520794702.15,215323162.72,143806694.12,-24388201.55,686.70
5860.00,40356660701373.52,-6837930968954.09,216010481.71,144065354.25,-24432103.06,687.94
5870.00,40500855515052.22,-6862385044718.38,216699035.66,144324014.46,-24476004.57,689.17
5880.00,40645308988977.54,-6886883022008.22,217388824.58,144582674.74,-24519906.11,690.41
5890.00,40790021123226.74,-6911424900836.69,218079848.45,144841335.11,-24563807.65,691.64
5900.00,40934991917876.52,-6936010681216.82,218772107.30,145099995.55,-24607709.21,692.88
5910.00,41080221373003.09,-6960640363161.48,219465601.10,145358656.06,-24651610.78,694.11
5920.00,41225709488682.06,-6985313946683.52,220160329.87,145617316.65,-24695512.36,695.35
5930.00,41371456264988.57,-7010031431795.64,220856293.61,145875977.31,-24739413.96,696.58
5940.00,41517461701997.11,-7034792818510.48,221553492.31,146134638.05,-24783315.57,697.82
5950.00,41663725799781.79,-7059598106840.60,222251925.98,146393298.87,-24827217.19,699.05
5960.00,41810248558416.17,-7084447296798.46,222951594.61,146651959.75,-24871118.83,700.29
5970.00,41957029977973.20,-7109340388396.41,223652498.21,146910620.71,-24915020.47,701.52
5980.00,42104070058525.47,-7134277381646.77,224354636.77,147169281.74,-24958922.13,702.76
5990.00,42251368800144.92,-7159258276561.72,225058010.31,147427942.85,-25002823.80,703.99
6000.00,42398926202903.07,-7184283073153.38,225762618.81,147686604.02,-25046725.48,705.23
6010.00,42546742266870.95,-7209351771433.77,226468462.27,147945265.27,-25090627.18,706.46
6020.00,42694816992118.99,-7234464371414.87,227175540.71,148203926.58,-25134528.88,707.70
6030.00,42843150378717.23,-7259620873108.51,227883854.11,148462587.97,-25178430.60,708.93
6040.00,42991742426735.30,-7284821276526.51,228593402.49,148721249.42,-25222332.33,710.17
6050.00,43140593136242.16,-7310065581680.54,229304185.83,148979910.94,-25266234.08,711.40
6060.00,43289702507306.40,-7335353788582.23,230016204.14,149238572.53,-25310135.83,712.64
6070.00,43439070539996.13,-7360685897243.12,230729457.42,149497234.19,-25354037.59,713.87
6080.00,43588697234378.99,-7386061907674.67,231443945.67,149755895.92,-25397939.37,715.11
6090.00,43738582590522.16,-7411481819888.28,232159668.90,150014557.71,-25441841.16,716.34
6100.00,43888726608492.31,-7436945633895.24,232876627.09,150273219.57,-25485742.96,717.58
6110.00,44039129288355.80,-7462453349706.78,233594820.25,150531881.50,-25529644.77,718.81
6120.00,44189790630178.36,-7488004967334.06,234314248.39,150790543.49,-25573546.59,720.05
6130.00,44340710634025.35,-7513600486788.14,235034911.49,151049205.55,-25617448.42,721.28
6140.00,44491889299961.77,-7539239908080.03,235756809.57,151307867.67,-25661350.26,722.51
6150.00,44643326628052.02,-7564923231220.64,236479942.62,151566529.86,-25705252.12,723.75
6160.00,44795022618360.09,-7590650456220.86,237204310.64,151825192.11,-25749153.98,724.98
6170.00,44946977270949.65,-7616421583091.44,237929913.64,152083854.42,-25793055.86,726.22
6180.00,45099190585883.84,-7642236611843.09,238656751.61,152342516.80,-25836957.74,727.45
6190.00,45251662563225.45,-7668095542486.44,239384824.55,152601179.23,-25880859.64,728.69
6200.00,45404393203036.88,-7693998375032.05,240114132.47,152859841.74,-25924761.55,729.92
6210.00,45557382505379.84,-7719945109490.43,240844675.36,153118504.30,-25968663.47,731.16
6220.00,45710630470315.91,-7745935745871.98,241576453.22,153377166.92,-26012565.40,732.39
6230.00,45864137097906.18,-7771970284187.06,242309466.06,153635829.61,-26056467.33,733.63
6240.00,46017902388211.29,-7798048724445.94,243043713.88,153894492.35,-26100369.28,734.86
6250.00,46171926341291.54,-7824171066658.85,243779196.67,154153155.16,-26144271.24,736.10
6260.00,46326208957206.80,-7850337310835.92,244515914.43,154411818.02,-26188173.21,737.33
6270.00,46480750236016.59,-7876547456987.23,245253867.17,154670480.95,-26232075.19,738.57
6280.00,46635550177779.84,-7902801505122.80,245993054.89,154929143.93,-26275977.18,739.80
6290.00,46790608782555.29,-7929099455252.57,246733477.58,155187806.97,-26319879.18,741.04
6300.00,46945926050401.17,-7955441307386.41,247475135.25,155446470.07,-26363781.19,742.27
6310.00,47101501981375.49,-7981827061534.13,248218027.90,155705133.23,-26407683.21,743.51
6320.00,47257336575535.74,-8008256717705.50,248962155.52,155963796.44,-26451585.24,744.74
6330.00,47413429832939.01,-8034730275910.19,249707518.12,156222459.71,-26495487.27,745.98
6340.00,47569781753642.09,-8061247736157.82,250454115.70,156481123.04,-26539389.32,747.21
6350.00,47726392337701.42,-8087809098457.95,251201948.26,156739786.42,-26583291.38,748.45
6360.00,47883261585172.98,-8114414362820.06,251951015.80,156998449.86,-26627193.45,749.68
6370.00,48040389496112.45,-8141063529253.61,252701318.31,157257113.36,-26671095.52,750.92
6380.00,48197776070575.16,-8167756597767.95,253452855.80,157515776.91,-26714997.61,752.15
6390.00,48355421308615.98,-8194493568372.39,254205628.27,157774440.52,-26758899.70,753.39
6400.00,48513325210289.49,-8221274441076.18,254959635.72,158033104.18,-26802801.81,754.62
6410.00,48671487775649.88,-8248099215888.51,255714878.15,158291767.89,-26846703.92,755.86
6420.00,48829909004751.06,-8274967892818.52,256471355.56,158550431.66,-26890606.04,757.09
6430.00,48988588897646.55,-8301880471875.26,257229067.95,158809095.48,-26934508.17,758.33
6440.00,49147527454389.52,-8328836953067.76,257988015.33,159067759.35,-26978410.31,759.56
6450.00,49306724675032.80,-8355837336404.96,258748197.68,159326423.28,-27022312.46,760.80
6460.00,49466180559628.82,-8382881621895.77,259509615.01,159585087.26,-27066214.62,762.03
6470.00,49625895108229.67,-8409969809549.01,260272267.32,159843751.29,-27110116.79,763.27
6480.00,49785868320887.25,-8437101899373.47,261036154.62,160102415.37,-27154018.96,764.50
6490.00,49946100197653.34,-8464277891377.88,261801276.89,160361079.51,-27197921.15,765.74
6500.00,50106590738578.70,-8491497785570.89,262567634.15,160619743.69,-27241823.34,766.97
6510.00,50267339943714.29,-8518761581961.14,263335226.39,160878407.93,-27285725.54,768.21
6520.00,50428347813110.61,-8546069280557.17,264104053.61,161137072.21,-27329627.75,769.44
6530.00,50589614346817.78,-8573420881367.49,264874115.82,161395736.55,-27373529.97,770.68
6540.00,50751139544885.67,-8600816384400.55,265645413.00,161654400.93,-27417432.20,771.91
6550.00,50912923407363.86,-8628255789664.74,266417945.17,161913065.37,-27461334.43,773.15
6560.00,51074965934301.56,-8655739097168.40,267191712.33,162171729.85,-27505236.68,774.38
6570.00,51237267125747.69,-8683266306919.84,267966714.47,162430394.38,-27549138.93,775.62
6580.00,51399826981750.80,-8710837418927.28,268742951.59,162689058.97,-27593041.19,776.85
6590.00,51562645502359.26,-8738452433198.91,269520423.69,162947723.59,-27636943.46,778.09
6600.00,51725722687621.02,-8766111349742.86,270299130.78,163206388.27,-27680845.73,779.32
6610.00,51889058537583.78,-8793814168567.21,271079072.85,163465053.00,-27724748.02,780.56
6620.00,52052653052295.00,-8821560889680.00,271860249.91,163723717.77,-27768650.31,781.79
6630.00,52216506231801.67,-8849351513089.22,272642661.95,163982382.59,-27812552.61,783.03
6640.00,52380618076150.62,-8877186038802.78,273426308.98,164241047.45,-27856454.92,784.26
6650.00,52544988585388.27,-8905064466828.58,274211191.00,164499712.37,-27900357.23,785.50
6660.00,52709617759560.95,-8932986797174.42,274997307.99,164758377.32,-27944259.56,786.73
6670.00,52874505598714.55,-8960953029848.10,275784659.98,165017042.33,-27988161.89,787.97
6680.00,53039652102894.68,-8988963164857.32,276573246.95,165275707.38,-28032064.23,789.20
6690.00,53205057272146.73,-9017017202209.80,277363068.91,165534372.47,-28075966.58,790.44
6700.00,53370721106515.77,-9045115141913.26,278154125.85,165793037.61,-28119868.93,791.67
6710.00,53536643606046.63,-9073256983975.21,278946417.78,166051702.79,-28163771.29,792.91
6720.00,53702824770783.74,-9101442728403.21,279739944.70,166310368.02,-28207673.66,794.14
6730.00,53869264600771.39,-9129672375204.74,280534706.60,166569033.29,-28251576.04,795.38
6740.00,54035963096053.50,-9157945924387.27,281330703.49,166827698.61,-28295478.42,796.61
6750.00,54202920256673.82,-9186263375958.20,282127935.37,167086363.97,-28339380.82,797.85
6760.00,54370136082675.75,-9214624729924.88,282926402.23,167345029.37,-28383283.22,799.08
6770.00,54537610574102.45,-9243029986294.64,283726104.09,167603694.82,-28427185.62,800.32
6780.00,54705343730996.83,-9271479145074.74,284527040.93,167862360.31,-28471088.04,801.55
6790.00,54873335553401.50,-9299972206272.42,285329212.76,168121025.84,-28514990.46,802.79
6800.00,55041586041358.83,-9328509169894.84,286132619.58,168379691.41,-28558892.89,804.02
6810.00,55210095194911.07,-9357090035949.16,286937261.38,168638357.03,-28602795.32,805.26
6820.00,55378863014099.84,-9385714804442.45,287743138.18,168897022.69,-28646697.76,806.49
6830.00,55547889498966.82,-9414383475381.77,288550249.97,169155688.39,-28690600.21,807.73
6840.00,55717174649553.41,-9443096048774.13,289358596.74,169414354.13,-28734502.67,808.96
6850.00,55886718465900.66,-9471852524626.51,290168178.50,169673019.91,-28778405.13,810.20
6860.00,56056520948049.45,-9500652902945.81,290978995.26,169931685.73,-28822307.60,811.43
6870.00,56226582096040.38,-9529497183738.92,291791047.00,170190351.59,-28866210.08,812.67
6880.00,56396901909913.76,-9558385367012.68,292604333.73,170449017.50,-28910112.57,813.90
6890.00,56567480389709.79,-9587317452773.89,293418855.46,170707683.44,-28954015.06,815.14
6900.00,56738317535468.28,-9616293441029.30,294234612.17,170966349.42,-28997917.55,816.37
6910.00,56909413347228.73,-9645313331785.64,295051603.88,171225015.44,-29041820.06,817.61
6920.00,57080767825030.80,-9674377125049.59,295869830.57,171483681.50,-29085722.57,818.84
6930.00,57252380968913.50,-9703484820827.77,296689292.26,171742347.60,-29129625.09,820.08
6940.00,57424252778915.79,-9732636419126.79,297509988.93,172001013.74,-29173527.61,821.31
6950.00,57596383255076.25,-9761831919953.19,298331920.60,172259679.92,-29217430.14,822.55
6960.00,57768772397433.45,-9791071323313.50,299155087.26,172518346.14,-29261332.68,823.78
6970.00,57941420206025.59,-9820354629214.21,299979488.92,172777012.39,-29305235.22,825.02
6980.00,58114326680890.61,-9849681837661.75,300805125.56,173035678.68,-29349137.77,826.25
6990.00,58287491822066.39,-9879052948662.51,301631997.20,173294345.01,-29393040.33,827.49
7000.00,58460915629590.45,-9908467962222.85,302460103.82,173553011.38,-29436942.89,828.72
7010.00,58634598103500.05,-9937926878349.13,303289445.44,173811677.78,-29480845.46,829.96
7020.00,58808539243832.35,-9967429697047.62,304120022.06,174070344.22,-29524748.04,831.19
7030.00,58982739050624.26,-9996976418324.57,304951833.66,174329010.70,-29568650.62,832.43
7040.00,59157197523912.38,-10026567042186.19,305784880.26,174587677.22,-29612553.20,833.66
7050.00,59331914663733.19,-10056201568638.69,306619161.86,174846343.77,-29656455.80,834.90
7060.00,59506890470122.94,-10085879997688.17,307454678.44,175105010.35,-29700358.40,836.13
7070.00,59682124943117.63,-10115602329340.78,308291430.02,175363676.98,-29744261.00,837.37
7080.00,59857618082752.91,-10145368563602.55,309129416.59,175622343.63,-29788163.62,838.60
7090.00,60033369889064.80,-10175178700479.53,309968638.16,175881010.33,-29832066.24,839.84
7100.00,60209380362088.42,-10205032739977.76,310809094.72,176139677.06,-29875968.86,841.07
7110.00,60385649501859.01,-10234930682103.12,311650786.27,176398343.82,-29919871.49,842.31
7120.00,60562177308411.56,-10264872526861.59,312493712.82,176657010.62,-29963774.13,843.54
7130.00,60738963781780.82,-10294858274259.07,313337874.37,176915677.46,-30007676.77,844.78
7140.00,60916008922001.34,-10324887924301.40,314183270.91,177174344.32,-30051579.42,846.01
7150.00,61093312729107.53,-10354961476994.42,315029902.44,177433011.23,-30095482.07,847.25
7160.00,61270875203133.59,-10385078932343.92,315877768.97,177691678.16,-30139384.73,848.48
7170.00,61448696344113.48,-10415240290355.65,316726870.49,177950345.13,-30183287.39,849.72
7180.00,61626776152080.95,-10445445551035.38,317577207.01,178209012.14,-30227190.06,850.95
7190.00,61805114627069.67,-10475694714388.75,318428778.52,178467679.18,-30271092.74,852.19
7200.00,61983711769112.98,-10505987780421.43,319281585.03,178726346.25,-30314995.42,853.42
7210.00,62162567578244.12,-10536324749139.06,320135626.54,178985013.35,-30358898.11,854.66
7220.00,62341682054496.05,-10566705620547.24,320990903.04,179243680.49,-30402800.80,855.89
7230.00,62521055197901.56,-10597130394651.51,321847414.54,179502347.66,-30446703.50,857.13
7240.00,62700687008493.32,-10627599071457.43,322705161.03,179761014.86,-30490606.21,858.36
7250.00,62880577486303.84,-10658111650970.47,323564142.52,180019682.10,-30534508.92,859.60
7260.00,63060726631365.34,-10688668133196.14,324424359.01,180278349.36,-30578411.63,860.83
7270.00,63241134443709.87,-10719268518139.84,325285810.49,180537016.66,-30622314.35,862.07
7280.00,63421800923369.35,-10749912805806.99,326148496.97,180795683.99,-30666217.08,863.30
7290.00,63602726070375.48,-10780600996202.97,327012418.45,181054351.36,-30710119.81,864.54
7300.00,63783909884759.76,-10811333089333.13,327877574.92,181313018.75,-30754022.55,865.77
7310.00,63965352366553.55,-10842109085202.76,328743966.39,181571686.18,-30797925.29,867.01
7320.00,64147053515788.08,-10872928983817.15,329611592.86,181830353.63,-30841828.04,868.24
7330.00,64329013332494.30,-10903792785181.57,330480454.33,182089021.12,-30885730.79,869.48
7340.00,64511231816703.06,-10934700489301.23,331350550.79,182347688.64,-30929633.55,870.71
7350.00,64693708968444.99,-10965652096181.34,332221882.26,182606356.18,-30973536.31,871.95
7360.00,64876444787750.59,-10996647605827.05,333094448.72,182865023.76,-31017439.08,873.18
7370.00,65059439274650.13,-11027687018243.51,333968250.18,183123691.37,-31061341.85,874.42
7380.00,65242692429173.77,-11058770333435.81,334843286.63,183382359.01,-31105244.63,875.65
7390.00,65426204251351.46,-11089897551409.05,335719558.09,183641026.68,-31149147.41,876.89
7400.00,65609974741213.05,-11121068672168.28,336597064.54,183899694.38,-31193050.20,878.12
7410.00,65794003898788.11,-11152283695718.51,337475806.00,184158362.11,-31236953.00,879.36
7420.00,65978291724106.12,-11183542622064.73,338355782.45,184417029.87,-31280855.79,880.59
7430.00,66162838217196.39,-11214845451211.92,339236993.90,184675697.65,-31324758.60,881.83
7440.00,66347643378088.04,-11246192183165.02,340119440.35,184934365.47,-31368661.41,883.06
7450.00,66532707206810.07,-11277582817928.94,341003121.80,185193033.31,-31412564.22,884.30
7460.00,66718029703391.26,-11309017355508.56,341888038.25,185451701.19,-31456467.04,885.53
7470.00,66903610867860.28,-11340495795908.73,342774189.70,185710369.09,-31500369.86,886.77
7480.00,67089450700245.66,-11372018139134.30,343661576.14,185969037.02,-31544272.69,888.00
7490.00,67275549200575.92,-11403584385190.08,344550197.59,186227704.98,-31588175.52,889.24
7500.00,67461906368878.73,-11435194534080.80,345440054.04,186486372.96,-31632078.36,890.47
7510.00,67648522205182.48,-11466848585811.25,346331145.49,186745040.98,-31675981.20,891.71
7520.00,67835396709514.95,-11498546540386.14,347223471.94,187003709.02,-31719884.05,892.94
7530.00,68022529881903.85,-11530288397810.17,348117033.39,187262377.09,-31763786.90,894.18
7540.00,68209921722376.77,-11562074158088.01,349011829.84,187521045.19,-31807689.75,895.41
7550.00,68397572230961.15,-11593903821224.32,349907861.29,187779713.32,-31851592.62,896.65
7560.00,68585481407684.20,-11625777387223.71,350805127.74,188038381.47,-31895495.48,897.88
7570.00,68773649252573.06,-11657694856090.78,351703629.19,188297049.65,-31939398.35,899.12
7580.00,68962075765654.71,-11689656227830.10,352603365.64,188555717.85,-31983301.23,900.35
7590.00,69150760946955.93,-11721661502446.21,353504337.10,188814386.09,-32027204.10,901.59
7600.00,69339704796503.41,-11753710679943.64,354406543.55,189073054.35,-32071106.99,902.82
7610.00,69528907314323.71,-11785803760326.89,355309985.01,189331722.63,-32115009.88,904.06
7620.00,69718368500443.23,-11817940743600.42,356214661.47,189590390.94,-32158912.77,905.29
7630.00,69908088354888.11,-11850121629768.69,357120572.93,189849059.28,-32202815.67,906.53
7640.00,70098066877684.52,-11882346418836.11,358027719.39,190107727.65,-32246718.57,907.76
7650.00,70288304068858.40,-11914615110807.09,358936100.86,190366396.04,-32290621.47,909.00
7660.00,70478799928435.55,-11946927705686.01,359845717.32,190625064.45,-32334524.38,910.23
7670.00,70669554456441.64,-11979284203477.22,360756568.79,190883732.89,-32378427.30,911.47
7680.00,70860567652902.20,-12011684604185.04,361668655.26,191142401.36,-32422330.22,912.70
7690.00,71051839517842.66,-12044128907813.79,362581976.73,191401069.85,-32466233.14,913.94
7700.00,71243370051288.23,-12076617114367.73,363496533.21,191659738.37,-32510136.07,915.17
7710.00,71435159253264.08,-12109149223851.13,364412324.69,191918406.92,-32554039.00,916.41
7720.00,71627207123795.22,-12141725236268.24,365329351.17,192177075.48,-32597941.93,917.64
7730.00,71819513662906.47,-12174345151623.25,366247612.65,192435744.08,-32641844.87,918.88
7740.00,72012078870622.58,-12207008969920.37,367167109.14,192694412.69,-32685747.82,920.11
7750.00,72204902746968.12,-12239716691163.77,368087840.63,192953081.33,-32729650.77,921.35
7760.00,72397985291967.59,-12272468315357.59,369009807.12,193211750.00,-32773553.72,922.58
7770.00,72591326505645.34,-12305263842505.95,369933008.62,193470418.69,-32817456.68,923.82
7780.00,72784926388025.52,-12338103272612.95,370857445.12,193729087.41,-32861359.64,925.05
7790.00,72978784939132.12,-12370986605682.68,371783116.62,193987756.14,-32905262.60,926.29
7800.00,73172902158989.22,-12403913841719.21,372710023.13,194246424.91,-32949165.57,927.52
7810.00,73367278047620.61,-12436884980726.55,373638164.64,194505093.69,-32993068.54,928.76
7820.00,73561912605050.02,-12469900022708.74,374567541.16,194763762.50,-33036971.52,929.99
7830.00,73756805831300.95,-12502958967669.78,375498152.68,195022431.34,-33080874.50,931.23
7840.00,73951957726396.88,-12536061815613.61,376429999.20,195281100.19,-33124777.49,932.46
7850.00,74147368290361.09,-12569208566544.21,377363080.73,195539769.07,-33168680.47,933.70
7860.00,74343037523216.81,-12602399220465.54,378297397.26,195798437.97,-33212583.47,934.93
7870.00,74538965424987.08,-12635633777381.46,379232948.80,196057106.90,-33256486.46,936.17
7880.00,74735151995694.95,-12668912237295.86,380169735.34,196315775.85,-33300389.46,937.40
7890.00,74931597235363.08,-12702234600212.63,381107756.89,196574444.82,-33344292.47,938.64
7900.00,75128301144014.27,-12735600866135.62,382047013.44,196833113.82,-33388195.48,939.87
7910.00,75325263721671.11,-12769011035068.67,382987504.99,197091782.83,-33432098.49,941.11
7920.00,75522484968356.25,-12802465107015.57,383929231.55,197350451.87,-33476001.50,942.34
7930.00,75719964884091.75,-12835963081980.12,384872193.12,197609120.93,-33519904.52,943.58
7940.00,75917703468899.98,-12869504959966.09,385816389.69,197867790.02,-33563807.55,944.81
7950.00,76115700722803.06,-12903090740977.23,386761821.27,198126459.12,-33607710.57,946.05
7960.00,76313956645823.03,-12936720425017.28,387708487.85,198385128.25,-33651613.60,947.28
7970.00,76512471237981.81,-12970394012089.94,388656389.44,198643797.40,-33695516.64,948.52
7980.00,76711244499301.11,-13004111502198.91,389605526.03,198902466.57,-33739419.68,949.75
7990.00,76910276429802.59,-13037872895347.86,390555897.63,199161135.77,-33783322.72,950.99
8000.00,77109567029507.88,-13071678191540.44,391507504.24,199419804.98,-33827225.76,952.22
8010.00,77309116298438.41,-13105527390780.30,392460345.85,199678474.22,-33871128.81,953.46
8020.00,77508924236615.42,-13139420493071.04,393414422.47,199937143.47,-33915031.87,954.69
8030.00,77708990844060.25,-13173357498416.28,394369734.09,200195812.75,-33958934.92,955.93
8040.00,77909316120794.03,-13207338406819.59,395326280.72,200454482.05,-34002837.98,957.16
8050.00,78109900066837.73,-13241363218284.52,396284062.35,200713151.37,-34046741.05,958.40
8060.00,78310742682212.23,-13275431932814.62,397243079.00,200971820.71,-34090644.11,959.63
8070.00,78511843966938.42,-13309544550413.41,398203330.65,201230490.07,-34134547.18,960.87
8080.00,78713203921036.84,-13343701071084.42,399164817.30,201489159.46,-34178450.26,962.10
8090.00,78914822544528.17,-13377901494831.11,400127538.97,201747828.86,-34222353.33,963.34
8100.00,79116699837432.86,-13412145821656.98,401091495.64,202006498.28,-34266256.42,964.57
8110.00,79318835799771.23,-13446434051565.46,402056687.31,202265167.73,-34310159.50,965.81
8120.00,79521230431563.58,-13480766184559.99,403023114.00,202523837.19,-34354062.59,967.04
8130.00,79723883732830.14,-13515142220644.00,403990775.69,202782506.68,-34397965.68,968.28
8140.00,79926795703590.92,-13549562159820.89,404959672.38,203041176.18,-34441868.77,969.51
8150.00,80129966343865.83,-13584026002094.03,405929804.09,203299845.70,-34485771.87,970.75
8160.00,80333395653674.83,-13618533747466.80,406901170.80,203558515.25,-34529674.97,971.98
8170.00,80537083633037.70,-13653085395942.54,407873772.52,203817184.81,-34573578.08,973.22
8180.00,80741030281974.00,-13687680947524.59,408847609.25,204075854.39,-34617481.18,974.45
8190.00,80945235600503.30,-13722320402216.26,409822680.99,204334524.00,-34661384.30,975.69
8200.00,81149699588645.09,-13757003760020.86,410798987.73,204593193.62,-34705287.41,976.92
8210.00,81354422246418.53,-13791731020941.66,411776529.48,204851863.26,-34749190.53,978.16
8220.00,81559403573843.25,-13826502184981.93,412755306.24,205110532.92,-34793093.65,979.39
8230.00,81764643570938.28,-13861317252144.95,413735318.01,205369202.60,-34836996.77,980.63
8240.00,81970142237722.64,-13896176222433.89,414716564.79,205627872.30,-34880899.90,981.86
8250.00,82175899574215.31,-13931079095852.01,415699046.57,205886542.02,-34924803.03,983.10
8260.00,82381915580435.19,-13966025872402.50,416682763.36,206145211.75,-34968706.17,984.33
8270.00,82588190256401.12,-14001016552088.55,417667715.16,206403881.51,-35012609.30,985.57
8280.00,82794723602131.72,-14036051134913.33,418653901.97,206662551.28,-35056512.44,986.80
8290.00,83001515617645.59,-14071129620879.99,419641323.79,206921221.08,-35100415.59,988.04
8300.00,83208566302961.33,-14106252009991.67,420629980.62,207179890.89,-35144318.73,989.27
8310.00,83415875658097.31,-14141418302251.49,421619872.46,207438560.72,-35188221.88,990.51
8320.00,83623443683071.80,-14176628497662.56,422610999.30,207697230.56,-35232125.04,991.74
8330.00,83831270377903.16,-14211882596227.96,423603361.15,207955900.43,-35276028.19,992.98
8340.00,84039355742609.36,-14247180597950.77,424596958.02,208214570.31,-35319931.35,994.21
8350.00,84247699777208.55,-14282522502834.08,425591789.89,208473240.22,-35363834.51,995.45
8360.00,84456302481718.72,-14317908310880.89,426587856.77,208731910.14,-35407737.68,996.68
8370.00,84665163856157.64,-14353338022094.26,427585158.66,208990580.07,-35451640.85,997.92
8380.00,84874283900543.20,-14388811636477.20,428583695.56,209249250.03,-35495544.02,999.15
8390.00,85083662614893.02,-14424329154032.70,429583467.47,209507920.00,-35539447.19,1000.39
8400.00,85293299999224.81,-14459890574763.76,430584474.39,209766589.99,-35583350.37,1001.62
8410.00,85503196053556.03,-14495495898673.38,431586716.32,210025260.00,-35627253.55,1002.86
8420.00,85713350777904.16,-14531145125764.45,432590193.26,210283930.03,-35671156.73,1004.09
8430.00,85923764172286.61,-14566838256039.95,433594905.21,210542600.07,-35715059.92,1005.33
8440.00,86134436236720.47,-14602575289502.79,434600852.17,210801270.13,-35758963.11,1006.56
8450.00,86345366971223.03,-14638356226155.91,435608034.13,211059940.21,-35802866.30,1007.80
8460.00,86556556375811.36,-14674181066002.19,436616451.11,211318610.30,-35846769.49,1009.03
8470.00,86768004450502.53,-14710049809044.52,437626103.10,211577280.41,-35890672.69,1010.27
8480.00,86979711195313.45,-14745962455285.77,438636990.10,211835950.54,-35934575.89,1011.50
8490.00,87191676610261.06,-14781919004728.80,439649112.11,212094620.69,-35978479.09,1012.74
8500.00,87403900695361.95,-14817919457376.46,440662469.13,212353290.85,-36022382.30,1013.97
8510.00,87616383450632.94,-14853963813231.57,441677061.16,212611961.03,-36066285.51,1015.21
8520.00,87829124876090.55,-14890052072296.97,442692888.20,212870631.22,-36110188.72,1016.44
8530.00,88042124971751.41,-14926184234575.41,443709950.25,213129301.43,-36154091.93,1017.68
8540.00,88255383737631.83,-14962360300069.72,444728247.32,213387971.66,-36197995.15,1018.91
8550.00,88468901173748.33,-14998580268782.67,445747779.39,213646641.90,-36241898.37,1020.15
8560.00,88682677280117.14,-15034844140717.01,446768546.47,213905312.17,-36285801.59,1021.38
8570.00,88896712056754.44,-15071151915875.49,447790548.57,214163982.44,-36329704.82,1022.62
8580.00,89111005503676.45,-15107503594260.85,448813785.67,214422652.73,-36373608.05,1023.85
8590.00,89325557620899.20,-15143899175875.81,449838257.79,214681323.04,-36417511.28,1025.09
8600.00,89540368408438.61,-15180338660723.08,450863964.92,214939993.37,-36461414.51,1026.32
8610.00,89755437866310.59,-15216822048805.37,451890907.06,215198663.71,-36505317.75,1027.56
8620.00,89970765994531.02,-15253349340125.35,452919084.21,215457334.06,-36549220.99,1028.79
8630.00,90186352793115.61,-15289920534685.69,453948496.37,215716004.44,-36593124.23,1030.03
8640.00,90402198262080.08,-15326535632489.05,454979143.55,215974674.82,-36637027.47,1031.26
8650.00,90618302401440.00,-15363194633538.07,456011025.73,216233345.23,-36680930.72,1032.50
8660.00,90834665211210.88,-15399897537835.38,457044142.93,216492015.65,-36724833.97,1033.73
8670.00,91051286691408.16,-15436644345383.61,458078495.14,216750686.08,-36768737.22,1034.97
8680.00,91268166842047.25,-15473435056185.36,459114082.36,217009356.53,-36812640.48,1036.20
8690.00,91485305663143.44,-15510269670243.24,460150904.59,217268026.99,-36856543.74,1037.44
8700.00,91702703154711.97,-15547148187559.81,461188961.83,217526697.47,-36900447.00,1038.67
8710.00,91920359316768.02,-15584070608137.65,462228254.09,217785367.97,-36944350.26,1039.91
8720.00,92138274149326.66,-15621036931979.32,463268781.36,218044038.48,-36988253.52,1041.14
8730.00,92356447652402.89,-15658047159087.37,464310543.64,218302709.00,-37032156.79,1042.38
8740.00,92574879826011.67,-15695101289464.33,465353540.93,218561379.54,-37076060.06,1043.61
8750.00,92793570670167.95,-15732199323112.73,466397773.24,218820050.10,-37119963.33,1044.85
8760.00,93012520184886.33,-15769341260035.06,467443240.56,219078720.67,-37163866.61,1046.08
8770.00,93231728370181.80,-15806527100233.83,468489942.89,219337391.25,-37207769.89,1047.32
8780.00,93451195226068.92,-15843756843711.52,469537880.23,219596061.85,-37251673.17,1048.55
8790.00,93670920752562.20,-15881030490470.62,470587052.58,219854732.47,-37295576.45,1049.79
8800.00,93890904949676.34,-15918348040513.60,471637459.95,220113403.09,-37339479.73,1051.02
8810.00,94111147817425.69,-15955709493842.88,472689102.33,220372073.74,-37383383.02,1052.26
8820.00,94331649355824.67,-15993114850460.92,473741979.73,220630744.39,-37427286.31,1053.49
8830.00,94552409564887.62,-16030564110370.14,474796092.13,220889415.06,-37471189.60,1054.73
8840.00,94773428444628.77,-16068057273572.98,475851439.55,221148085.75,-37515092.90,1055.96
8850.00,94994705995062.30,-16105594340071.83,476908021.98,221406756.45,-37558996.20,1057.20
8860.00,95216242216202.42,-16143175309869.08,477965839.43,221665427.16,-37602899.50,1058.43
8870.00,95438037108063.06,-16180800182967.13,479024891.89,221924097.89,-37646802.80,1059.67
8880.00,95660090670658.36,-16218468959368.33,480085179.36,222182768.63,-37690706.10,1060.90
8890.00,95882402904002.03,-16256181639075.06,481146701.84,222441439.39,-37734609.41,1062.14
8900.00,96104973808108.23,-16293938222089.68,482209459.34,222700110.16,-37778512.72,1063.37
8910.00,96327803382990.64,-16331738708414.50,483273451.85,222958780.94,-37822416.03,1064.61
8920.00,96550891628662.95,-16369583098051.90,484338679.38,223217451.74,-37866319.34,1065.84
8930.00,96774238545138.92,-16407471391004.12,485405141.91,223476122.55,-37910222.66,1067.08
8940.00,96997844132432.08,-16445403587273.50,486472839.47,223734793.37,-37954125.98,1068.31
8950.00,97221708390556.03,-16483379686862.37,487541772.03,223993464.21,-37998029.30,1069.55
8960.00,97445831319524.22,-16521399689773.04,488611939.61,224252135.06,-38041932.62,1070.78
8970.00,97670212919350.09,-16559463596007.71,489683342.20,224510805.92,-38085835.95,1072.02
8980.00,97894853190047.02,-16597571405568.68,490755979.81,224769476.80,-38129739.27,1073.25
8990.00,98119752131628.36,-16635723118458.22,491829852.43,225028147.69,-38173642.60,1074.49
9000.00,98344909744107.34,-16673918734678.55,492904960.07,225286818.60,-38217545.93,1075.72
9010.00,98570326027496.98,-16712158254231.92,493981302.72,225545489.51,-38261449.27,1076.96
9020.00,98796000981810.55,-16750441677120.54,495058880.38,225804160.44,-38305352.61,1078.19
9030.00,99021934607061.05,-16788769003346.65,496137693.06,226062831.39,-38349255.94,1079.43
9040.00,99248126903261.66,-16827140232912.43,497217740.75,226321502.34,-38393159.28,1080.66
9050.00,99474577870425.08,-16865555365820.08,498299023.45,226580173.31,-38437062.63,1081.90
9060.00,99701287508564.19,-16904014402071.79,499381541.17,226838844.30,-38480965.97,1083.13
9070.00,99928255817691.98,-16942517341669.74,500465293.91,227097515.29,-38524869.32,1084.37
9080.00,100155482797821.02,-16981064184616.08,501550281.66,227356186.30,-38568772.67,1085.60
9090.00,100382968448964.27,-17019654930912.97,502636504.42,227614857.32,-38612676.02,1086.84
9100.00,100610712771134.23,-17058289580562.55,503723962.20,227873528.35,-38656579.37,1088.07
9110.00,100838715764343.52,-17096968133566.98,504812654.99,228132199.40,-38700482.73,1089.31
9120.00,101066977428604.59,-17135690589928.36,505902582.80,228390870.46,-38744386.09,1090.54
9130.00,101295497763930.08,-17174456949648.80,506993745.62,228649541.53,-38788289.45,1091.78
9140.00,101524276770332.30,-17213267212730.43,508086143.46,228908212.61,-38832192.81,1093.01
9150.00,101753314447823.62,-17252121379175.33,509179776.31,229166883.70,-38876096.18,1094.25
9160.00,101982610796416.42,-17291019448985.59,510274644.18,229425554.81,-38919999.54,1095.48
9170.00,102212165816122.97,-17329961422163.31,511370747.06,229684225.93,-38963902.91,1096.72
9180.00,102441979506955.34,-17368947298710.53,512468084.95,229942897.06,-39007806.28,1097.95
9190.00,102672051868925.84,-17407977078629.32,513566657.87,230201568.21,-39051709.65,1099.19
9200.00,102902382902046.47,-17447050761921.72,514666465.79,230460239.36,-39095613.03,1100.42
9210.00,103132972606329.30,-17486168348589.80,515767508.74,230718910.53,-39139516.40,1101.66
9220.00,103363820981786.28,-17525329838635.56,516869786.69,230977581.71,-39183419.78,1102.89
9230.00,103594928028429.30,-17564535232061.05,517973299.67,231236252.90,-39227323.16,1104.13
9240.00,103826293746270.36,-17603784528868.27,519078047.65,231494924.11,-39271226.55,1105.36
9250.00,104057918135321.22,-17643077729059.21,520184030.66,231753595.32,-39315129.93,1106.60
9260.00,104289801195593.66,-17682414832635.89,521291248.68,232012266.55,-39359033.32,1107.83
9270.00,104521942927099.44,-17721795839600.29,522399701.71,232270937.79,-39402936.71,1109.07
9280.00,104754343329850.12,-17761220749954.40,523509389.76,232529609.04,-39446840.10,1110.30
9290.00,104987002403857.44,-17800689563700.18,524620312.83,232788280.30,-39490743.49,1111.54
9300.00,105219920149132.92,-17840202280839.56,525732470.91,233046951.58,-39534646.89,1112.77
9310.00,105453096565688.05,-17879758901374.54,526845864.01,233305622.86,-39578550.28,1114.01
9320.00,105686531653534.27,-17919359425307.04,527960492.12,233564294.16,-39622453.68,1115.25
9330.00,105920225412683.05,-17959003852639.00,529076355.25,233822965.47,-39666357.08,1116.48
9340.00,106154177843145.77,-17998692183372.36,530193453.40,234081636.79,-39710260.48,1117.72
9350.00,106388388944933.62,-18038424417509.01,531311786.56,234340308.12,-39754163.89,1118.95
9360.00,106622858718057.98,-18078200555050.88,532431354.74,234598979.46,-39798067.29,1120.19
9370.00,106857587162529.95,-18118020595999.86,533552157.93,234857650.81,-39841970.70,1121.42
9380.00,107092574278360.84,-18157884540357.82,534674196.14,235116322.18,-39885874.11,1122.66
9390.00,107327820065561.72,-18197792388126.71,535797469.37,235374993.55,-39929777.52,1123.89
9400.00,107563324524143.56,-18237744139308.36,536921977.61,235633664.94,-39973680.94,1125.13
9410.00,107799087654117.50,-18277739793904.64,538047720.87,235892336.34,-40017584.35,1126.36
9420.00,108035109455494.42,-18317779351917.42,539174699.14,236151007.75,-40061487.77,1127.60
9430.00,108271389928285.31,-18357862813348.55,540302912.43,236409679.17,-40105391.19,1128.83
9440.00,108507929072500.95,-18397990178199.87,541432360.74,236668350.60,-40149294.61,1130.07
9450.00,108744726888152.33,-18438161446473.22,542563044.07,236927022.04,-40193198.03,1131.30
9460.00,108981783375250.02,-18478376618170.43,543694962.41,237185693.49,-40237101.46,1132.54
9470.00,109219098533804.86,-18518635693293.31,544828115.76,237444364.95,-40281004.88,1133.77
9480.00,109456672363827.59,-18558938671843.72,545962504.14,237703036.42,-40324908.31,1135.01
9490.00,109694504865328.77,-18599285553823.38,547098127.53,237961707.91,-40368811.74,1136.24
9500.00,109932596038319.03,-18639676339234.12,548234985.94,238220379.40,-40412715.18,1137.48
9510.00,110170945882808.86,-18680111028077.73,549373079.36,238479050.91,-40456618.61,1138.71
9520.00,110409554398808.83,-18720589620356.02,550512407.80,238737722.42,-40500522.04,1139.95
9530.00,110648421586329.41,-18761112116070.74,551652971.26,238996393.95,-40544425.48,1141.18
9540.00,110887547445380.88,-18801678515223.64,552794769.74,239255065.48,-40588328.92,1142.42
9550.00,111126931975973.78,-18842288817816.50,553937803.23,239513737.03,-40632232.36,1143.65
9560.00,111366575178118.39,-18882943023851.05,555082071.74,239772408.59,-40676135.80,1144.89
9570.00,111606477051824.81,-18923641133329.05,556227575.27,240031080.16,-40720039.25,1146.12
9580.00,111846637597103.52,-18964383146252.24,557374313.81,240289751.73,-40763942.69,1147.36
9590.00,112087056813964.64,-19005169062622.32,558522287.37,240548423.32,-40807846.14,1148.59
9600.00,112327734702418.16,-19045998882441.03,559671495.95,240807094.92,-40851749.59,1149.83
9610.00,112568671262474.38,-19086872605710.09,560821939.55,241065766.53,-40895653.04,1151.06
9620.00,112809866494143.16,-19127790232431.18,561973618.16,241324438.14,-40939556.50,1152.30
9630.00,113051320397434.77,-19168751762606.04,563126531.79,241583109.77,-40983459.95,1153.53
9640.00,113293032972358.95,-19209757196236.31,564280680.44,241841781.41,-41027363.41,1154.77
9650.00,113535004218925.88,-19250806533323.71,565436064.11,242100453.06,-41071266.86,1156.00
9660.00,113777234137145.17,-19291899773869.82,566592682.79,242359124.71,-41115170.32,1157.24
9670.00,114019722727026.78,-19333036917876.50,567750536.49,242617796.38,-41159073.79,1158.47
9680.00,114262469988580.56,-19374217965345.29,568909625.21,242876468.06,-41202977.25,1159.71
9690.00,114505475921816.25,-19415442916277.87,570069948.95,243135139.74,-41246880.71,1160.94
9700.00,114748740526743.48,-19456711770675.87,571231507.70,243393811.44,-41290784.18,1162.18
9710.00,114992263803372.16,-19498024528540.96,572394301.47,243652483.15,-41334687.65,1163.41
9720.00,115236045751711.61,-19539381189874.75,573558330.26,243911154.86,-41378591.12,1164.65
9730.00,115480086371771.77,-19580781754678.88,574723594.07,244169826.59,-41422494.59,1165.88
9740.00,115724385663561.92,-19622226222954.97,575890092.90,244428498.32,-41466398.06,1167.12
9750.00,115968943627091.67,-19663714594704.62,577057826.74,244687170.07,-41510301.54,1168.35
9760.00,116213760262370.69,-19705246869929.45,578226795.60,244945841.82,-41554205.01,1169.59
9770.00,116458835569408.02,-19746823048631.04,579396999.48,245204513.58,-41598108.49,1170.82
9780.00,116704169548213.22,-19788443130811.02,580568438.38,245463185.36,-41642011.97,1172.06
9790.00,116949762198795.78,-19830107116470.96,581741112.29,245721857.14,-41685915.45,1173.29
9800.00,117195613521165.36,-19871815005612.43,582915021.23,245980528.93,-41729818.93,1174.53
9810.00,117441723515330.17,-19913566798237.02,584090165.18,246239200.73,-41773722.41,1175.76
9820.00,117688092181300.66,-19955362494346.28,585266544.15,246497872.54,-41817625.90,1177.00
9830.00,117934719519084.77,-19997202093941.78,586444158.14,246756544.36,-41861529.39,1178.23
9840.00,118181605528692.75,-20039085597025.07,587623007.15,247015216.19,-41905432.88,1179.47
9850.00,118428750210134.11,-20081013003597.70,588803091.17,247273888.02,-41949336.37,1180.70
9860.00,118676153563416.03,-20122984313661.22,589984410.22,247532559.87,-41993239.86,1181.94
9870.00,118923815588549.86,-20164999527217.16,591166964.28,247791231.73,-42037143.35,1183.17
9880.00,119171736285542.05,-20207058644267.04,592350753.36,248049903.59,-42081046.85,1184.41
9890.00,119419915654409.23,-20249161664812.37,593535777.46,248308575.46,-42124950.34,1185.64
9900.00,119668353695151.42,-20291308588854.68,594722036.58,248567247.35,-42168853.84,1186.88
9910.00,119917050407776.91,-20333499416395.49,595909530.72,248825919.24,-42212757.34,1188.11
9920.00,120166005792297.75,-20375734147436.30,597098259.88,249084591.14,-42256660.84,1189.35
9930.00,120415219848723.53,-20418012781978.59,598288224.05,249343263.04,-42300564.34,1190.58
9940.00,120664692577061.69,-20460335320023.86,599479423.24,249601934.96,-42344467.85,1191.82
9950.00,120914423977322.50,-20502701761573.58,600671857.46,249860606.89,-42388371.35,1193.05
9960.00,121164414049513.30,-20545112106629.25,601865526.69,250119278.82,-42432274.86,1194.29
9970.00,121414662793643.62,-20587566355192.34,603060430.94,250377950.77,-42476178.37,1195.52
9980.00,121665170209721.64,-20630064507264.31,604256570.21,250636622.72,-42520081.88,1196.76
9990.00,121915936297755.77,-20672606562846.63,605453944.50,250895294.68,-42563985.39,1197.99
