0.00,147092608975.70,-25143533156.25,23975607.09,4606.29,29241.56,-0.00
50000.00,147315568600.74,-23680267964.04,23974108.14,4311.75,29288.60,-0.06
100000.00,147523793946.27,-22214724887.27,23969618.91,4016.92,29332.68,-0.12
150000.00,147717271037.29,-20747051079.27,23962160.18,3721.83,29373.83,-0.18
200000.00,147895987297.20,-19277392167.48,23951764.50,3426.49,29412.08,-0.24
250000.00,148059931284.61,-17805892285.45,23938475.26,3130.94,29447.47,-0.29
300000.00,148209092444.32,-16332694140.75,23922345.56,2835.18,29480.02,-0.35
350000.00,148343460875.48,-14857939116.60,23903436.89,2539.23,29509.75,-0.41
400000.00,148463027120.84,-13381767404.99,23881817.69,2243.09,29536.68,-0.46
450000.00,148567781981.21,-11904318169.14,23857561.75,1946.77,29560.85,-0.51
500000.00,148657716360.03,-10425729731.73,23830746.58,1650.27,29582.25,-0.56
550000.00,148732821142.99,-8946139784.27,23801451.70,1353.59,29600.91,-0.61
600000.00,148793087116.71,-7465685610.88,23769756.95,1056.72,29616.82,-0.66
650000.00,148838504929.09,-5984504318.57,23735740.86,759.66,29629.99,-0.70
700000.00,148869065091.77,-4502733064.98,23699479.15,462.41,29640.41,-0.75
750000.00,148884758022.45,-3020509274.69,23661043.41,164.97,29648.09,-0.79
800000.00,148885574122.45,-1537970835.95,23620499.94,-132.66,29652.99,-0.83
850000.00,148871503882.74,-55256271.35,23577908.92,-430.48,29655.13,-0.87
900000.00,148842538010.25,1427495121.31,23533323.71,-728.48,29654.46,-0.91
950000.00,148798667566.07,2910143159.60,23486790.46,-1026.66,29650.99,-0.95
1000000.00,148739884107.31,4392546697.18,23438347.86,-1325.00,29644.68,-0.99
1050000.00,148666179825.72,5874563571.49,23388027.12,-1623.49,29635.51,-1.03
1100000.00,148577547677.82,7356050573.55,23335851.97,-1922.11,29623.47,-1.06
1150000.00,148473981503.13,8836863434.07,23281838.81,-2220.85,29608.54,-1.10
1200000.00,148355476129.29,10316856819.98,23225996.88,-2519.68,29590.69,-1.14
1250000.00,148222027464.48,11795884335.40,23168328.41,-2818.58,29569.90,-1.17
1300000.00,148073632579.38,13273798521.91,23108828.72,-3117.52,29546.15,-1.21
1350000.00,147910289782.29,14750450854.04,23047486.36,-3416.49,29519.42,-1.25
1400000.00,147731998692.27,16225691727.01,22984283.09,-3715.45,29489.68,-1.28
1450000.00,147538760315.87,17699370435.38,22919193.87,-4014.38,29456.93,-1.32
1500000.00,147330577133.92,19171335143.22,22852186.84,-4313.24,29421.12,-1.36
1550000.00,147107453204.70,20641432848.30,22783223.28,-4612.00,29382.24,-1.40
1600000.00,146869394289.76,22109509345.22,22712257.63,-4910.63,29340.26,-1.44
1650000.00,146616408007.38,23575409195.19,22639237.58,-5209.09,29295.16,-1.48
1700000.00,146348504016.72,25038975712.43,22564104.42,-5507.33,29246.92,-1.52
1750000.00,146065694232.47,26500050979.32,22486793.59,-5805.31,29195.51,-1.57
1800000.00,145767993065.37,27958475903.90,22407235.54,-6102.98,29140.90,-1.61
1850000.00,145455417678.86,29414090332.55,22325357.02,-6400.27,29083.08,-1.66
1900000.00,145127988246.23,30866733228.45,22241082.76,-6697.13,29022.03,-1.71
1950000.00,144785728187.94,32316242921.06,22154337.48,-6993.48,28957.75,-1.76
2000000.00,144428664365.61,33762457424.61,22065048.27,-7289.26,28890.22,-1.81
2050000.00,144056827209.32,35205214814.25,21973147.16,-7584.40,28819.46,-1.86
2100000.00,143670250759.31,36644353640.13,21878573.63,-7878.82,28745.48,-1.92
2150000.00,143268972610.49,38079713352.37,21781277.04,-8172.46,28668.30,-1.97
2200000.00,142853033759.23,39511134707.09,21681218.60,-8465.24,28587.95,-2.03
2250000.00,142422478362.17,40938460125.06,21578372.86,-8757.11,28504.47,-2.08
2300000.00,141977353426.71,42361533980.64,21472728.65,-9048.01,28417.89,-2.14
2350000.00,141517708457.85,43780202807.52,21364289.27,-9337.90,28328.27,-2.20
2400000.00,141043595087.90,45194315417.83,21253072.25,-9626.74,28235.65,-2.25
2450000.00,140555066712.63,46603722939.81,21139108.51,-9914.50,28140.07,-2.31
2500000.00,140052178152.32,48008278785.79,21022441.22,-10201.14,28041.58,-2.36
2550000.00,139534985349.53,49407838565.19,20903124.37,-10486.66,27940.23,-2.41
2600000.00,139003545109.12,50802259957.91,20781221.27,-10771.04,27836.05,-2.46
2650000.00,138457914881.26,52191402561.52,20656802.92,-11054.26,27729.08,-2.51
2700000.00,137898152584.52,53575127722.99,20529946.43,-11336.32,27619.36,-2.56
2750000.00,137324316464.83,54953298362.36,20400733.49,-11617.21,27506.90,-2.61
2800000.00,136736464985.73,56325778793.03,20269248.86,-11896.93,27391.75,-2.65
2850000.00,136134656745.99,57692434541.12,20135579.00,-12175.48,27273.92,-2.69
2900000.00,135518950421.85,59053132165.26,19999810.67,-12452.85,27153.43,-2.74
2950000.00,134889404732.61,60407739077.53,19862029.64,-12729.05,27030.29,-2.78
3000000.00,134246078428.85,61756123366.60,19722319.56,-13004.08,26904.52,-2.81
3050000.00,133589030303.41,63098153624.93,19580760.73,-13277.93,26776.13,-2.85
3100000.00,132918319225.10,64433698782.35,19437429.18,-13550.59,26645.11,-2.88
3150000.00,132234004194.61,65762627949.33,19292395.69,-13822.08,26511.48,-2.92
3200000.00,131536144421.15,67084810273.37,19145725.05,-14092.38,26375.24,-2.95
3250000.00,130824799417.26,68400114812.07,18997475.45,-14361.49,26236.37,-2.98
3300000.00,130100029108.20,69708410425.66,18847698.04,-14629.39,26094.88,-3.01
3350000.00,129361893951.48,71009565690.72,18696436.58,-14896.08,25950.75,-3.04
3400000.00,128610455061.67,72303448835.91,18543727.33,-15161.54,25803.99,-3.07
3450000.00,127845774335.84,73589927698.42,18389599.00,-15425.75,25654.58,-3.10
3500000.00,127067914575.22,74868869699.37,18234072.89,-15688.69,25502.51,-3.12
3550000.00,126276939599.98,76140141834.46,18077162.98,-15950.35,25347.78,-3.15
3600000.00,125472914355.04,77403610676.20,17918876.23,-16210.70,25190.37,-3.18
3650000.00,124655905006.23,78659142383.18,17759212.73,-16469.71,25030.29,-3.21
3700000.00,123825979027.78,79906602712.14,17598166.01,-16727.36,24867.51,-3.23
3750000.00,122983205283.19,81145857029.21,17435723.19,-16983.61,24702.04,-3.26
3800000.00,122127654103.02,82376770317.27,17271865.23,-17238.45,24533.87,-3.29
3850000.00,121259397364.03,83599207177.93,17106567.02,-17491.83,24362.98,-3.32
3900000.00,120378508575.11,84813031827.76,16939797.58,-17743.72,24189.38,-3.35
3950000.00,119485062975.49,86018108090.65,16771520.22,-17994.09,24013.04,-3.38
4000000.00,118579137651.22,87214299390.24,16601692.68,-18242.90,23833.97,-3.41
4050000.00,117660811674.63,88401468748.62,16430267.54,-18490.11,23652.16,-3.44
4100000.00,116730166270.36,89579478800.60,16257192.61,-18735.67,23467.60,-3.48
4150000.00,115787285008.60,90748191834.63,16082411.68,-18979.54,23280.28,-3.51
4200000.00,114832254022.08,91907469873.87,15905865.48,-19221.65,23090.19,-3.55
4250000.00,113865162238.29,93057174810.86,15727493.12,-19461.96,22897.35,-3.59
4300000.00,112886101612.12,94197168607.87,15547233.76,-19700.39,22701.75,-3.62
4350000.00,111895167337.82,95327313570.43,15365028.80,-19936.89,22503.40,-3.66
4400000.00,110892458014.87,96447472693.93,15180824.31,-20171.38,22302.31,-3.70
4450000.00,109878075740.50,97557510072.95,14994573.61,-20403.79,22098.53,-3.75
4500000.00,108852126104.65,98657291351.88,14806239.92,-20634.06,21892.07,-3.79
4550000.00,107814718071.77,99746684184.86,14615798.65,-20862.12,21683.00,-3.83
4600000.00,106765963746.43,100825558667.80,14423239.30,-21087.90,21471.35,-3.87
4650000.00,105705978035.02,101893787704.82,14228566.65,-21311.36,21257.19,-3.91
4700000.00,104634878229.27,102951247278.89,14031801.18,-21532.45,21040.58,-3.96
4750000.00,103552783547.19,103997816608.64,13832978.67,-21751.15,20821.59,-4.00
4800000.00,102459814669.36,105033378188.48,13632149.12,-21967.42,20600.28,-4.04
4850000.00,101356093305.10,106057817722.90,13429375.15,-22181.24,20376.71,-4.07
4900000.00,100241741814.18,107071023976.01,13224729.97,-22392.62,20150.95,-4.11
4950000.00,99116882898.73,108072888562.61,13018295.25,-22601.54,19923.05,-4.15
5000000.00,97981639369.40,109063305706.59,12810158.97,-22808.00,19693.06,-4.18
5050000.00,96836133981.19,110042171989.32,12600413.40,-23012.01,19461.02,-4.21
5100000.00,95680489329.09,111009386104.36,12389153.30,-23213.57,19226.98,-4.24
5150000.00,94514827791.39,111964848629.18,12176474.30,-23412.68,18990.96,-4.27
5200000.00,93339271508.20,112908461818.83,11962471.54,-23609.36,18753.01,-4.29
5250000.00,92153942384.77,113840129422.38,11747238.53,-23803.60,18513.14,-4.32
5300000.00,90958962111.15,114759756520.24,11530866.13,-23995.40,18271.39,-4.34
5350000.00,89754452192.93,115667249379.05,11313441.73,-24184.78,18027.77,-4.36
5400000.00,88540533989.51,116562515320.46,11095048.46,-24371.73,17782.31,-4.38
5450000.00,87317328758.98,117445462600.58,10875764.55,-24556.26,17535.03,-4.39
5500000.00,86084957709.48,118316000297.62,10655662.75,-24738.36,17285.93,-4.41
5550000.00,84843542058.05,119174038206.75,10434809.76,-24918.04,17035.04,-4.42
5600000.00,83593203097.95,120019486741.89,10213265.82,-25095.29,16782.36,-4.44
5650000.00,82334062275.20,120852256845.46,9991084.30,-25270.11,16527.90,-4.45
5700000.00,81066241274.63,121672259907.49,9768311.42,-25442.49,16271.67,-4.46
5750000.00,79789862114.53,122479407696.13,9544986.05,-25612.43,16013.69,-4.47
5800000.00,78505047248.64,123273612301.08,9321139.60,-25779.92,15753.95,-4.48
5850000.00,77211919673.04,124054786091.28,9096796.03,-25944.94,15492.45,-4.49
5900000.00,75910603035.47,124822841687.17,8871971.97,-26107.48,15229.22,-4.50
5950000.00,74601221744.27,125577691947.35,8646676.88,-26267.52,14964.24,-4.51
6000000.00,73283901074.38,126319249967.89,8420913.33,-26425.05,14697.53,-4.52
6050000.00,71958767268.79,127047429092.54,8194677.30,-26580.04,14429.08,-4.53
6100000.00,70625947634.27,127762142930.91,7967958.54,-26732.47,14158.91,-4.54
6150000.00,69285570631.77,128463305382.05,7740740.92,-26882.33,13887.03,-4.55
6200000.00,67937765962.61,129150830660.70,7513002.84,-27029.57,13613.43,-4.56
6250000.00,66582664653.01,129824633324.26,7284717.61,-27174.18,13338.12,-4.57
6300000.00,65220399140.27,130484628299.71,7055853.80,-27316.13,13061.12,-4.58
6350000.00,63851103364.61,131130730910.71,6826375.70,-27455.39,12782.43,-4.60
6400000.00,62474912870.83,131762856907.35,6596243.77,-27591.91,12502.05,-4.61
6450000.00,61091964923.99,132380922502.57,6365415.17,-27725.68,12220.01,-4.62
6500000.00,59702398641.85,132984844421.85,6133844.45,-27856.64,11936.31,-4.64
6550000.00,58306355145.20,133574539974.78,5901484.40,-27984.75,11650.96,-4.66
6600000.00,56903977724.14,134149927158.79,5668287.11,-28109.98,11363.97,-4.67
6650000.00,55495412013.98,134710924806.49,5434205.40,-28232.27,11075.38,-4.69
6700000.00,54080806169.69,135257452787.32,5199194.43,-28351.58,10785.19,-4.71
6750000.00,52660311021.66,135789432271.31,4963213.73,-28467.83,10493.44,-4.73
6800000.00,51234080190.92,136306786057.15,4726229.40,-28580.99,10200.17,-4.75
6850000.00,49802270138.42,136809438958.23,4488216.49,-28690.99,9905.41,-4.77
6900000.00,48365040123.99,137297318229.42,4249161.37,-28797.78,9609.23,-4.79
6950000.00,46922552055.86,137770354006.55,4009063.75,-28901.30,9311.68,-4.81
7000000.00,45474970222.95,138228479721.83,3767938.34,-29001.52,9012.84,-4.83
7050000.00,44022460917.12,138671632454.99,3525815.70,-29098.39,8712.77,-4.85
7100000.00,42565191968.97,139099753184.00,3282742.35,-29191.90,8411.57,-4.87
7150000.00,41103332233.96,139512786910.59,3038779.94,-29282.02,8109.31,-4.89
7200000.00,39637051072.91,139910682652.06,2794003.64,-29368.75,7806.06,-4.90
7250000.00,38166517869.62,140293393308.79,2548499.98,-29452.10,7501.91,-4.92
7300000.00,36691901619.80,140660875431.57,2302364.21,-29532.07,7196.93,-4.93
7350000.00,35213370612.10,141013088921.56,2055697.68,-29608.69,6891.18,-4.94
7400000.00,33731092207.55,141349996697.97,1808605.22,-29681.97,6584.71,-4.95
7450000.00,32245232711.19,141671564364.04,1561192.78,-29751.93,6277.58,-4.95
7500000.00,30755957321.36,141977759894.97,1313565.55,-29818.60,5969.83,-4.95
7550000.00,29263430137.90,142268553362.02,1065826.28,-29882.00,5661.50,-4.96
7600000.00,27767814210.36,142543916699.18,818074.13,-29942.15,5352.63,-4.95
7650000.00,26269271609.40,142803823512.14,570403.70,-29999.07,5043.25,-4.95
7700000.00,24767963508.49,143048248925.26,322904.46,-30052.77,4733.38,-4.95
7750000.00,23264050266.61,143277169459.53,75660.17,-30103.28,4423.06,-4.94
7800000.00,21757691506.77,143490562934.22,-171251.38,-30150.59,4112.30,-4.93
7850000.00,20249046187.94,143688408384.96,-417758.68,-30194.74,3801.14,-4.93
7900000.00,18738272670.51,143870685992.16,-663796.68,-30235.72,3489.59,-4.92
7950000.00,17225528776.89,144037377015.15,-909307.07,-30273.55,3177.68,-4.90
8000000.00,15710971850.10,144188463729.04,-1154238.36,-30308.24,2865.42,-4.89
8050000.00,14194758813.11,144323929362.69,-1398546.15,-30339.79,2552.84,-4.88
8100000.00,12677046232.04,144443758037.72,-1642193.21,-30368.22,2239.95,-4.87
8150000.00,11157990385.66,144547934709.78,-1885149.63,-30393.52,1926.76,-4.85
8200000.00,9637747342.69,144636445113.81,-2127392.86,-30415.70,1613.30,-4.84
8250000.00,8116473047.74,144709275715.89,-2368907.70,-30434.77,1299.57,-4.82
8300000.00,6594323415.46,144766413674.26,-2609686.21,-30450.71,985.59,-4.81
8350000.00,5071454431.62,144807846811.59,-2849727.54,-30463.54,671.38,-4.79
8400000.00,3548022259.14,144833563600.47,-3089037.63,-30473.24,356.94,-4.78
8450000.00,2024183346.65,144843553162.77,-3327628.83,-30479.80,42.29,-4.76
8500000.00,500094537.00,144837805282.98,-3565519.46,-30483.23,-272.55,-4.75
8550000.00,-1024086826.36,144816310434.69,-3802733.28,-30483.50,-587.58,-4.74
8600000.00,-2548202796.72,144779059818.68,-4039298.88,-30480.61,-902.78,-4.73
8650000.00,-4072094725.72,144726045411.02,-4275249.04,-30474.53,-1218.13,-4.71
8700000.00,-5595603169.07,144657260019.51,-4510620.09,-30465.26,-1533.62,-4.70
8750000.00,-7118567795.06,144572697347.40,-4745451.14,-30452.77,-1849.22,-4.69
8800000.00,-8640827294.11,144472352064.52,-4979783.32,-30437.05,-2164.92,-4.68
8850000.00,-10162219287.15,144356219886.85,-5213659.02,-30418.07,-2480.69,-4.67
8900000.00,-11682580231.22,144224297667.67,-5447120.93,-30395.80,-2796.52,-4.67
8950000.00,-13201745321.28,144076583504.51,-5680211.06,-30370.22,-3112.37,-4.66
9000000.00,-14719548389.32,143913076867.98,-5912969.60,-30341.31,-3428.21,-4.65
9050000.00,-16235821804.31,143733778759.21,-6145433.63,-30309.03,-3744.02,-4.65
9100000.00,-17750396379.91,143538691902.68,-6377635.59,-30273.35,-4059.75,-4.64
9150000.00,-19263101300.73,143327820979.98,-6609601.67,-30234.23,-4375.37,-4.64
9200000.00,-20773764082.00,143101172906.49,-6841349.99,-30191.65,-4690.83,-4.63
9250000.00,-22282210580.01,142858757147.95,-7072888.75,-30145.57,-5006.07,-4.63
9300000.00,-23788265072.11,142600586066.31,-7304214.39,-30095.97,-5321.03,-4.62
9350000.00,-25291750422.45,142326675275.89,-7535310.07,-30042.80,-5635.65,-4.62
9400000.00,-26792488343.33,142037043983.11,-7766144.44,-29986.06,-5949.84,-4.61
9450000.00,-28290299751.65,141731715277.14,-7996671.09,-29925.74,-6263.53,-4.61
9500000.00,-29785005206.67,141410716338.87,-8226828.68,-29861.82,-6576.64,-4.60
9550000.00,-31276425402.04,141074078540.64,-8456541.93,-29794.32,-6889.07,-4.59
9600000.00,-32764381674.72,140721837421.49,-8685723.28,-29723.26,-7200.75,-4.58
9650000.00,-34248696489.48,140354032537.83,-8914275.32,-29648.67,-7511.61,-4.56
9700000.00,-35729193860.79,139970707205.85,-9142093.53,-29570.57,-7821.56,-4.55
9750000.00,-37205699684.07,139571908164.44,-9369069.21,-29489.01,-8130.54,-4.53
9800000.00,-38678041962.13,139157685194.46,-9595092.36,-29404.03,-8438.51,-4.51
9850000.00,-40146050927.14,138728090729.55,-9820054.21,-29315.68,-8745.40,-4.49
9900000.00,-41609559070.24,138283179488.73,-10043849.33,-29224.00,-9051.17,-4.46
9950000.00,-43068401098.57,137823008151.33,-10266377.32,-29129.04,-9355.79,-4.44
