0.00,642163381593.09,-384812481313.21,-12773966038.95,-2658.59,1500.99,0.00
50000.00,642030203392.77,-384737281137.81,-12773961023.20,-2668.58,1507.05,0.20
100000.00,641896522208.90,-384661775921.59,-12773945929.15,-2678.69,1513.16,0.40
150000.00,641762334337.81,-384585965443.52,-12773920730.04,-2688.84,1519.26,0.61
200000.00,641627638796.45,-384509849966.85,-12773885416.76,-2699.00,1525.36,0.81
250000.00,641492435129.38,-384433429544.30,-12773839982.38,-2709.16,1531.46,1.01
300000.00,641356723020.28,-384356704139.15,-12773784420.39,-2719.33,1537.56,1.21
350000.00,641220502203.38,-384279673674.41,-12773718724.40,-2729.51,1543.66,1.42
400000.00,641083772435.06,-384202338052.57,-12773642888.05,-2739.69,1549.77,1.62
450000.00,640946533482.65,-384124697164.47,-12773556904.98,-2749.88,1555.87,1.82
500000.00,640808785119.23,-384046750893.80,-12773460768.81,-2760.07,1561.98,2.02
550000.00,640670527121.01,-383968499119.49,-12773354473.16,-2770.26,1568.09,2.23
600000.00,640531759265.87,-383889941717.12,-12773238011.63,-2780.46,1574.21,2.43
650000.00,640392481332.48,-383811078559.80,-12773111377.79,-2790.67,1580.32,2.63
700000.00,640252693099.80,-383731909518.72,-12772974565.21,-2800.87,1586.44,2.84
750000.00,640112394346.69,-383652434463.49,-12772827567.41,-2811.09,1592.57,3.04
800000.00,639971584851.71,-383572653262.40,-12772670377.93,-2821.30,1598.69,3.25
850000.00,639830264392.93,-383492565782.62,-12772502990.23,-2831.53,1604.82,3.45
900000.00,639688432747.85,-383412171890.29,-12772325397.82,-2841.75,1610.95,3.65
950000.00,639546089693.28,-383331471450.61,-12772137594.12,-2851.98,1617.08,3.86
1000000.00,639403235005.32,-383250464327.96,-12771939572.58,-2862.22,1623.21,4.06
1050000.00,639259868459.25,-383169150385.89,-12771731326.59,-2872.46,1629.35,4.27
1100000.00,639115989829.57,-383087529487.18,-12771512849.56,-2882.70,1635.49,4.47
1150000.00,638971598889.91,-383005601493.91,-12771284134.83,-2892.95,1641.63,4.68
1200000.00,638826695413.03,-382923366267.40,-12771045175.75,-2903.20,1647.78,4.88
1250000.00,638681279170.81,-382840823668.32,-12770795965.63,-2913.46,1653.93,5.09
1300000.00,638535349934.21,-382757973556.64,-12770536497.79,-2923.72,1660.08,5.29
1350000.00,638388907473.29,-382674815791.67,-12770266765.48,-2933.99,1666.24,5.50
1400000.00,638241951557.17,-382591350232.06,-12769986761.96,-2944.26,1672.39,5.70
1450000.00,638094481954.02,-382507576735.82,-12769696480.46,-2954.54,1678.55,5.91
1500000.00,637946498431.10,-382423495160.31,-12769395914.19,-2964.82,1684.72,6.11
1550000.00,637798000754.67,-382339105362.27,-12769085056.33,-2975.10,1690.88,6.32
1600000.00,637648988690.07,-382254407197.76,-12768763900.05,-2985.39,1697.05,6.53
1650000.00,637499462001.65,-382169400522.27,-12768432438.47,-2995.69,1703.22,6.73
1700000.00,637349420452.79,-382084085190.62,-12768090664.72,-3005.99,1709.40,6.94
1750000.00,637198863805.91,-381998461057.02,-12767738571.88,-3016.29,1715.57,7.15
1800000.00,637047791822.44,-381912527975.05,-12767376153.04,-3026.60,1721.76,7.35
1850000.00,636896204262.82,-381826285797.66,-12767003401.23,-3036.91,1727.94,7.56
1900000.00,636744100886.51,-381739734377.19,-12766620309.47,-3047.23,1734.12,7.77
1950000.00,636591481451.97,-381652873565.35,-12766226870.78,-3057.56,1740.31,7.97
2000000.00,636438345716.68,-381565703213.22,-12765823078.12,-3067.88,1746.51,8.18
2050000.00,636284693437.09,-381478223171.27,-12765408924.46,-3078.22,1752.70,8.39
2100000.00,636130524368.69,-381390433289.34,-12764984402.71,-3088.56,1758.90,8.59
2150000.00,635975838265.93,-381302333416.65,-12764549505.79,-3098.90,1765.10,8.80
2200000.00,635820634882.26,-381213923401.79,-12764104226.58,-3109.25,1771.31,9.01
2250000.00,635664913970.14,-381125203092.73,-12763648557.94,-3119.60,1777.51,9.22
2300000.00,635508675280.97,-381036172336.82,-12763182492.72,-3129.96,1783.72,9.43
2350000.00,635351918565.19,-380946830980.77,-12762706023.71,-3140.32,1789.94,9.63
2400000.00,635194643572.16,-380857178870.68,-12762219143.70,-3150.69,1796.15,9.84
2450000.00,635036850050.27,-380767215852.00,-12761721845.48,-3161.06,1802.37,10.05
2500000.00,634878537746.84,-380676941769.58,-12761214121.77,-3171.44,1808.60,10.26
2550000.00,634719706408.19,-380586356467.61,-12760695965.29,-3181.82,1814.82,10.47
2600000.00,634560355779.60,-380495459789.67,-12760167368.73,-3192.21,1821.05,10.68
2650000.00,634400485605.31,-380404251578.71,-12759628324.77,-3202.61,1827.28,10.89
2700000.00,634240095628.54,-380312731677.02,-12759078826.06,-3213.00,1833.52,11.09
2750000.00,634079185591.44,-380220899926.28,-12758518865.20,-3223.41,1839.76,11.30
2800000.00,633917755235.14,-380128756167.53,-12757948434.79,-3233.82,1846.00,11.51
2850000.00,633755804299.73,-380036300241.17,-12757367527.42,-3244.23,1852.24,11.72
2900000.00,633593332524.23,-379943531986.96,-12756776135.62,-3254.65,1858.49,11.93
2950000.00,633430339646.62,-379850451244.02,-12756174251.92,-3265.08,1864.74,12.14
3000000.00,633266825403.84,-379757057850.83,-12755561868.82,-3275.51,1871.00,12.35
3050000.00,633102789531.75,-379663351645.23,-12754938978.78,-3285.94,1877.26,12.56
3100000.00,632938231765.16,-379569332464.41,-12754305574.27,-3296.38,1883.52,12.77
3150000.00,632773151837.83,-379475000144.92,-12753661647.70,-3306.83,1889.78,12.98
3200000.00,632607549482.44,-379380354522.66,-12753007191.47,-3317.28,1896.05,13.19
3250000.00,632441424430.61,-379285395432.88,-12752342197.96,-3327.74,1902.32,13.41
3300000.00,632274776412.89,-379190122710.19,-12751666659.52,-3338.20,1908.60,13.62
3350000.00,632107605158.76,-379094536188.53,-12750980568.47,-3348.66,1914.87,13.83
3400000.00,631939910396.61,-378998635701.19,-12750283917.10,-3359.14,1921.15,14.04
3450000.00,631771691853.78,-378902421080.83,-12749576697.70,-3369.62,1927.44,14.25
3500000.00,631602949256.49,-378805892159.43,-12748858902.51,-3380.10,1933.73,14.46
3550000.00,631433682329.91,-378709048768.32,-12748130523.75,-3390.59,1940.02,14.67
3600000.00,631263890798.12,-378611890738.16,-12747391553.63,-3401.08,1946.31,14.89
3650000.00,631093574384.09,-378514417898.96,-12746641984.30,-3411.58,1952.61,15.10
3700000.00,630922732809.72,-378416630080.07,-12745881807.93,-3422.09,1958.91,15.31
3750000.00,630751365795.79,-378318527110.17,-12745111016.63,-3432.60,1965.22,15.52
3800000.00,630579473062.01,-378220108817.27,-12744329602.49,-3443.12,1971.52,15.73
3850000.00,630407054326.97,-378121375028.71,-12743537557.58,-3453.64,1977.84,15.95
3900000.00,630234109308.17,-378022325571.19,-12742734873.95,-3464.17,1984.15,16.16
3950000.00,630060637722.00,-377922960270.69,-12741921543.62,-3474.70,1990.47,16.37
4000000.00,629886639283.73,-377823278952.57,-12741097558.56,-3485.24,1996.79,16.59
4050000.00,629712113707.52,-377723281441.46,-12740262910.76,-3495.79,2003.12,16.80
4100000.00,629537060706.44,-377622967561.36,-12739417592.14,-3506.34,2009.45,17.01
4150000.00,629361479992.40,-377522337135.57,-12738561594.62,-3516.90,2015.78,17.23
4200000.00,629185371276.22,-377421389986.72,-12737694910.08,-3527.46,2022.11,17.44
4250000.00,629008734267.60,-377320125936.75,-12736817530.39,-3538.03,2028.45,17.65
4300000.00,628831568675.08,-377218544806.91,-12735929447.37,-3548.60,2034.80,17.87
4350000.00,628653874206.11,-377116646417.79,-12735030652.83,-3559.19,2041.14,18.08
4400000.00,628475650566.97,-377014430589.27,-12734121138.56,-3569.77,2047.50,18.30
4450000.00,628296897462.83,-376911897140.55,-12733200896.29,-3580.36,2053.85,18.51
4500000.00,628117614597.71,-376809045890.14,-12732269917.76,-3590.96,2060.21,18.73
4550000.00,627937801674.49,-376705876655.85,-12731328194.67,-3601.57,2066.57,18.94
4600000.00,627757458394.91,-376602389254.81,-12730375718.68,-3612.18,2072.93,19.16
4650000.00,627576584459.56,-376498583503.44,-12729412481.45,-3622.79,2079.30,19.37
4700000.00,627395179567.87,-376394459217.48,-12728438474.58,-3633.41,2085.68,19.59
4750000.00,627213243418.13,-376290016211.94,-12727453689.67,-3644.04,2092.05,19.80
4800000.00,627030775707.45,-376185254301.16,-12726458118.28,-3654.68,2098.43,20.02
4850000.00,626847776131.80,-376080173298.76,-12725451751.94,-3665.32,2104.82,20.24
4900000.00,626664244385.99,-375974773017.66,-12724434582.16,-3675.96,2111.20,20.45
4950000.00,626480180163.64,-375869053270.06,-12723406600.42,-3686.62,2117.59,20.67
5000000.00,626295583157.22,-375763013867.47,-12722367798.17,-3697.28,2123.99,20.88
5050000.00,626110453058.01,-375656654620.68,-12721318166.84,-3707.94,2130.39,21.10
5100000.00,625924789556.14,-375549975339.76,-12720257697.81,-3718.61,2136.79,21.32
5150000.00,625738592340.54,-375442975834.08,-12719186382.46,-3729.29,2143.20,21.53
5200000.00,625551861098.95,-375335655912.27,-12718104212.13,-3739.97,2149.61,21.75
5250000.00,625364595517.94,-375228015382.27,-12717011178.13,-3750.66,2156.02,21.97
5300000.00,625176795282.88,-375120054051.27,-12715907271.74,-3761.36,2162.44,22.19
5350000.00,624988460077.96,-375011771725.75,-12714792484.22,-3772.06,2168.86,22.40
5400000.00,624799589586.17,-374903168211.48,-12713666806.78,-3782.77,2175.29,22.62
5450000.00,624610183489.28,-374794243313.48,-12712530230.64,-3793.49,2181.72,22.84
5500000.00,624420241467.89,-374684996836.04,-12711382746.96,-3804.21,2188.15,23.06
5550000.00,624229763201.36,-374575428582.74,-12710224346.87,-3814.94,2194.59,23.28
5600000.00,624038748367.88,-374465538356.41,-12709055021.49,-3825.67,2201.03,23.50
5650000.00,623847196644.38,-374355325959.14,-12707874761.91,-3836.41,2207.47,23.71
5700000.00,623655107706.61,-374244791192.30,-12706683559.17,-3847.16,2213.92,23.93
5750000.00,623462481229.10,-374133933856.50,-12705481404.30,-3857.91,2220.38,24.15
5800000.00,623269316885.12,-374022753751.64,-12704268288.29,-3868.67,2226.83,24.37
5850000.00,623075614346.76,-373911250676.84,-12703044202.12,-3879.44,2233.30,24.59
5900000.00,622881373284.85,-373799424430.49,-12701809136.71,-3890.21,2239.76,24.81
5950000.00,622686593368.99,-373687274810.23,-12700563082.97,-3900.99,2246.23,25.03
6000000.00,622491274267.55,-373574801612.96,-12699306031.79,-3911.78,2252.70,25.25
6050000.00,622295415647.66,-373462004634.82,-12698037974.00,-3922.58,2259.18,25.47
6100000.00,622099017175.21,-373348883671.18,-12696758900.43,-3933.38,2265.66,25.69
6150000.00,621902078514.81,-373235438516.67,-12695468801.86,-3944.18,2272.15,25.91
6200000.00,621704599329.87,-373121668965.17,-12694167669.05,-3955.00,2278.64,26.13
6250000.00,621506579282.50,-373007574809.78,-12692855492.73,-3965.82,2285.13,26.35
6300000.00,621308018033.57,-372893155842.85,-12691532263.60,-3976.64,2291.63,26.58
6350000.00,621108915242.69,-372778411855.94,-12690197972.31,-3987.48,2298.13,26.80
6400000.00,620909270568.20,-372663342639.87,-12688852609.52,-3998.32,2304.64,27.02
6450000.00,620709083667.16,-372547947984.69,-12687496165.83,-4009.17,2311.15,27.24
6500000.00,620508354195.38,-372432227679.65,-12686128631.80,-4020.02,2317.67,27.46
6550000.00,620307081807.38,-372316181513.26,-12684749998.00,-4030.88,2324.19,27.68
6600000.00,620105266156.39,-372199809273.22,-12683360254.92,-4041.75,2330.71,27.91
6650000.00,619902906894.36,-372083110746.47,-12681959393.06,-4052.63,2337.24,28.13
6700000.00,619700003671.97,-371966085719.16,-12680547402.87,-4063.51,2343.77,28.35
6750000.00,619496556138.58,-371848733976.68,-12679124274.76,-4074.40,2350.31,28.57
6800000.00,619292563942.27,-371731055303.59,-12677689999.13,-4085.30,2356.85,28.80
6850000.00,619088026729.82,-371613049483.70,-12676244566.34,-4096.20,2363.39,29.02
6900000.00,618882944146.70,-371494716300.02,-12674787966.71,-4107.11,2369.94,29.24
6950000.00,618677315837.08,-371376055534.74,-12673320190.54,-4118.03,2376.50,29.47
7000000.00,618471141443.80,-371257066969.29,-12671841228.09,-4128.96,2383.05,29.69
7050000.00,618264420608.41,-371137750384.29,-12670351069.60,-4139.89,2389.62,29.92
7100000.00,618057152971.12,-371018105559.54,-12668849705.27,-4150.83,2396.18,30.14
7150000.00,617849338170.83,-370898132274.07,-12667337125.26,-4161.78,2402.76,30.36
7200000.00,617640975845.10,-370777830306.08,-12665813319.71,-4172.73,2409.33,30.59
7250000.00,617432065630.18,-370657199432.97,-12664278278.73,-4183.69,2415.91,30.81
7300000.00,617222607160.95,-370536239431.33,-12662731992.39,-4194.66,2422.50,31.04
7350000.00,617012600070.98,-370414950076.94,-12661174450.73,-4205.64,2429.09,31.26
7400000.00,616802043992.49,-370293331144.76,-12659605643.75,-4216.62,2435.68,31.49
7450000.00,616590938556.34,-370171382408.93,-12658025561.43,-4227.61,2442.28,31.71
7500000.00,616379283392.05,-370049103642.77,-12656434193.71,-4238.61,2448.88,31.94
7550000.00,616167078127.78,-369926494618.78,-12654831530.50,-4249.61,2455.49,32.17
7600000.00,615954322390.33,-369803555108.65,-12653217561.67,-4260.63,2462.10,32.39
7650000.00,615741015805.14,-369680284883.20,-12651592277.08,-4271.65,2468.72,32.62
7700000.00,615527157996.28,-369556683712.47,-12649955666.52,-4282.68,2475.34,32.85
7750000.00,615312748586.43,-369432751365.63,-12648307719.78,-4293.71,2481.96,33.07
7800000.00,615097787196.92,-369308487611.02,-12646648426.60,-4304.76,2488.59,33.30
7850000.00,614882273447.69,-369183892216.17,-12644977776.68,-4315.81,2495.23,33.53
7900000.00,614666206957.27,-369058964947.72,-12643295759.71,-4326.87,2501.87,33.75
7950000.00,614449587342.84,-368933705571.52,-12641602365.33,-4337.93,2508.51,33.98
8000000.00,614232414220.16,-368808113852.52,-12639897583.13,-4349.01,2515.16,34.21
8050000.00,614014687203.60,-368682189554.87,-12638181402.71,-4360.09,2521.82,34.44
8100000.00,613796405906.12,-368555932441.84,-12636453813.60,-4371.18,2528.48,34.67
8150000.00,613577569939.28,-368429342275.85,-12634714805.30,-4382.27,2535.14,34.89
8200000.00,613358178913.22,-368302418818.46,-12632964367.28,-4393.38,2541.81,35.12
8250000.00,613138232436.67,-368175161830.38,-12631202488.99,-4404.49,2548.48,35.35
8300000.00,612917730116.94,-368047571071.45,-12629429159.82,-4415.61,2555.16,35.58
8350000.00,612696671559.92,-367919646300.64,-12627644369.15,-4426.74,2561.84,35.81
8400000.00,612475056370.05,-367791387276.08,-12625848106.30,-4437.88,2568.53,36.04
8450000.00,612252884150.35,-367662793754.99,-12624040360.58,-4449.02,2575.22,36.27
8500000.00,612030154502.41,-367533865493.73,-12622221121.24,-4460.18,2581.92,36.50
8550000.00,611806867026.35,-367404602247.81,-12620390377.52,-4471.34,2588.62,36.73
8600000.00,611583021320.87,-367275003771.81,-12618548118.61,-4482.50,2595.33,36.96
8650000.00,611358616983.21,-367145069819.48,-12616694333.65,-4493.68,2602.04,37.19
8700000.00,611133653609.12,-367014800143.65,-12614829011.78,-4504.87,2608.76,37.42
8750000.00,610908130792.94,-366884194496.27,-12612952142.08,-4516.06,2615.48,37.65
8800000.00,610682048127.50,-366753252628.41,-12611063713.61,-4527.26,2622.20,37.88
8850000.00,610455405204.20,-366621974290.23,-12609163715.36,-4538.47,2628.94,38.12
8900000.00,610228201612.91,-366490359231.01,-12607252136.32,-4549.69,2635.67,38.35
8950000.00,610000436942.07,-366358407199.12,-12605328965.44,-4560.91,2642.42,38.58
9000000.00,609772110778.61,-366226117942.03,-12603394191.61,-4572.15,2649.16,38.81
9050000.00,609543222707.96,-366093491206.30,-12601447803.71,-4583.39,2655.91,39.04
9100000.00,609313772314.07,-365960526737.59,-12599489790.57,-4594.64,2662.67,39.28
9150000.00,609083759179.38,-365827224280.64,-12597520140.97,-4605.90,2669.43,39.51
9200000.00,608853182884.84,-365693583579.29,-12595538843.69,-4617.17,2676.20,39.74
9250000.00,608622043009.88,-365559604376.44,-12593545887.44,-4628.44,2682.97,39.98
9300000.00,608390339132.39,-365425286414.09,-12591541260.90,-4639.73,2689.75,40.21
9350000.00,608158070828.79,-365290629433.30,-12589524952.72,-4651.02,2696.53,40.44
9400000.00,607925237673.92,-365155633174.22,-12587496951.52,-4662.32,2703.32,40.68
9450000.00,607691839241.13,-365020297376.06,-12585457245.85,-4673.63,2710.12,40.91
9500000.00,607457875102.22,-364884621777.09,-12583405824.26,-4684.95,2716.92,41.15
9550000.00,607223344827.44,-364748606114.66,-12581342675.25,-4696.28,2723.72,41.38
9600000.00,606988247985.50,-364612250125.17,-12579267787.26,-4707.61,2730.53,41.62
9650000.00,606752584143.58,-364475553544.08,-12577181148.72,-4718.96,2737.34,41.85
9700000.00,606516352867.26,-364338516105.91,-12575082748.02,-4730.31,2744.16,42.09
9750000.00,606279553720.60,-364201137544.22,-12572972573.48,-4741.67,2750.99,42.32
9800000.00,606042186266.06,-364063417591.63,-12570850613.43,-4753.04,2757.82,42.56
9850000.00,605804250064.56,-363925355979.80,-12568716856.12,-4764.42,2764.65,42.79
9900000.00,605565744675.41,-363786952439.42,-12566571289.78,-4775.81,2771.50,43.03
9950000.00,605326669656.36,-363648206700.24,-12564413902.60,-4787.21,2778.34,43.27
