0.00,643025677568.93,-385462256940.55,-12781584177.78,15263.10,26895.61,0.00
50000.00,643788577249.66,-384117324414.21,-12781579129.74,15252.89,26901.68,0.20
100000.00,644550967602.74,-382772089938.35,-12781564007.62,15242.72,26907.70,0.40
150000.00,645312849841.62,-381426554583.17,-12781538821.17,15232.56,26913.71,0.60
200000.00,646074223721.81,-380080719161.12,-12781503570.73,15222.39,26919.71,0.81
250000.00,646835088720.12,-378734584601.10,-12781458255.59,15212.20,26925.68,1.01
300000.00,647595444243.56,-377388151883.36,-12781402874.88,15202.01,26931.63,1.21
350000.00,648355289677.10,-376041422013.02,-12781337427.81,15191.80,26937.57,1.41
400000.00,649114624398.85,-374694396009.45,-12781261913.65,15181.58,26943.48,1.61
450000.00,649873447786.16,-373347074901.42,-12781176331.77,15171.35,26949.37,1.81
500000.00,650631759218.45,-371999459724.71,-12781080681.66,15161.10,26955.24,2.01
550000.00,651389558078.58,-370651551520.71,-12780974962.91,15150.84,26961.09,2.22
600000.00,652146843753.70,-369303351335.72,-12780859175.21,15140.57,26966.92,2.42
650000.00,652903615635.72,-367954860220.37,-12780733318.39,15130.29,26972.73,2.62
700000.00,653659873121.63,-366606079229.32,-12780597392.36,15120.00,26978.51,2.82
750000.00,654415615613.67,-365257009421.05,-12780451397.16,15109.69,26984.28,3.02
800000.00,655170842519.52,-363907651857.67,-12780295332.94,15099.37,26990.02,3.22
850000.00,655925553252.37,-362558007604.78,-12780129199.97,15089.04,26995.75,3.42
900000.00,656679747231.00,-361208077731.41,-12779952998.61,15078.70,27001.45,3.62
950000.00,657433423879.88,-359857863309.88,-12779766729.36,15068.35,27007.13,3.83
1000000.00,658186582629.17,-358507365415.79,-12779570392.81,15057.99,27012.79,4.03
1050000.00,658939222914.79,-357156585127.89,-12779363989.67,15047.61,27018.43,4.23
1100000.00,659691344178.45,-355805523528.07,-12779147520.77,15037.23,27024.04,4.43
1150000.00,660442945867.70,-354454181701.31,-12778920987.05,15026.83,27029.63,4.63
1200000.00,661194027435.92,-353102560735.59,-12778684389.56,15016.42,27035.21,4.83
1250000.00,661944588342.37,-351750661721.89,-12778437729.44,15006.00,27040.76,5.03
1300000.00,662694628052.21,-350398485754.11,-12778181007.99,14995.57,27046.28,5.24
1350000.00,663444146036.53,-349046033929.07,-12777914226.59,14985.13,27051.79,5.44
1400000.00,664193141772.35,-347693307346.40,-12777637386.72,14974.68,27057.27,5.64
1450000.00,664941614742.65,-346340307108.59,-12777350490.02,14964.22,27062.74,5.84
1500000.00,665689564436.39,-344987034320.85,-12777053538.19,14953.75,27068.18,6.04
1550000.00,666436990348.53,-343633490091.16,-12776746533.07,14943.27,27073.59,6.24
1600000.00,667183891980.03,-342279675530.19,-12776429476.60,14932.78,27078.99,6.44
1650000.00,667930268837.90,-340925591751.23,-12776102370.86,14922.28,27084.36,6.64
1700000.00,668676120435.15,-339571239870.22,-12775765218.00,14911.77,27089.71,6.84
1750000.00,669421446290.89,-338216621005.66,-12775418020.30,14901.25,27095.04,7.04
1800000.00,670166245930.27,-336861736278.59,-12775060780.17,14890.72,27100.35,7.25
1850000.00,670910518884.55,-335506586812.55,-12774693500.10,14880.18,27105.63,7.45
1900000.00,671654264691.05,-334151173733.55,-12774316182.71,14869.64,27110.89,7.65
1950000.00,672397482893.24,-332795498170.01,-12773928830.72,14859.08,27116.13,7.85
2000000.00,673140173040.68,-331439561252.75,-12773531446.97,14848.51,27121.35,8.05
2050000.00,673882334689.08,-330083364114.91,-12773124034.42,14837.94,27126.54,8.25
2100000.00,674623967400.28,-328726907891.98,-12772706596.11,14827.36,27131.71,8.45
2150000.00,675365070742.28,-327370193721.69,-12772279135.22,14816.77,27136.86,8.65
2200000.00,676105644289.27,-326013222744.01,-12771841655.02,14806.16,27141.98,8.85
2250000.00,676845687621.57,-324655996101.12,-12771394158.91,14795.56,27147.08,9.05
2300000.00,677585200325.71,-323298514937.33,-12770936650.39,14784.94,27152.16,9.25
2350000.00,678324181994.42,-321940780399.10,-12770469133.06,14774.32,27157.22,9.45
2400000.00,679062632226.63,-320582793634.93,-12769991610.63,14763.68,27162.25,9.65
2450000.00,679800550627.46,-319224555795.41,-12769504086.95,14753.04,27167.26,9.85
2500000.00,680537936808.27,-317866068033.09,-12769006565.94,14742.39,27172.25,10.05
2550000.00,681274790386.65,-316507331502.52,-12768499051.65,14731.74,27177.21,10.25
2600000.00,682011110986.42,-315148347360.15,-12767981548.24,14721.07,27182.15,10.45
2650000.00,682746898237.62,-313789116764.34,-12767454059.97,14710.40,27187.07,10.65
2700000.00,683482151776.58,-312429640875.29,-12766916591.20,14699.73,27191.97,10.85
2750000.00,684216871245.85,-311069920855.00,-12766369146.43,14689.04,27196.84,11.05
2800000.00,684951056294.26,-309709957867.26,-12765811730.22,14678.35,27201.68,11.25
2850000.00,685684706576.89,-308349753077.60,-12765244347.29,14667.65,27206.51,11.45
2900000.00,686417821755.11,-306989307653.22,-12764667002.43,14656.94,27211.31,11.65
2950000.00,687150401496.56,-305628622763.00,-12764079700.54,14646.23,27216.09,11.85
3000000.00,687882445475.15,-304267699577.43,-12763482446.66,14635.51,27220.84,12.04
3050000.00,688613953371.10,-302906539268.59,-12762875245.89,14624.79,27225.57,12.24
3100000.00,689344924870.89,-301545143010.07,-12762258103.46,14614.06,27230.28,12.44
3150000.00,690075359667.31,-300183511977.01,-12761631024.72,14603.32,27234.96,12.64
3200000.00,690805257459.44,-298821647345.98,-12760994015.09,14592.58,27239.62,12.84
3250000.00,691534617952.67,-297459550294.97,-12760347080.13,14581.83,27244.26,13.04
3300000.00,692263440858.67,-296097222003.39,-12759690225.48,14571.07,27248.87,13.24
3350000.00,692991725895.44,-294734663651.96,-12759023456.91,14560.31,27253.46,13.43
3400000.00,693719472787.25,-293371876422.74,-12758346780.27,14549.55,27258.03,13.63
3450000.00,694446681264.71,-292008861499.04,-12757660201.52,14538.78,27262.57,13.83
3500000.00,695173351064.72,-290645620065.42,-12756963726.73,14528.00,27267.09,14.03
3550000.00,695899481930.50,-289282153307.61,-12756257362.08,14517.22,27271.58,14.23
3600000.00,696625073611.55,-287918462412.50,-12755541113.84,14506.43,27276.05,14.42
3650000.00,697350125863.72,-286554548568.12,-12754814988.39,14495.64,27280.50,14.62
3700000.00,698074638449.14,-285190412963.54,-12754078992.20,14484.85,27284.92,14.82
3750000.00,698798611136.25,-283826056788.89,-12753333131.86,14474.05,27289.32,15.02
3800000.00,699522043699.80,-282461481235.30,-12752577414.06,14463.24,27293.70,15.21
3850000.00,700244935920.85,-281096687494.85,-12751811845.58,14452.43,27298.05,15.41
3900000.00,700967287586.75,-279731676760.54,-12751036433.31,14441.62,27302.38,15.61
3950000.00,701689098491.18,-278366450226.28,-12750251184.24,14430.80,27306.68,15.80
4000000.00,702410368434.08,-277001009086.80,-12749456105.46,14419.98,27310.96,16.00
4050000.00,703131097221.71,-275635354537.64,-12748651204.15,14409.16,27315.22,16.20
4100000.00,703851284666.62,-274269487775.11,-12747836487.60,14398.33,27319.45,16.39
4150000.00,704570930587.66,-272903409996.26,-12747011963.21,14387.50,27323.66,16.59
4200000.00,705290034809.94,-271537122398.82,-12746177638.46,14376.66,27327.84,16.78
4250000.00,706008597164.88,-270170626181.18,-12745333520.93,14365.82,27332.00,16.98
4300000.00,706726617490.16,-268803922542.33,-12744479618.32,14354.98,27336.14,17.18
4350000.00,707444095629.73,-267437012681.86,-12743615938.40,14344.13,27340.25,17.37
4400000.00,708161031433.83,-266069897799.88,-12742742489.05,14333.29,27344.34,17.57
4450000.00,708877424758.95,-264702579097.02,-12741859278.26,14322.44,27348.41,17.76
4500000.00,709593275467.82,-263335057774.35,-12740966314.08,14311.58,27352.45,17.96
4550000.00,710308583429.46,-261967335033.38,-12740063604.71,14300.73,27356.46,18.15
4600000.00,711023348519.09,-260599412076.01,-12739151158.39,14289.87,27360.46,18.35
4650000.00,711737570618.21,-259231290104.47,-12738228983.49,14279.01,27364.42,18.54
4700000.00,712451249614.52,-257862970321.33,-12737297088.47,14268.14,27368.37,18.74
4750000.00,713164385401.96,-256494453929.41,-12736355481.88,14257.28,27372.29,18.93
4800000.00,713876977880.69,-255125742131.78,-12735404172.37,14246.41,27376.18,19.12
4850000.00,714589026957.05,-253756836131.70,-12734443168.66,14235.54,27380.06,19.32
4900000.00,715300532543.63,-252387737132.60,-12733472479.60,14224.67,27383.90,19.51
4950000.00,716011494559.16,-251018446338.03,-12732492114.11,14213.80,27387.73,19.70
5000000.00,716721912928.58,-249648964951.63,-12731502081.21,14202.93,27391.53,19.90
5050000.00,717431787583.01,-248279294177.08,-12730502390.01,14192.05,27395.30,20.09
5100000.00,718141118459.71,-246909435218.11,-12729493049.70,14181.17,27399.05,20.28
5150000.00,718849905502.12,-245539389278.37,-12728474069.59,14170.30,27402.78,20.48
5200000.00,719558148659.81,-244169157561.50,-12727445459.04,14159.42,27406.49,20.67
5250000.00,720265847888.49,-242798741271.02,-12726407227.55,14148.54,27410.17,20.86
5300000.00,720973003149.98,-241428141610.31,-12725359384.66,14137.66,27413.82,21.05
5350000.00,721679614412.24,-240057359782.60,-12724301940.03,14126.78,27417.45,21.24
5400000.00,722385681649.30,-238686396990.91,-12723234903.41,14115.90,27421.06,21.44
5450000.00,723091204841.29,-237315254438.01,-12722158284.62,14105.02,27424.64,21.63
5500000.00,723796183974.45,-235943933326.40,-12721072093.57,14094.14,27428.20,21.82
5550000.00,724500619041.03,-234572434858.26,-12719976340.27,14083.26,27431.74,22.01
5600000.00,725204510039.37,-233200760235.42,-12718871034.82,14072.37,27435.25,22.20
5650000.00,725907856973.85,-231828910659.33,-12717756187.39,14061.49,27438.73,22.39
5700000.00,726610659854.86,-230456887331.03,-12716631808.24,14050.61,27442.20,22.58
5750000.00,727312918698.82,-229084691451.07,-12715497907.72,14039.73,27445.64,22.77
5800000.00,728014633528.14,-227712324219.55,-12714354496.27,14028.85,27449.05,22.96
5850000.00,728715804371.23,-226339786836.03,-12713201584.40,14017.97,27452.44,23.15
5900000.00,729416431262.47,-224967080499.49,-12712039182.71,14007.09,27455.81,23.34
5950000.00,730116514242.18,-223594206408.33,-12710867301.90,13996.22,27459.15,23.53
6000000.00,730816053356.65,-222221165760.33,-12709685952.72,13985.34,27462.47,23.72
6050000.00,731515048658.09,-220847959752.58,-12708495146.03,13974.46,27465.77,23.91
6100000.00,732213500204.61,-219474589581.50,-12707294892.76,13963.59,27469.04,24.10
6150000.00,732911408060.24,-218101056442.76,-12706085203.92,13952.72,27472.29,24.29
6200000.00,733608772294.88,-216727361531.25,-12704866090.61,13941.84,27475.51,24.48
6250000.00,734305592984.30,-215353506041.09,-12703637564.00,13930.97,27478.71,24.66
6300000.00,735001870210.13,-213979491165.55,-12702399635.35,13920.11,27481.88,24.85
6350000.00,735697604059.82,-212605318097.01,-12701152315.99,13909.24,27485.04,25.04
6400000.00,736392794626.63,-211230988026.99,-12699895617.33,13898.37,27488.17,25.23
6450000.00,737087442009.66,-209856502146.05,-12698629550.86,13887.51,27491.27,25.42
6500000.00,737781546313.75,-208481861643.79,-12697354128.15,13876.65,27494.35,25.60
6550000.00,738475107649.53,-207107067708.80,-12696069360.85,13865.79,27497.41,25.79
6600000.00,739168126133.37,-205732121528.65,-12694775260.67,13854.94,27500.44,25.98
6650000.00,739860601887.38,-204357024289.83,-12693471839.42,13844.08,27503.45,26.16
6700000.00,740552535039.36,-202981777177.75,-12692159108.97,13833.23,27506.43,26.35
6750000.00,741243925722.83,-201606381376.67,-12690837081.26,13822.38,27509.40,26.53
6800000.00,741934774076.98,-200230838069.71,-12689505768.32,13811.54,27512.33,26.72
6850000.00,742625080246.64,-198855148438.78,-12688165182.24,13800.70,27515.25,26.90
6900000.00,743314844382.29,-197479313664.56,-12686815335.20,13789.86,27518.14,27.09
6950000.00,744004066640.03,-196103334926.50,-12685456239.43,13779.02,27521.01,27.27
7000000.00,744692747181.55,-194727213402.74,-12684087907.26,13768.19,27523.85,27.46
7050000.00,745380886174.13,-193350950270.10,-12682710351.06,13757.36,27526.67,27.64
7100000.00,746068483790.60,-191974546704.07,-12681323583.29,13746.53,27529.47,27.83
7150000.00,746755540209.33,-190598003878.74,-12679927616.49,13735.71,27532.24,28.01
7200000.00,747442055614.21,-189221322966.79,-12678522463.25,13724.89,27534.99,28.19
7250000.00,748128030194.63,-187844505139.48,-12677108136.24,13714.08,27537.72,28.38
7300000.00,748813464145.45,-186467551566.58,-12675684648.18,13703.27,27540.42,28.56
7350000.00,749498357666.99,-185090463416.37,-12674252011.90,13692.46,27543.10,28.74
7400000.00,750182710965.01,-183713241855.59,-12672810240.26,13681.66,27545.76,28.93
7450000.00,750866524250.67,-182335888049.43,-12671359346.19,13670.86,27548.39,29.11
7500000.00,751549797740.55,-180958403161.48,-12669899342.71,13660.07,27551.00,29.29
7550000.00,752232531656.56,-179580788353.74,-12668430242.89,13649.28,27553.59,29.47
7600000.00,752914726225.98,-178203044786.53,-12666952059.86,13638.49,27556.15,29.65
7650000.00,753596381681.42,-176825173618.51,-12665464806.83,13627.71,27558.69,29.84
7700000.00,754277498260.79,-175447176006.65,-12663968497.06,13616.94,27561.21,30.02
7750000.00,754958076207.26,-174069053106.15,-12662463143.89,13606.17,27563.70,30.20
7800000.00,755638115769.30,-172690806070.51,-12660948760.70,13595.40,27566.18,30.38
7850000.00,756317617200.58,-171312436051.38,-12659425360.95,13584.64,27568.62,30.56
7900000.00,756996580760.00,-169933944198.65,-12657892958.17,13573.89,27571.05,30.74
7950000.00,757675006711.64,-168555331660.33,-12656351565.92,13563.14,27573.45,30.92
8000000.00,758352895324.74,-167176599582.58,-12654801197.86,13552.40,27575.83,31.10
8050000.00,759030246873.71,-165797749109.66,-12653241867.68,13541.66,27578.19,31.28
8100000.00,759707061638.04,-164418781383.90,-12651673589.14,13530.92,27580.52,31.46
8150000.00,760383339902.35,-163039697545.71,-12650096376.06,13520.20,27582.83,31.63
8200000.00,761059081956.31,-161660498733.49,-12648510242.33,13509.48,27585.12,31.81
8250000.00,761734288094.64,-160281186083.67,-12646915201.87,13498.76,27587.38,31.99
8300000.00,762408958617.09,-158901760730.62,-12645311268.68,13488.05,27589.63,32.17
8350000.00,763083093828.39,-157522223806.70,-12643698456.82,13477.35,27591.85,32.35
8400000.00,763756694038.25,-156142576442.16,-12642076780.38,13466.65,27594.05,32.52
8450000.00,764429759561.35,-154762819765.15,-12640446253.53,13455.96,27596.22,32.70
8500000.00,765102290717.26,-153382954901.72,-12638806890.49,13445.28,27598.37,32.88
8550000.00,765774287830.46,-152002982975.75,-12637158705.53,13434.60,27600.50,33.05
8600000.00,766445751230.32,-150622905108.94,-12635501712.98,13423.93,27602.61,33.23
8650000.00,767116681251.04,-149242722420.80,-12633835927.22,13413.26,27604.70,33.40
8700000.00,767787078231.64,-147862436028.62,-12632161362.67,13402.61,27606.76,33.58
8750000.00,768456942515.95,-146482047047.42,-12630478033.83,13391.96,27608.80,33.75
8800000.00,769126274452.55,-145101556589.98,-12628785955.23,13381.31,27610.82,33.93
8850000.00,769795074394.79,-143720965766.76,-12627085141.45,13370.68,27612.81,34.10
8900000.00,770463342700.73,-142340275685.94,-12625375607.14,13360.05,27614.79,34.28
8950000.00,771131079733.11,-140959487453.31,-12623657366.99,13349.43,27616.74,34.45
9000000.00,771798285859.35,-139578602172.33,-12621930435.72,13338.81,27618.67,34.63
9050000.00,772464961451.52,-138197620944.08,-12620194828.13,13328.20,27620.58,34.80
9100000.00,773131106886.28,-136816544867.23,-12618450559.05,13317.60,27622.46,34.97
9150000.00,773796722544.89,-135435375037.99,-12616697643.35,13307.01,27624.33,35.14
9200000.00,774461808813.17,-134054112550.17,-12614936095.98,13296.43,27626.17,35.32
9250000.00,775126366081.49,-132672758495.09,-12613165931.91,13285.85,27627.99,35.49
9300000.00,775790394744.70,-131291313961.55,-12611387166.15,13275.28,27629.79,35.66
9350000.00,776453895202.15,-129909780035.88,-12609599813.77,13264.72,27631.57,35.83
9400000.00,777116867857.64,-128528157801.86,-12607803889.89,13254.17,27633.32,36.00
9450000.00,777779313119.39,-127146448340.72,-12605999409.65,13243.63,27635.06,36.18
9500000.00,778441231400.03,-125764652731.09,-12604186388.26,13233.09,27636.77,36.35
9550000.00,779102623116.55,-124382772049.05,-12602364840.97,13222.57,27638.46,36.52
9600000.00,779763488690.30,-123000807368.03,-12600534783.04,13212.05,27640.13,36.69
9650000.00,780423828546.93,-121618759758.85,-12598696229.82,13201.54,27641.78,36.86
9700000.00,781083643116.40,-120236630289.67,-12596849196.66,13191.04,27643.40,37.03
9750000.00,781742932832.91,-118854420025.98,-12594993698.98,13180.54,27645.01,37.19
9800000.00,782401698134.92,-117472130030.58,-12593129752.22,13170.06,27646.59,37.36
9850000.00,783059939465.08,-116089761363.56,-12591257371.88,13159.58,27648.15,37.53
9900000.00,783717657270.23,-114707315082.29,-12589376573.47,13149.12,27649.70,37.70
9950000.00,784374852001.35,-113324792241.39,-12587487372.57,13138.66,27651.22,37.87
