0.00,-247109506916.87,-14222569349.83,5743562452.58,2362.08,-22115.81,-0.00
50000.00,-246988704338.61,-15328200615.12,5743499657.52,2470.13,-22109.35,-2.51
100000.00,-246862498658.62,-16433496588.55,5743311218.21,2578.20,-22102.40,-5.03
150000.00,-246730889036.44,-17538432851.08,5742997054.99,2686.29,-22094.96,-7.54
200000.00,-246593874722.44,-18642984957.07,5742557090.23,2794.39,-22087.03,-10.06
250000.00,-246451455058.13,-19747128434.44,5741991248.34,2902.50,-22078.62,-12.58
300000.00,-246303629476.42,-20850838784.76,5741299455.77,3010.63,-22069.71,-15.10
350000.00,-246150397501.92,-21954091483.45,5740481641.04,3118.76,-22060.31,-17.62
400000.00,-245991758751.25,-23056861979.85,5739537734.71,3226.90,-22050.42,-20.14
450000.00,-245827712933.31,-24159125697.40,5738467669.43,3335.04,-22040.04,-22.66
500000.00,-245658259849.59,-25260858033.77,5737271379.90,3443.19,-22029.16,-25.19
550000.00,-245483399394.48,-26362034361.00,5735948802.93,3551.34,-22017.80,-27.72
600000.00,-245303131555.55,-27462630025.64,5734499877.40,3659.48,-22005.94,-30.24
650000.00,-245117456413.88,-28562620348.93,5732924544.29,3767.63,-21993.58,-32.77
700000.00,-244926374144.34,-29661980626.91,5731222746.69,3875.77,-21980.73,-35.30
750000.00,-244729885015.93,-30760686130.59,5729394429.81,3983.90,-21967.39,-37.83
800000.00,-244527989392.05,-31858712106.10,5727439540.96,4092.03,-21953.55,-40.37
850000.00,-244320687730.85,-32956033774.86,5725358029.59,4200.14,-21939.22,-42.90
900000.00,-244107980585.53,-34052626333.72,5723149847.29,4308.25,-21924.39,-45.43
950000.00,-243889868604.68,-35148464955.14,5720814947.78,4416.34,-21909.06,-47.97
1000000.00,-243666352532.53,-36243524787.33,5718353286.94,4524.41,-21893.23,-50.50
1050000.00,-243437433209.37,-37337780954.45,5715764822.79,4632.47,-21876.91,-53.04
1100000.00,-243203111571.80,-38431208556.76,5713049515.56,4740.50,-21860.09,-55.58
1150000.00,-242963388653.09,-39523782670.79,5710207327.60,4848.52,-21842.77,-58.11
1200000.00,-242718265583.48,-40615478349.50,5707238223.48,4956.51,-21824.95,-60.65
1250000.00,-242467743590.55,-41706270622.49,5704142169.95,5064.47,-21806.64,-63.19
1300000.00,-242211823999.52,-42796134496.18,5700919135.96,5172.41,-21787.82,-65.73
1350000.00,-241950508233.62,-43885044953.95,5697569092.65,5280.32,-21768.50,-68.27
1400000.00,-241683797814.36,-44972976956.37,5694092013.40,5388.20,-21748.68,-70.81
1450000.00,-241411694361.94,-46059905441.34,5690487873.80,5496.04,-21728.36,-73.35
1500000.00,-241134199595.55,-47145805324.35,5686756651.68,5603.85,-21707.53,-75.90
1550000.00,-240851315333.75,-48230651498.61,5682898327.09,5711.62,-21686.21,-78.44
1600000.00,-240563043494.74,-49314418835.27,5678912882.35,5819.35,-21664.38,-80.98
1650000.00,-240269386096.81,-50397082183.63,5674800302.04,5927.04,-21642.05,-83.52
1700000.00,-239970345258.60,-51478616371.31,5670560572.98,6034.69,-21619.21,-86.07
1750000.00,-239665923199.48,-52558996204.49,5666193684.28,6142.29,-21595.87,-88.61
1800000.00,-239356122239.95,-53638196468.10,5661699627.34,6249.85,-21572.03,-91.15
1850000.00,-239040944801.90,-54716191926.05,5657078395.84,6357.35,-21547.68,-93.70
1900000.00,-238720393409.07,-55792957321.40,5652329985.76,6464.80,-21522.83,-96.24
1950000.00,-238394470687.33,-56868467376.64,5647454395.39,6572.20,-21497.47,-98.78
2000000.00,-238063179365.07,-57942696793.84,5642451625.35,6679.55,-21471.60,-101.33
2050000.00,-237726522273.57,-59015620254.94,5637321678.58,6786.83,-21445.23,-103.87
2100000.00,-237384502347.36,-60087212421.93,5632064560.34,6894.06,-21418.35,-106.42
2150000.00,-237037122624.57,-61157447937.12,5626680278.26,7001.23,-21390.96,-108.96
2200000.00,-236684386247.34,-62226301423.32,5621168842.31,7108.33,-21363.07,-111.50
2250000.00,-236326296462.12,-63293747484.13,5615530264.82,7215.36,-21334.66,-114.04
2300000.00,-235962856620.13,-64359760704.15,5609764560.50,7322.33,-21305.75,-116.59
2350000.00,-235594070177.66,-65424315649.23,5603871746.45,7429.22,-21276.33,-119.13
2400000.00,-235219940696.48,-66487386866.72,5597851842.14,7536.05,-21246.40,-121.67
2450000.00,-234840471844.22,-67548948885.73,5591704869.45,7642.80,-21215.96,-124.21
2500000.00,-234455667394.73,-68608976217.36,5585430852.68,7749.47,-21185.01,-126.75
2550000.00,-234065531228.48,-69667443354.97,5579029818.54,7856.07,-21153.55,-129.29
2600000.00,-233670067332.95,-70724324774.45,5572501796.16,7962.58,-21121.58,-131.83
2650000.00,-233269279802.98,-71779594934.47,5565846817.12,8069.01,-21089.10,-134.37
2700000.00,-232863172841.19,-72833228276.76,5559064915.44,8175.36,-21056.11,-136.91
2750000.00,-232451750758.34,-73885199226.37,5552156127.62,8281.62,-21022.61,-139.45
2800000.00,-232035017973.77,-74935482191.97,5545120492.58,8387.79,-20988.59,-141.98
2850000.00,-231612979015.72,-75984051566.09,5537958051.77,8493.86,-20954.06,-144.52
2900000.00,-231185638521.79,-77030881725.45,5530668849.10,8599.85,-20919.02,-147.05
2950000.00,-230753001239.30,-78075947031.21,5523252930.97,8705.73,-20883.47,-149.59
3000000.00,-230315072025.67,-79119221829.29,5515710346.30,8811.52,-20847.40,-152.12
3050000.00,-229871855848.89,-80160680450.63,5508041146.52,8917.21,-20810.82,-154.65
3100000.00,-229423357787.82,-81200297211.53,5500245385.59,9022.80,-20773.73,-157.18
3150000.00,-228969583032.67,-82238046413.93,5492323120.00,9128.28,-20736.12,-159.71
3200000.00,-228510536885.38,-83273902345.71,5484274408.80,9233.65,-20698.00,-162.24
3250000.00,-228046224760.00,-84307839281.04,5476099313.58,9338.92,-20659.36,-164.77
3300000.00,-227576652183.14,-85339831480.65,5467797898.50,9444.07,-20620.21,-167.29
3350000.00,-227101824794.33,-86369853192.16,5459370230.31,9549.11,-20580.54,-169.82
3400000.00,-226621748346.48,-87397878650.45,5450816378.34,9654.03,-20540.35,-172.34
3450000.00,-226136428706.24,-88423882077.92,5442136414.50,9758.84,-20499.66,-174.86
3500000.00,-225645871854.45,-89447837684.88,5433330413.34,9863.52,-20458.44,-177.38
3550000.00,-225150083886.52,-90469719669.83,5424398452.00,9968.08,-20416.71,-179.90
3600000.00,-224649071012.88,-91489502219.87,5415340610.26,10072.52,-20374.46,-182.42
3650000.00,-224142839559.38,-92507159511.00,5406156970.55,10176.82,-20331.70,-184.93
3700000.00,-223631395967.69,-93522665708.47,5396847617.92,10281.00,-20288.42,-187.44
3750000.00,-223114746795.74,-94535994967.16,5387412640.11,10385.05,-20244.62,-189.96
3800000.00,-222592898718.14,-95547121431.93,5377852127.51,10488.96,-20200.31,-192.47
3850000.00,-222065858526.60,-96556019237.97,5368166173.21,10592.73,-20155.47,-194.97
3900000.00,-221533633130.33,-97562662511.19,5358354872.98,10696.37,-20110.12,-197.48
3950000.00,-220996229556.48,-98567025368.58,5348418325.28,10799.86,-20064.26,-199.98
4000000.00,-220453654950.58,-99569081918.60,5338356631.32,10903.21,-20017.87,-202.49
4050000.00,-219905916576.95,-100568806261.54,5328169894.99,11006.41,-19970.97,-204.99
4100000.00,-219353021819.10,-101566172489.95,5317858222.94,11109.46,-19923.55,-207.48
4150000.00,-218794978180.21,-102561154688.99,5307421724.57,11212.36,-19875.61,-209.98
4200000.00,-218231793283.54,-103553726936.85,5296860512.02,11315.11,-19827.15,-212.47
4250000.00,-217663474872.82,-104543863305.15,5286174700.22,11417.70,-19778.17,-214.96
4300000.00,-217090030812.73,-105531537859.34,5275364406.84,11520.14,-19728.68,-217.45
4350000.00,-216511469089.33,-106516724659.14,5264429752.39,11622.41,-19678.66,-219.94
4400000.00,-215927797810.45,-107499397758.93,5253370860.14,11724.52,-19628.13,-222.42
4450000.00,-215339025206.16,-108479531208.16,5242187856.18,11826.46,-19577.07,-224.90
4500000.00,-214745159629.20,-109457099051.82,5230880869.43,11928.24,-19525.50,-227.38
4550000.00,-214146209555.40,-110432075330.87,5219450031.66,12029.84,-19473.41,-229.86
4600000.00,-213542183584.13,-111404434082.62,5207895477.44,12131.27,-19420.80,-232.33
4650000.00,-212933090438.73,-112374149341.25,5196217344.24,12232.53,-19367.67,-234.80
4700000.00,-212318938966.94,-113341195138.22,5184415772.38,12333.60,-19314.02,-237.27
4750000.00,-211699738141.35,-114305545502.73,5172490905.04,12434.50,-19259.85,-239.73
4800000.00,-211075497059.84,-115267174462.16,5160442888.33,12535.21,-19205.16,-242.19
4850000.00,-210446224945.98,-116226056042.60,5148271871.22,12635.74,-19149.96,-244.65
4900000.00,-209811931149.55,-117182164269.24,5135978005.63,12736.08,-19094.23,-247.11
4950000.00,-209172625146.88,-118135473166.90,5123561446.37,12836.23,-19037.98,-249.56
5000000.00,-208528316541.37,-119085956760.50,5111022351.20,12936.18,-18981.22,-252.01
5050000.00,-207879015063.89,-120033589075.55,5098360880.83,13035.94,-18923.93,-254.45
5100000.00,-207224730573.23,-120978344138.62,5085577198.92,13135.50,-18866.13,-256.90
5150000.00,-206565473056.53,-121920195977.88,5072671472.10,13234.86,-18807.80,-259.34
5200000.00,-205901252629.77,-122859118623.58,5059643870.00,13334.02,-18748.96,-261.77
5250000.00,-205232079538.12,-123795086108.54,5046494565.21,13432.97,-18689.60,-264.20
5300000.00,-204557964156.48,-124728072468.74,5033223733.34,13531.71,-18629.71,-266.63
5350000.00,-203878916989.84,-125658051743.75,5019831553.02,13630.24,-18569.31,-269.06
5400000.00,-203194948673.78,-126584997977.32,5006318205.89,13728.56,-18508.39,-271.48
5450000.00,-202506069974.89,-127508885217.91,4992683876.65,13826.65,-18446.95,-273.90
5500000.00,-201812291791.20,-128429687519.19,4978928753.04,13924.53,-18384.99,-276.31
5550000.00,-201113625152.63,-129347378940.65,4965053025.85,14022.19,-18322.52,-278.72
5600000.00,-200410081221.45,-130261933548.09,4951056888.95,14119.63,-18259.52,-281.13
5650000.00,-199701671292.67,-131173325414.22,4936940539.31,14216.83,-18196.01,-283.53
5700000.00,-198988406794.56,-132081528619.21,4922704176.97,14313.81,-18131.97,-285.93
5750000.00,-198270299289.01,-132986517251.25,4908348005.10,14410.55,-18067.42,-288.32
5800000.00,-197547360472.00,-133888265407.17,4893872229.98,14507.06,-18002.35,-290.71
5850000.00,-196819602174.09,-134786747192.96,4879277061.00,14603.33,-17936.77,-293.10
5900000.00,-196087036360.75,-135681936724.43,4864562710.74,14699.36,-17870.66,-295.48
5950000.00,-195349675132.91,-136573808127.73,4849729394.89,14795.15,-17804.04,-297.86
6000000.00,-194607530727.34,-137462335540.04,4834777332.32,14890.69,-17736.90,-300.23
6050000.00,-193860615517.07,-138347493110.09,4819706745.08,14985.98,-17669.25,-302.60
6100000.00,-193108942011.89,-139229254998.86,4804517858.42,15081.02,-17601.07,-304.96
6150000.00,-192352522858.72,-140107595380.14,4789210900.77,15175.80,-17532.39,-307.32
6200000.00,-191591370842.09,-140982488441.17,4773786103.77,15270.33,-17463.18,-309.67
6250000.00,-190825498884.55,-141853908383.32,4758243702.31,15364.60,-17393.46,-312.02
6300000.00,-190054920047.11,-142721829422.67,4742583934.48,15458.60,-17323.22,-314.37
6350000.00,-189279647529.69,-143586225790.70,4726807041.65,15552.35,-17252.47,-316.71
6400000.00,-188499694671.50,-144447071734.94,4710913268.43,15645.82,-17181.21,-319.04
6450000.00,-187715074951.55,-145304341519.61,4694902862.70,15739.02,-17109.43,-321.37
6500000.00,-186925801988.98,-146158009426.34,4678776075.63,15831.95,-17037.13,-323.70
6550000.00,-186131889543.59,-147008049754.78,4662533161.67,15924.60,-16964.32,-326.02
6600000.00,-185333351516.17,-147854436823.32,4646174378.59,16016.97,-16891.00,-328.33
6650000.00,-184530201949.00,-148697144969.79,4629699987.45,16109.06,-16817.17,-330.64
6700000.00,-183722455026.24,-149536148552.14,4613110252.68,16200.86,-16742.82,-332.95
6750000.00,-182910125074.34,-150371421949.14,4596405442.01,16292.38,-16667.96,-335.25
6800000.00,-182093226562.50,-151202939561.11,4579585826.54,16383.60,-16592.59,-337.54
6850000.00,-181271774103.03,-152030675810.61,4562651680.72,16474.54,-16516.70,-339.83
6900000.00,-180445782451.83,-152854605143.20,4545603282.38,16565.17,-16440.31,-342.11
6950000.00,-179615266508.75,-153674702028.15,4528440912.74,16655.51,-16363.40,-344.39
7000000.00,-178780241318.05,-154490940959.17,4511164856.40,16745.54,-16285.99,-346.66
7050000.00,-177940722068.78,-155303296455.18,4493775401.39,16835.27,-16208.07,-348.92
7100000.00,-177096724095.18,-156111743061.08,4476272839.13,16924.69,-16129.63,-351.18
7150000.00,-176248262877.13,-156916255348.44,4458657464.50,17013.80,-16050.69,-353.43
7200000.00,-175395354040.51,-157716807916.35,4440929575.81,17102.59,-15971.25,-355.68
7250000.00,-174538013357.62,-158513375392.15,4423089474.80,17191.07,-15891.29,-357.92
7300000.00,-173676256747.59,-159305932432.23,4405137466.70,17279.23,-15810.83,-360.16
7350000.00,-172810100276.77,-160094453722.80,4387073860.21,17367.06,-15729.86,-362.39
7400000.00,-171939560159.10,-160878913980.72,4368898967.51,17454.57,-15648.39,-364.61
7450000.00,-171064652756.55,-161659287954.28,4350613104.28,17541.75,-15566.41,-366.83
7500000.00,-170185394579.46,-162435550424.03,4332216589.70,17628.60,-15483.93,-369.04
7550000.00,-169301802286.97,-163207676203.59,4313709746.49,17715.12,-15400.94,-371.24
7600000.00,-168413892687.38,-163975640140.48,4295092900.87,17801.30,-15317.45,-373.44
7650000.00,-167521682738.52,-164739417116.96,4276366382.63,17887.13,-15233.46,-375.63
7700000.00,-166625189548.17,-165498982050.87,4257530525.08,17972.62,-15148.97,-377.81
7750000.00,-165724430374.39,-166254309896.47,4238585665.11,18057.77,-15063.98,-379.99
7800000.00,-164819422625.91,-167005375645.33,4219532143.19,18142.57,-14978.48,-382.16
7850000.00,-163910183862.49,-167752154327.17,4200370303.37,18227.01,-14892.49,-384.32
7900000.00,-162996731795.32,-168494621010.73,4181100493.27,18311.10,-14806.00,-386.47
7950000.00,-162079084287.34,-169232750804.67,4161723064.14,18394.83,-14719.02,-388.62
8000000.00,-161157259353.59,-169966518858.47,4142238370.84,18478.19,-14631.53,-390.77
8050000.00,-160231275161.63,-170695900363.27,4122646771.85,18561.20,-14543.56,-392.90
8100000.00,-159301150031.81,-171420870552.85,4102948629.29,18643.83,-14455.08,-395.03
8150000.00,-158366902437.66,-172141404704.50,4083144308.92,18726.09,-14366.11,-397.15
8200000.00,-157428551006.26,-172857478139.93,4063234180.16,18807.98,-14276.65,-399.26
8250000.00,-156486114518.49,-173569066226.24,4043218616.11,18889.50,-14186.70,-401.36
8300000.00,-155539611909.46,-174276144376.81,4023097993.51,18970.63,-14096.25,-403.46
8350000.00,-154589062268.78,-174978688052.30,4002872692.83,19051.38,-14005.32,-405.55
8400000.00,-153634484840.92,-175676672761.53,3982543098.19,19131.74,-13913.90,-407.63
8450000.00,-152675899025.50,-176370074062.51,3962109597.47,19211.71,-13821.98,-409.71
8500000.00,-151713324377.64,-177058867563.37,3941572582.21,19291.29,-13729.58,-411.77
8550000.00,-150746780608.25,-177743028923.34,3920932447.71,19370.47,-13636.70,-413.83
8600000.00,-149776287584.32,-178422533853.74,3900189593.00,19449.26,-13543.33,-415.88
8650000.00,-148801865329.30,-179097358118.97,3879344420.84,19527.64,-13449.47,-417.92
8700000.00,-147823534023.29,-179767477537.51,3858397337.77,19605.62,-13355.13,-419.96
8750000.00,-146841314003.41,-180432867982.92,3837348754.06,19683.19,-13260.31,-421.98
8800000.00,-145855225764.06,-181093505384.89,3816199083.77,19760.35,-13165.01,-424.00
8850000.00,-144865289957.23,-181749365730.21,3794948744.74,19837.09,-13069.23,-426.01
8900000.00,-143871527392.70,-182400425063.83,3773598158.60,19913.42,-12972.97,-428.01
8950000.00,-142873959038.42,-183046659489.92,3752147750.77,19989.32,-12876.23,-430.00
9000000.00,-141872606020.69,-183688045172.88,3730597950.50,20064.80,-12779.02,-431.99
9050000.00,-140867489624.44,-184324558338.43,3708949190.83,20139.86,-12681.33,-433.96
9100000.00,-139858631293.54,-184956175274.64,3687201908.63,20214.48,-12583.17,-435.93
9150000.00,-138846052630.94,-185582872333.02,3665356544.61,20288.67,-12484.54,-437.89
9200000.00,-137829775399.04,-186204625929.62,3643413543.33,20362.42,-12385.43,-439.83
9250000.00,-136809821519.80,-186821412546.08,3621373353.18,20435.73,-12285.86,-441.77
9300000.00,-135786213075.08,-187433208730.74,3599236426.41,20508.60,-12185.81,-443.70
9350000.00,-134758972306.78,-188039991099.76,3577003219.14,20581.03,-12085.30,-445.62
9400000.00,-133728121617.11,-188641736338.23,3554674191.38,20653.00,-11984.33,-447.54
9450000.00,-132693683568.78,-189238421201.25,3532249806.99,20724.52,-11882.89,-449.44
9500000.00,-131655680885.18,-189830022515.11,3509730533.73,20795.58,-11780.99,-451.33
9550000.00,-130614136450.64,-190416517178.41,3487116843.27,20866.19,-11678.62,-453.22
9600000.00,-129569073310.54,-190997882163.17,3464409211.15,20936.33,-11575.80,-455.09
9650000.00,-128520514671.56,-191574094516.05,3441608116.86,21006.01,-11472.52,-456.95
9700000.00,-127468483901.83,-192145131359.45,3418714043.78,21075.21,-11368.78,-458.81
9750000.00,-126413004531.07,-192710969892.69,3395727479.21,21143.95,-11264.58,-460.65
9800000.00,-125354100250.81,-193271587393.21,3372648914.40,21212.21,-11159.94,-462.49
9850000.00,-124291794914.47,-193826961217.74,3349478844.53,21279.99,-11054.84,-464.31
9900000.00,-123226112537.58,-194377068803.47,3326217768.70,21347.29,-10949.29,-466.13
9950000.00,-122157077297.86,-194921887669.31,3302866189.99,21414.10,-10843.29,-467.93
