0.00,6798643264.15,-67406336638.98,-6272267731.64,38608.64,8199.35,-0.00
10.00,6799029350.70,-67406254646.88,-6272267731.77,38608.67,8199.07,-0.03
20.00,6799415437.57,-67406172657.56,-6272267732.15,38608.70,8198.79,-0.05
30.00,6799801524.77,-67406090671.01,-6272267732.79,38608.74,8198.52,-0.08
40.00,6800187612.30,-67406008687.23,-6272267733.69,38608.77,8198.24,-0.10
50.00,6800573700.15,-67405926706.22,-6272267734.84,38608.80,8197.96,-0.13
60.00,6800959788.33,-67405844727.99,-6272267736.26,38608.84,8197.68,-0.15
70.00,6801345876.84,-67405762752.53,-6272267737.92,38608.87,8197.41,-0.18
80.00,6801731965.67,-67405680779.84,-6272267739.85,38608.90,8197.13,-0.21
90.00,6802118054.83,-67405598809.93,-6272267742.03,38608.93,8196.85,-0.23
100.00,6802504144.32,-67405516842.78,-6272267744.46,38608.97,8196.58,-0.26
110.00,6802890234.13,-67405434878.41,-6272267747.16,38609.00,8196.30,-0.28
120.00,6803276324.27,-67405352916.82,-6272267750.11,38609.03,8196.02,-0.31
130.00,6803662414.74,-67405270957.99,-6272267753.32,38609.06,8195.74,-0.33
140.00,6804048505.53,-67405189001.94,-6272267756.78,38609.10,8195.47,-0.36
150.00,6804434596.65,-67405107048.66,-6272267760.50,38609.13,8195.19,-0.38
160.00,6804820688.10,-67405025098.16,-6272267764.47,38609.16,8194.91,-0.41
170.00,6805206779.88,-67404943150.42,-6272267768.71,38609.19,8194.63,-0.44
180.00,6805592871.98,-67404861205.46,-6272267773.20,38609.23,8194.36,-0.46
190.00,6805978964.41,-67404779263.27,-6272267777.94,38609.26,8194.08,-0.49
200.00,6806365057.16,-67404697323.86,-6272267782.95,38609.29,8193.80,-0.51
210.00,6806751150.25,-67404615387.21,-6272267788.20,38609.33,8193.53,-0.54
220.00,6807137243.66,-67404533453.34,-6272267793.72,38609.36,8193.25,-0.56
230.00,6807523337.39,-67404451522.25,-6272267799.49,38609.39,8192.97,-0.59
240.00,6807909431.46,-67404369593.92,-6272267805.52,38609.42,8192.69,-0.62
250.00,6808295525.85,-67404287668.37,-6272267811.81,38609.46,8192.42,-0.64
260.00,6808681620.56,-67404205745.59,-6272267818.35,38609.49,8192.14,-0.67
270.00,6809067715.61,-67404123825.58,-6272267825.15,38609.52,8191.86,-0.69
280.00,6809453810.98,-67404041908.35,-6272267832.20,38609.55,8191.58,-0.72
290.00,6809839906.68,-67403959993.89,-6272267839.51,38609.59,8191.31,-0.74
300.00,6810226002.71,-67403878082.20,-6272267847.08,38609.62,8191.03,-0.77
310.00,6810612099.06,-67403796173.28,-6272267854.91,38609.65,8190.75,-0.80
320.00,6810998195.74,-67403714267.14,-6272267862.99,38609.69,8190.48,-0.82
330.00,6811384292.75,-67403632363.77,-6272267871.32,38609.72,8190.20,-0.85
340.00,6811770390.08,-67403550463.17,-6272267879.92,38609.75,8189.92,-0.87
350.00,6812156487.74,-67403468565.34,-6272267888.77,38609.78,8189.64,-0.90
360.00,6812542585.73,-67403386670.29,-6272267897.88,38609.82,8189.37,-0.92
370.00,6812928684.05,-67403304778.01,-6272267907.24,38609.85,8189.09,-0.95
380.00,6813314782.69,-67403222888.50,-6272267916.86,38609.88,8188.81,-0.97
390.00,6813700881.66,-67403141001.77,-6272267926.74,38609.91,8188.53,-1.00
400.00,6814086980.96,-67403059117.81,-6272267936.87,38609.95,8188.26,-1.03
410.00,6814473080.59,-67402977236.62,-6272267947.26,38609.98,8187.98,-1.05
420.00,6814859180.54,-67402895358.20,-6272267957.91,38610.01,8187.70,-1.08
430.00,6815245280.82,-67402813482.56,-6272267968.81,38610.05,8187.43,-1.10
440.00,6815631381.43,-67402731609.69,-6272267979.97,38610.08,8187.15,-1.13
450.00,6816017482.36,-67402649739.59,-6272267991.39,38610.11,8186.87,-1.15
460.00,6816403583.63,-67402567872.26,-6272268003.06,38610.14,8186.59,-1.18
470.00,6816789685.22,-67402486007.71,-6272268014.99,38610.18,8186.32,-1.21
480.00,6817175787.13,-67402404145.93,-6272268027.17,38610.21,8186.04,-1.23
490.00,6817561889.38,-67402322286.92,-6272268039.62,38610.24,8185.76,-1.26
500.00,6817947991.95,-67402240430.68,-6272268052.32,38610.27,8185.48,-1.28
510.00,6818334094.85,-67402158577.22,-6272268065.27,38610.31,8185.21,-1.31
520.00,6818720198.08,-67402076726.53,-6272268078.48,38610.34,8184.93,-1.33
530.00,6819106301.63,-67401994878.62,-6272268091.95,38610.37,8184.65,-1.36
540.00,6819492405.51,-67401913033.47,-6272268105.68,38610.41,8184.38,-1.39
550.00,6819878509.72,-67401831191.10,-6272268119.66,38610.44,8184.10,-1.41
560.00,6820264614.26,-67401749351.50,-6272268133.90,38610.47,8183.82,-1.44
570.00,6820650719.12,-67401667514.67,-6272268148.39,38610.50,8183.54,-1.46
580.00,6821036824.31,-67401585680.62,-6272268163.14,38610.54,8183.27,-1.49
590.00,6821422929.83,-67401503849.34,-6272268178.15,38610.57,8182.99,-1.51
600.00,6821809035.68,-67401422020.83,-6272268193.42,38610.60,8182.71,-1.54
610.00,6822195141.86,-67401340195.10,-6272268208.94,38610.63,8182.43,-1.56
620.00,6822581248.36,-67401258372.13,-6272268224.72,38610.67,8182.16,-1.59
630.00,6822967355.19,-67401176551.95,-6272268240.75,38610.70,8181.88,-1.62
640.00,6823353462.35,-67401094734.53,-6272268257.04,38610.73,8181.60,-1.64
650.00,6823739569.83,-67401012919.88,-6272268273.59,38610.77,8181.33,-1.67
660.00,6824125677.65,-67400931108.01,-6272268290.39,38610.80,8181.05,-1.69
670.00,6824511785.79,-67400849298.91,-6272268307.45,38610.83,8180.77,-1.72
680.00,6824897894.26,-67400767492.59,-6272268324.77,38610.86,8180.49,-1.74
690.00,6825284003.05,-67400685689.03,-6272268342.34,38610.90,8180.22,-1.77
700.00,6825670112.18,-67400603888.25,-6272268360.17,38610.93,8179.94,-1.80
710.00,6826056221.63,-67400522090.24,-6272268378.26,38610.96,8179.66,-1.82
720.00,6826442331.41,-67400440295.01,-6272268396.60,38611.00,8179.38,-1.85
730.00,6826828441.52,-67400358502.55,-6272268415.20,38611.03,8179.11,-1.87
740.00,6827214551.95,-67400276712.86,-6272268434.06,38611.06,8178.83,-1.90
750.00,6827600662.72,-67400194925.94,-6272268453.17,38611.09,8178.55,-1.92
760.00,6827986773.81,-67400113141.79,-6272268472.54,38611.13,8178.28,-1.95
770.00,6828372885.23,-67400031360.42,-6272268492.17,38611.16,8178.00,-1.98
780.00,6828758996.97,-67399949581.82,-6272268512.05,38611.19,8177.72,-2.00
790.00,6829145109.05,-67399867806.00,-6272268532.19,38611.22,8177.44,-2.03
800.00,6829531221.45,-67399786032.94,-6272268552.59,38611.26,8177.17,-2.05
810.00,6829917334.18,-67399704262.66,-6272268573.24,38611.29,8176.89,-2.08
820.00,6830303447.24,-67399622495.15,-6272268594.15,38611.32,8176.61,-2.10
830.00,6830689560.63,-67399540730.42,-6272268615.31,38611.36,8176.33,-2.13
840.00,6831075674.34,-67399458968.46,-6272268636.74,38611.39,8176.06,-2.16
850.00,6831461788.38,-67399377209.27,-6272268658.41,38611.42,8175.78,-2.18
860.00,6831847902.76,-67399295452.85,-6272268680.35,38611.45,8175.50,-2.21
870.00,6832234017.45,-67399213699.21,-6272268702.54,38611.49,8175.23,-2.23
880.00,6832620132.48,-67399131948.33,-6272268724.99,38611.52,8174.95,-2.26
890.00,6833006247.84,-67399050200.23,-6272268747.69,38611.55,8174.67,-2.28
900.00,6833392363.52,-67398968454.91,-6272268770.66,38611.59,8174.39,-2.31
910.00,6833778479.53,-67398886712.35,-6272268793.87,38611.62,8174.12,-2.33
920.00,6834164595.87,-67398804972.57,-6272268817.35,38611.65,8173.84,-2.36
930.00,6834550712.54,-67398723235.57,-6272268841.08,38611.68,8173.56,-2.39
940.00,6834936829.53,-67398641501.33,-6272268865.07,38611.72,8173.28,-2.41
950.00,6835322946.86,-67398559769.87,-6272268889.31,38611.75,8173.01,-2.44
960.00,6835709064.51,-67398478041.18,-6272268913.81,38611.78,8172.73,-2.46
970.00,6836095182.49,-67398396315.26,-6272268938.57,38611.82,8172.45,-2.49
980.00,6836481300.80,-67398314592.12,-6272268963.59,38611.85,8172.18,-2.51
990.00,6836867419.43,-67398232871.75,-6272268988.86,38611.88,8171.90,-2.54
1000.00,6837253538.40,-67398151154.15,-6272269014.38,38611.91,8171.62,-2.57
1010.00,6837639657.69,-67398069439.32,-6272269040.17,38611.95,8171.34,-2.59
1020.00,6838025777.31,-67397987727.27,-6272269066.21,38611.98,8171.07,-2.62
1030.00,6838411897.26,-67397906017.99,-6272269092.50,38612.01,8170.79,-2.64
1040.00,6838798017.54,-67397824311.48,-6272269119.06,38612.05,8170.51,-2.67
1050.00,6839184138.15,-67397742607.74,-6272269145.87,38612.08,8170.23,-2.69
1060.00,6839570259.08,-67397660906.78,-6272269172.94,38612.11,8169.96,-2.72
1070.00,6839956380.35,-67397579208.59,-6272269200.26,38612.14,8169.68,-2.75
1080.00,6840342501.94,-67397497513.18,-6272269227.84,38612.18,8169.40,-2.77
1090.00,6840728623.86,-67397415820.53,-6272269255.67,38612.21,8169.13,-2.80
1100.00,6841114746.11,-67397334130.66,-6272269283.77,38612.24,8168.85,-2.82
1110.00,6841500868.68,-67397252443.56,-6272269312.12,38612.27,8168.57,-2.85
1120.00,6841886991.59,-67397170759.24,-6272269340.72,38612.31,8168.29,-2.87
1130.00,6842273114.82,-67397089077.68,-6272269369.59,38612.34,8168.02,-2.90
1140.00,6842659238.38,-67397007398.90,-6272269398.71,38612.37,8167.74,-2.92
1150.00,6843045362.28,-67396925722.90,-6272269428.08,38612.41,8167.46,-2.95
1160.00,6843431486.49,-67396844049.66,-6272269457.71,38612.44,8167.18,-2.98
1170.00,6843817611.04,-67396762379.20,-6272269487.60,38612.47,8166.91,-3.00
1180.00,6844203735.92,-67396680711.51,-6272269517.75,38612.50,8166.63,-3.03
1190.00,6844589861.12,-67396599046.59,-6272269548.15,38612.54,8166.35,-3.05
1200.00,6844975986.66,-67396517384.45,-6272269578.81,38612.57,8166.08,-3.08
1210.00,6845362112.52,-67396435725.08,-6272269609.73,38612.60,8165.80,-3.10
1220.00,6845748238.71,-67396354068.48,-6272269640.90,38612.64,8165.52,-3.13
1230.00,6846134365.23,-67396272414.66,-6272269672.33,38612.67,8165.24,-3.16
1240.00,6846520492.08,-67396190763.60,-6272269704.01,38612.70,8164.97,-3.18
1250.00,6846906619.25,-67396109115.32,-6272269735.95,38612.73,8164.69,-3.21
1260.00,6847292746.76,-67396027469.82,-6272269768.15,38612.77,8164.41,-3.23
1270.00,6847678874.59,-67395945827.08,-6272269800.61,38612.80,8164.13,-3.26
1280.00,6848065002.76,-67395864187.12,-6272269833.32,38612.83,8163.86,-3.28
1290.00,6848451131.25,-67395782549.93,-6272269866.29,38612.87,8163.58,-3.31
1300.00,6848837260.07,-67395700915.52,-6272269899.51,38612.90,8163.30,-3.34
1310.00,6849223389.22,-67395619283.87,-6272269932.99,38612.93,8163.03,-3.36
1320.00,6849609518.69,-67395537655.00,-6272269966.73,38612.97,8162.75,-3.39
1330.00,6849995648.50,-67395456028.91,-6272270000.73,38613.00,8162.47,-3.41
1340.00,6850381778.64,-67395374405.58,-6272270034.98,38613.03,8162.19,-3.44
1350.00,6850767909.10,-67395292785.03,-6272270069.48,38613.06,8161.92,-3.46
1360.00,6851154039.89,-67395211167.25,-6272270104.25,38613.10,8161.64,-3.49
1370.00,6851540171.02,-67395129552.25,-6272270139.27,38613.13,8161.36,-3.51
1380.00,6851926302.47,-67395047940.01,-6272270174.55,38613.16,8161.08,-3.54
1390.00,6852312434.25,-67394966330.55,-6272270210.08,38613.20,8160.81,-3.57
1400.00,6852698566.36,-67394884723.86,-6272270245.87,38613.23,8160.53,-3.59
1410.00,6853084698.79,-67394803119.95,-6272270281.92,38613.26,8160.25,-3.62
1420.00,6853470831.56,-67394721518.81,-6272270318.22,38613.29,8159.98,-3.64
1430.00,6853856964.65,-67394639920.44,-6272270354.78,38613.33,8159.70,-3.67
1440.00,6854243098.08,-67394558324.84,-6272270391.60,38613.36,8159.42,-3.69
1450.00,6854629231.83,-67394476732.02,-6272270428.67,38613.39,8159.14,-3.72
1460.00,6855015365.91,-67394395141.96,-6272270466.00,38613.43,8158.87,-3.75
1470.00,6855401500.33,-67394313554.69,-6272270503.59,38613.46,8158.59,-3.77
1480.00,6855787635.07,-67394231970.18,-6272270541.43,38613.49,8158.31,-3.80
1490.00,6856173770.14,-67394150388.45,-6272270579.53,38613.52,8158.03,-3.82
1500.00,6856559905.53,-67394068809.49,-6272270617.89,38613.56,8157.76,-3.85
1510.00,6856946041.26,-67393987233.30,-6272270656.50,38613.59,8157.48,-3.87
1520.00,6857332177.32,-67393905659.89,-6272270695.37,38613.62,8157.20,-3.90
1530.00,6857718313.70,-67393824089.24,-6272270734.50,38613.66,8156.93,-3.93
1540.00,6858104450.42,-67393742521.38,-6272270773.88,38613.69,8156.65,-3.95
1550.00,6858490587.46,-67393660956.28,-6272270813.52,38613.72,8156.37,-3.98
1560.00,6858876724.84,-67393579393.96,-6272270853.42,38613.75,8156.09,-4.00
1570.00,6859262862.54,-67393497834.41,-6272270893.57,38613.79,8155.82,-4.03
1580.00,6859649000.57,-67393416277.63,-6272270933.98,38613.82,8155.54,-4.05
1590.00,6860035138.93,-67393334723.62,-6272270974.65,38613.85,8155.26,-4.08
1600.00,6860421277.62,-67393253172.39,-6272271015.57,38613.89,8154.98,-4.11
1610.00,6860807416.64,-67393171623.93,-6272271056.75,38613.92,8154.71,-4.13
1620.00,6861193555.99,-67393090078.25,-6272271098.18,38613.95,8154.43,-4.16
1630.00,6861579695.67,-67393008535.33,-6272271139.88,38613.99,8154.15,-4.18
1640.00,6861965835.68,-67392926995.19,-6272271181.82,38614.02,8153.88,-4.21
1650.00,6862351976.01,-67392845457.82,-6272271224.03,38614.05,8153.60,-4.23
1660.00,6862738116.68,-67392763923.23,-6272271266.49,38614.08,8153.32,-4.26
1670.00,6863124257.67,-67392682391.41,-6272271309.21,38614.12,8153.04,-4.28
1680.00,6863510399.00,-67392600862.36,-6272271352.19,38614.15,8152.77,-4.31
1690.00,6863896540.65,-67392519336.08,-6272271395.42,38614.18,8152.49,-4.34
1700.00,6864282682.64,-67392437812.58,-6272271438.91,38614.22,8152.21,-4.36
1710.00,6864668824.95,-67392356291.84,-6272271482.65,38614.25,8151.93,-4.39
1720.00,6865054967.59,-67392274773.89,-6272271526.65,38614.28,8151.66,-4.41
1730.00,6865441110.56,-67392193258.70,-6272271570.91,38614.31,8151.38,-4.44
1740.00,6865827253.86,-67392111746.29,-6272271615.43,38614.35,8151.10,-4.46
1750.00,6866213397.49,-67392030236.65,-6272271660.20,38614.38,8150.83,-4.49
1760.00,6866599541.45,-67391948729.78,-6272271705.23,38614.41,8150.55,-4.52
1770.00,6866985685.74,-67391867225.69,-6272271750.51,38614.45,8150.27,-4.54
1780.00,6867371830.36,-67391785724.37,-6272271796.05,38614.48,8149.99,-4.57
1790.00,6867757975.31,-67391704225.82,-6272271841.85,38614.51,8149.72,-4.59
1800.00,6868144120.59,-67391622730.04,-6272271887.91,38614.55,8149.44,-4.62
1810.00,6868530266.20,-67391541237.04,-6272271934.22,38614.58,8149.16,-4.64
1820.00,6868916412.14,-67391459746.81,-6272271980.78,38614.61,8148.88,-4.67
1830.00,6869302558.40,-67391378259.35,-6272272027.61,38614.64,8148.61,-4.70
1840.00,6869688705.00,-67391296774.67,-6272272074.69,38614.68,8148.33,-4.72
1850.00,6870074851.93,-67391215292.76,-6272272122.03,38614.71,8148.05,-4.75
1860.00,6870460999.18,-67391133813.62,-6272272169.62,38614.74,8147.78,-4.77
1870.00,6870847146.77,-67391052337.25,-6272272217.47,38614.78,8147.50,-4.80
1880.00,6871233294.68,-67390970863.66,-6272272265.58,38614.81,8147.22,-4.82
1890.00,6871619442.93,-67390889392.84,-6272272313.94,38614.84,8146.94,-4.85
1900.00,6872005591.50,-67390807924.79,-6272272362.57,38614.87,8146.67,-4.87
1910.00,6872391740.41,-67390726459.52,-6272272411.44,38614.91,8146.39,-4.90
1920.00,6872777889.64,-67390644997.02,-6272272460.58,38614.94,8146.11,-4.93
1930.00,6873164039.20,-67390563537.29,-6272272509.97,38614.97,8145.83,-4.95
1940.00,6873550189.10,-67390482080.33,-6272272559.61,38615.01,8145.56,-4.98
1950.00,6873936339.32,-67390400626.15,-6272272609.52,38615.04,8145.28,-5.00
1960.00,6874322489.88,-67390319174.74,-6272272659.68,38615.07,8145.00,-5.03
1970.00,6874708640.76,-67390237726.10,-6272272710.10,38615.11,8144.73,-5.05
1980.00,6875094791.97,-67390156280.24,-6272272760.77,38615.14,8144.45,-5.08
1990.00,6875480943.51,-67390074837.14,-6272272811.70,38615.17,8144.17,-5.11
2000.00,6875867095.39,-67389993396.83,-6272272862.89,38615.20,8143.89,-5.13
2010.00,6876253247.59,-67389911959.28,-6272272914.33,38615.24,8143.62,-5.16
2020.00,6876639400.12,-67389830524.51,-6272272966.03,38615.27,8143.34,-5.18
2030.00,6877025552.98,-67389749092.51,-6272273017.99,38615.30,8143.06,-5.21
2040.00,6877411706.18,-67389667663.28,-6272273070.20,38615.34,8142.78,-5.23
2050.00,6877797859.70,-67389586236.82,-6272273122.67,38615.37,8142.51,-5.26
2060.00,6878184013.55,-67389504813.14,-6272273175.40,38615.40,8142.23,-5.29
2070.00,6878570167.73,-67389423392.23,-6272273228.38,38615.44,8141.95,-5.31
2080.00,6878956322.25,-67389341974.10,-6272273281.62,38615.47,8141.68,-5.34
2090.00,6879342477.09,-67389260558.73,-6272273335.12,38615.50,8141.40,-5.36
2100.00,6879728632.26,-67389179146.14,-6272273388.87,38615.53,8141.12,-5.39
2110.00,6880114787.76,-67389097736.33,-6272273442.88,38615.57,8140.84,-5.41
2120.00,6880500943.60,-67389016329.28,-6272273497.14,38615.60,8140.57,-5.44
2130.00,6880887099.76,-67388934925.01,-6272273551.67,38615.63,8140.29,-5.47
2140.00,6881273256.25,-67388853523.51,-6272273606.45,38615.67,8140.01,-5.49
2150.00,6881659413.08,-67388772124.78,-6272273661.48,38615.70,8139.73,-5.52
2160.00,6882045570.23,-67388690728.83,-6272273716.78,38615.73,8139.46,-5.54
2170.00,6882431727.71,-67388609335.65,-6272273772.33,38615.77,8139.18,-5.57
2180.00,6882817885.53,-67388527945.24,-6272273828.13,38615.80,8138.90,-5.59
2190.00,6883204043.67,-67388446557.61,-6272273884.19,38615.83,8138.62,-5.62
2200.00,6883590202.14,-67388365172.75,-6272273940.51,38615.86,8138.35,-5.64
2210.00,6883976360.95,-67388283790.66,-6272273997.09,38615.90,8138.07,-5.67
2220.00,6884362520.08,-67388202411.34,-6272274053.92,38615.93,8137.79,-5.70
2230.00,6884748679.55,-67388121034.80,-6272274111.01,38615.96,8137.52,-5.72
2240.00,6885134839.34,-67388039661.03,-6272274168.36,38616.00,8137.24,-5.75
2250.00,6885520999.47,-67387958290.03,-6272274225.96,38616.03,8136.96,-5.77
2260.00,6885907159.92,-67387876921.81,-6272274283.82,38616.06,8136.68,-5.80
2270.00,6886293320.71,-67387795556.35,-6272274341.93,38616.10,8136.41,-5.82
2280.00,6886679481.82,-67387714193.67,-6272274400.31,38616.13,8136.13,-5.85
2290.00,6887065643.27,-67387632833.77,-6272274458.93,38616.16,8135.85,-5.88
2300.00,6887451805.05,-67387551476.64,-6272274517.82,38616.20,8135.57,-5.90
2310.00,6887837967.15,-67387470122.28,-6272274576.96,38616.23,8135.30,-5.93
2320.00,6888224129.59,-67387388770.69,-6272274636.36,38616.26,8135.02,-5.95
2330.00,6888610292.36,-67387307421.87,-6272274696.02,38616.29,8134.74,-5.98
2340.00,6888996455.46,-67387226075.83,-6272274755.93,38616.33,8134.47,-6.00
2350.00,6889382618.89,-67387144732.56,-6272274816.10,38616.36,8134.19,-6.03
2360.00,6889768782.65,-67387063392.07,-6272274876.52,38616.39,8133.91,-6.06
2370.00,6890154946.74,-67386982054.34,-6272274937.20,38616.43,8133.63,-6.08
2380.00,6890541111.16,-67386900719.39,-6272274998.14,38616.46,8133.36,-6.11
2390.00,6890927275.91,-67386819387.22,-6272275059.34,38616.49,8133.08,-6.13
2400.00,6891313440.99,-67386738057.81,-6272275120.79,38616.53,8132.80,-6.16
2410.00,6891699606.40,-67386656731.18,-6272275182.50,38616.56,8132.52,-6.18
2420.00,6892085772.14,-67386575407.32,-6272275244.46,38616.59,8132.25,-6.21
2430.00,6892471938.22,-67386494086.24,-6272275306.68,38616.62,8131.97,-6.24
2440.00,6892858104.62,-67386412767.92,-6272275369.16,38616.66,8131.69,-6.26
2450.00,6893244271.36,-67386331452.38,-6272275431.90,38616.69,8131.42,-6.29
2460.00,6893630438.42,-67386250139.62,-6272275494.89,38616.72,8131.14,-6.31
2470.00,6894016605.82,-67386168829.62,-6272275558.14,38616.76,8130.86,-6.34
2480.00,6894402773.54,-67386087522.40,-6272275621.64,38616.79,8130.58,-6.36
2490.00,6894788941.60,-67386006217.95,-6272275685.40,38616.82,8130.31,-6.39
2500.00,6895175109.99,-67385924916.28,-6272275749.42,38616.86,8130.03,-6.41
2510.00,6895561278.71,-67385843617.38,-6272275813.70,38616.89,8129.75,-6.44
2520.00,6895947447.75,-67385762321.25,-6272275878.23,38616.92,8129.47,-6.47
2530.00,6896333617.13,-67385681027.89,-6272275943.02,38616.96,8129.20,-6.49
2540.00,6896719786.84,-67385599737.31,-6272276008.06,38616.99,8128.92,-6.52
2550.00,6897105956.89,-67385518449.49,-6272276073.36,38617.02,8128.64,-6.54
2560.00,6897492127.26,-67385437164.46,-6272276138.92,38617.05,8128.37,-6.57
2570.00,6897878297.96,-67385355882.19,-6272276204.73,38617.09,8128.09,-6.59
2580.00,6898264468.99,-67385274602.70,-6272276270.80,38617.12,8127.81,-6.62
2590.00,6898650640.36,-67385193325.98,-6272276337.13,38617.15,8127.53,-6.65
2600.00,6899036812.06,-67385112052.03,-6272276403.72,38617.19,8127.26,-6.67
2610.00,6899422984.08,-67385030780.86,-6272276470.56,38617.22,8126.98,-6.70
2620.00,6899809156.44,-67384949512.46,-6272276537.66,38617.25,8126.70,-6.72
2630.00,6900195329.13,-67384868246.83,-6272276605.01,38617.29,8126.42,-6.75
2640.00,6900581502.15,-67384786983.98,-6272276672.62,38617.32,8126.15,-6.77
2650.00,6900967675.50,-67384705723.89,-6272276740.49,38617.35,8125.87,-6.80
2660.00,6901353849.18,-67384624466.58,-6272276808.61,38617.39,8125.59,-6.83
2670.00,6901740023.19,-67384543212.05,-6272276876.99,38617.42,8125.32,-6.85
2680.00,6902126197.53,-67384461960.28,-6272276945.63,38617.45,8125.04,-6.88
2690.00,6902512372.21,-67384380711.29,-6272277014.53,38617.48,8124.76,-6.90
2700.00,6902898547.21,-67384299465.08,-6272277083.68,38617.52,8124.48,-6.93
2710.00,6903284722.55,-67384218221.63,-6272277153.08,38617.55,8124.21,-6.95
2720.00,6903670898.21,-67384136980.96,-6272277222.75,38617.58,8123.93,-6.98
2730.00,6904057074.21,-67384055743.06,-6272277292.67,38617.62,8123.65,-7.00
2740.00,6904443250.54,-67383974507.94,-6272277362.85,38617.65,8123.37,-7.03
2750.00,6904829427.20,-67383893275.58,-6272277433.28,38617.68,8123.10,-7.06
2760.00,6905215604.19,-67383812046.00,-6272277503.97,38617.72,8122.82,-7.08
2770.00,6905601781.52,-67383730819.20,-6272277574.92,38617.75,8122.54,-7.11
2780.00,6905987959.17,-67383649595.16,-6272277646.12,38617.78,8122.26,-7.13
2790.00,6906374137.15,-67383568373.90,-6272277717.58,38617.82,8121.99,-7.16
2800.00,6906760315.47,-67383487155.41,-6272277789.30,38617.85,8121.71,-7.18
2810.00,6907146494.12,-67383405939.70,-6272277861.28,38617.88,8121.43,-7.21
2820.00,6907532673.10,-67383324726.75,-6272277933.51,38617.92,8121.16,-7.24
2830.00,6907918852.41,-67383243516.58,-6272278005.99,38617.95,8120.88,-7.26
2840.00,6908305032.05,-67383162309.19,-6272278078.74,38617.98,8120.60,-7.29
2850.00,6908691212.02,-67383081104.56,-6272278151.74,38618.01,8120.32,-7.31
2860.00,6909077392.32,-67382999902.71,-6272278224.99,38618.05,8120.05,-7.34
2870.00,6909463572.96,-67382918703.64,-6272278298.51,38618.08,8119.77,-7.36
2880.00,6909849753.92,-67382837507.33,-6272278372.28,38618.11,8119.49,-7.39
2890.00,6910235935.22,-67382756313.80,-6272278446.31,38618.15,8119.21,-7.42
2900.00,6910622116.85,-67382675123.04,-6272278520.59,38618.18,8118.94,-7.44
2910.00,6911008298.81,-67382593935.05,-6272278595.13,38618.21,8118.66,-7.47
2920.00,6911394481.10,-67382512749.84,-6272278669.93,38618.25,8118.38,-7.49
2930.00,6911780663.72,-67382431567.40,-6272278744.98,38618.28,8118.11,-7.52
2940.00,6912166846.68,-67382350387.73,-6272278820.29,38618.31,8117.83,-7.54
2950.00,6912553029.96,-67382269210.84,-6272278895.86,38618.35,8117.55,-7.57
2960.00,6912939213.58,-67382188036.72,-6272278971.68,38618.38,8117.27,-7.60
2970.00,6913325397.53,-67382106865.37,-6272279047.76,38618.41,8117.00,-7.62
2980.00,6913711581.81,-67382025696.79,-6272279124.10,38618.45,8116.72,-7.65
2990.00,6914097766.42,-67381944530.99,-6272279200.69,38618.48,8116.44,-7.67
3000.00,6914483951.36,-67381863367.96,-6272279277.54,38618.51,8116.16,-7.70
3010.00,6914870136.64,-67381782207.70,-6272279354.65,38618.54,8115.89,-7.72
3020.00,6915256322.25,-67381701050.22,-6272279432.01,38618.58,8115.61,-7.75
3030.00,6915642508.18,-67381619895.51,-6272279509.63,38618.61,8115.33,-7.77
3040.00,6916028694.45,-67381538743.57,-6272279587.51,38618.64,8115.06,-7.80
3050.00,6916414881.05,-67381457594.40,-6272279665.65,38618.68,8114.78,-7.83
3060.00,6916801067.99,-67381376448.01,-6272279744.04,38618.71,8114.50,-7.85
3070.00,6917187255.25,-67381295304.39,-6272279822.68,38618.74,8114.22,-7.88
3080.00,6917573442.85,-67381214163.55,-6272279901.59,38618.78,8113.95,-7.90
3090.00,6917959630.77,-67381133025.47,-6272279980.75,38618.81,8113.67,-7.93
3100.00,6918345819.03,-67381051890.17,-6272280060.16,38618.84,8113.39,-7.95
3110.00,6918732007.62,-67380970757.65,-6272280139.84,38618.88,8113.11,-7.98
3120.00,6919118196.55,-67380889627.89,-6272280219.77,38618.91,8112.84,-8.01
3130.00,6919504385.80,-67380808500.91,-6272280299.95,38618.94,8112.56,-8.03
3140.00,6919890575.39,-67380727376.70,-6272280380.40,38618.98,8112.28,-8.06
3150.00,6920276765.30,-67380646255.27,-6272280461.10,38619.01,8112.00,-8.08
3160.00,6920662955.55,-67380565136.60,-6272280542.05,38619.04,8111.73,-8.11
3170.00,6921049146.13,-67380484020.71,-6272280623.27,38619.08,8111.45,-8.13
3180.00,6921435337.05,-67380402907.60,-6272280704.74,38619.11,8111.17,-8.16
3190.00,6921821528.29,-67380321797.25,-6272280786.47,38619.14,8110.90,-8.19
3200.00,6922207719.87,-67380240689.68,-6272280868.45,38619.18,8110.62,-8.21
3210.00,6922593911.78,-67380159584.88,-6272280950.69,38619.21,8110.34,-8.24
3220.00,6922980104.02,-67380078482.86,-6272281033.19,38619.24,8110.06,-8.26
3230.00,6923366296.59,-67379997383.61,-6272281115.94,38619.27,8109.79,-8.29
3240.00,6923752489.49,-67379916287.13,-6272281198.95,38619.31,8109.51,-8.31
3250.00,6924138682.73,-67379835193.42,-6272281282.22,38619.34,8109.23,-8.34
3260.00,6924524876.30,-67379754102.49,-6272281365.74,38619.37,8108.95,-8.37
3270.00,6924911070.20,-67379673014.33,-6272281449.52,38619.41,8108.68,-8.39
3280.00,6925297264.43,-67379591928.94,-6272281533.56,38619.44,8108.40,-8.42
3290.00,6925683458.99,-67379510846.33,-6272281617.85,38619.47,8108.12,-8.44
3300.00,6926069653.89,-67379429766.49,-6272281702.40,38619.51,8107.85,-8.47
3310.00,6926455849.12,-67379348689.42,-6272281787.21,38619.54,8107.57,-8.49
3320.00,6926842044.68,-67379267615.12,-6272281872.27,38619.57,8107.29,-8.52
3330.00,6927228240.57,-67379186543.60,-6272281957.59,38619.61,8107.01,-8.54
3340.00,6927614436.79,-67379105474.85,-6272282043.17,38619.64,8106.74,-8.57
3350.00,6928000633.35,-67379024408.87,-6272282129.00,38619.67,8106.46,-8.60
3360.00,6928386830.24,-67378943345.67,-6272282215.09,38619.71,8106.18,-8.62
3370.00,6928773027.46,-67378862285.24,-6272282301.44,38619.74,8105.90,-8.65
3380.00,6929159225.01,-67378781227.58,-6272282388.04,38619.77,8105.63,-8.67
3390.00,6929545422.89,-67378700172.70,-6272282474.90,38619.81,8105.35,-8.70
3400.00,6929931621.11,-67378619120.58,-6272282562.02,38619.84,8105.07,-8.72
3410.00,6930317819.66,-67378538071.25,-6272282649.39,38619.87,8104.80,-8.75
3420.00,6930704018.54,-67378457024.68,-6272282737.02,38619.91,8104.52,-8.78
3430.00,6931090217.75,-67378375980.89,-6272282824.91,38619.94,8104.24,-8.80
3440.00,6931476417.30,-67378294939.87,-6272282913.05,38619.97,8103.96,-8.83
3450.00,6931862617.18,-67378213901.62,-6272283001.45,38620.01,8103.69,-8.85
3460.00,6932248817.39,-67378132866.15,-6272283090.11,38620.04,8103.41,-8.88
3470.00,6932635017.93,-67378051833.45,-6272283179.02,38620.07,8103.13,-8.90
3480.00,6933021218.80,-67377970803.52,-6272283268.19,38620.10,8102.85,-8.93
3490.00,6933407420.01,-67377889776.36,-6272283357.62,38620.14,8102.58,-8.96
3500.00,6933793621.55,-67377808751.98,-6272283447.30,38620.17,8102.30,-8.98
3510.00,6934179823.42,-67377727730.37,-6272283537.24,38620.20,8102.02,-9.01
3520.00,6934566025.63,-67377646711.54,-6272283627.44,38620.24,8101.74,-9.03
3530.00,6934952228.16,-67377565695.47,-6272283717.89,38620.27,8101.47,-9.06
3540.00,6935338431.03,-67377484682.18,-6272283808.60,38620.30,8101.19,-9.08
3550.00,6935724634.23,-67377403671.67,-6272283899.57,38620.34,8100.91,-9.11
3560.00,6936110837.77,-67377322663.92,-6272283990.80,38620.37,8100.64,-9.14
3570.00,6936497041.63,-67377241658.95,-6272284082.28,38620.40,8100.36,-9.16
3580.00,6936883245.83,-67377160656.75,-6272284174.01,38620.44,8100.08,-9.19
3590.00,6937269450.36,-67377079657.33,-6272284266.01,38620.47,8099.80,-9.21
3600.00,6937655655.22,-67376998660.68,-6272284358.26,38620.50,8099.53,-9.24
3610.00,6938041860.42,-67376917666.80,-6272284450.76,38620.54,8099.25,-9.26
3620.00,6938428065.95,-67376836675.69,-6272284543.53,38620.57,8098.97,-9.29
3630.00,6938814271.81,-67376755687.36,-6272284636.55,38620.60,8098.69,-9.31
3640.00,6939200478.00,-67376674701.80,-6272284729.82,38620.64,8098.42,-9.34
3650.00,6939586684.53,-67376593719.01,-6272284823.36,38620.67,8098.14,-9.37
3660.00,6939972891.39,-67376512739.00,-6272284917.15,38620.70,8097.86,-9.39
3670.00,6940359098.58,-67376431761.76,-6272285011.20,38620.74,8097.59,-9.42
3680.00,6940745306.10,-67376350787.29,-6272285105.50,38620.77,8097.31,-9.44
3690.00,6941131513.96,-67376269815.59,-6272285200.06,38620.80,8097.03,-9.47
3700.00,6941517722.15,-67376188846.67,-6272285294.88,38620.84,8096.75,-9.49
3710.00,6941903930.67,-67376107880.52,-6272285389.95,38620.87,8096.48,-9.52
3720.00,6942290139.52,-67376026917.14,-6272285485.28,38620.90,8096.20,-9.55
3730.00,6942676348.71,-67375945956.54,-6272285580.87,38620.94,8095.92,-9.57
3740.00,6943062558.23,-67375864998.71,-6272285676.71,38620.97,8095.64,-9.60
3750.00,6943448768.08,-67375784043.65,-6272285772.81,38621.00,8095.37,-9.62
3760.00,6943834978.27,-67375703091.37,-6272285869.17,38621.04,8095.09,-9.65
3770.00,6944221188.78,-67375622141.86,-6272285965.78,38621.07,8094.81,-9.67
3780.00,6944607399.63,-67375541195.12,-6272286062.65,38621.10,8094.54,-9.70
3790.00,6944993610.82,-67375460251.15,-6272286159.78,38621.14,8094.26,-9.73
3800.00,6945379822.33,-67375379309.96,-6272286257.17,38621.17,8093.98,-9.75
3810.00,6945766034.18,-67375298371.54,-6272286354.81,38621.20,8093.70,-9.78
3820.00,6946152246.37,-67375217435.90,-6272286452.70,38621.24,8093.43,-9.80
3830.00,6946538458.88,-67375136503.02,-6272286550.86,38621.27,8093.15,-9.83
3840.00,6946924671.73,-67375055572.92,-6272286649.27,38621.30,8092.87,-9.85
3850.00,6947310884.91,-67374974645.60,-6272286747.94,38621.34,8092.59,-9.88
3860.00,6947697098.42,-67374893721.04,-6272286846.86,38621.37,8092.32,-9.91
3870.00,6948083312.27,-67374812799.26,-6272286946.04,38621.40,8092.04,-9.93
3880.00,6948469526.45,-67374731880.25,-6272287045.48,38621.44,8091.76,-9.96
3890.00,6948855740.96,-67374650964.02,-6272287145.17,38621.47,8091.48,-9.98
3900.00,6949241955.81,-67374570050.56,-6272287245.12,38621.50,8091.21,-10.01
3910.00,6949628170.98,-67374489139.87,-6272287345.33,38621.54,8090.93,-10.03
3920.00,6950014386.50,-67374408231.95,-6272287445.79,38621.57,8090.65,-10.06
3930.00,6950400602.34,-67374327326.81,-6272287546.52,38621.60,8090.38,-10.08
3940.00,6950786818.52,-67374246424.44,-6272287647.49,38621.64,8090.10,-10.11
3950.00,6951173035.03,-67374165524.84,-6272287748.73,38621.67,8089.82,-10.14
3960.00,6951559251.87,-67374084628.02,-6272287850.22,38621.70,8089.54,-10.16
3970.00,6951945469.05,-67374003733.97,-6272287951.97,38621.74,8089.27,-10.19
3980.00,6952331686.56,-67373922842.69,-6272288053.97,38621.77,8088.99,-10.21
3990.00,6952717904.40,-67373841954.18,-6272288156.23,38621.80,8088.71,-10.24
4000.00,6953104122.58,-67373761068.45,-6272288258.75,38621.84,8088.43,-10.26
4010.00,6953490341.08,-67373680185.49,-6272288361.52,38621.87,8088.16,-10.29
4020.00,6953876559.93,-67373599305.31,-6272288464.55,38621.90,8087.88,-10.32
4030.00,6954262779.10,-67373518427.89,-6272288567.84,38621.94,8087.60,-10.34
4040.00,6954648998.61,-67373437553.25,-6272288671.39,38621.97,8087.33,-10.37
4050.00,6955035218.45,-67373356681.39,-6272288775.19,38622.00,8087.05,-10.39
4060.00,6955421438.63,-67373275812.29,-6272288879.25,38622.04,8086.77,-10.42
4070.00,6955807659.14,-67373194945.97,-6272288983.56,38622.07,8086.49,-10.44
4080.00,6956193879.98,-67373114082.42,-6272289088.13,38622.10,8086.22,-10.47
4090.00,6956580101.15,-67373033221.65,-6272289192.96,38622.14,8085.94,-10.50
4100.00,6956966322.66,-67372952363.65,-6272289298.04,38622.17,8085.66,-10.52
4110.00,6957352544.50,-67372871508.42,-6272289403.39,38622.20,8085.38,-10.55
4120.00,6957738766.68,-67372790655.96,-6272289508.98,38622.24,8085.11,-10.57
4130.00,6958124989.18,-67372709806.28,-6272289614.84,38622.27,8084.83,-10.60
4140.00,6958511212.03,-67372628959.37,-6272289720.95,38622.30,8084.55,-10.62
4150.00,6958897435.20,-67372548115.23,-6272289827.32,38622.34,8084.28,-10.65
4160.00,6959283658.71,-67372467273.87,-6272289933.94,38622.37,8084.00,-10.68
4170.00,6959669882.55,-67372386435.28,-6272290040.82,38622.40,8083.72,-10.70
4180.00,6960056106.72,-67372305599.46,-6272290147.96,38622.44,8083.44,-10.73
4190.00,6960442331.23,-67372224766.42,-6272290255.36,38622.47,8083.17,-10.75
4200.00,6960828556.08,-67372143936.15,-6272290363.01,38622.50,8082.89,-10.78
4210.00,6961214781.25,-67372063108.65,-6272290470.92,38622.54,8082.61,-10.80
4220.00,6961601006.76,-67371982283.92,-6272290579.08,38622.57,8082.33,-10.83
4230.00,6961987232.60,-67371901461.97,-6272290687.51,38622.60,8082.06,-10.86
4240.00,6962373458.78,-67371820642.79,-6272290796.18,38622.64,8081.78,-10.88
4250.00,6962759685.29,-67371739826.39,-6272290905.12,38622.67,8081.50,-10.91
4260.00,6963145912.13,-67371659012.75,-6272291014.31,38622.70,8081.22,-10.93
4270.00,6963532139.31,-67371578201.89,-6272291123.76,38622.74,8080.95,-10.96
4280.00,6963918366.82,-67371497393.81,-6272291233.46,38622.77,8080.67,-10.98
4290.00,6964304594.66,-67371416588.49,-6272291343.43,38622.80,8080.39,-11.01
4300.00,6964690822.84,-67371335785.95,-6272291453.65,38622.84,8080.12,-11.03
4310.00,6965077051.35,-67371254986.18,-6272291564.12,38622.87,8079.84,-11.06
4320.00,6965463280.19,-67371174189.19,-6272291674.85,38622.90,8079.56,-11.09
4330.00,6965849509.37,-67371093394.97,-6272291785.84,38622.94,8079.28,-11.11
4340.00,6966235738.88,-67371012603.52,-6272291897.09,38622.97,8079.01,-11.14
4350.00,6966621968.73,-67370931814.84,-6272292008.59,38623.00,8078.73,-11.16
4360.00,6967008198.91,-67370851028.94,-6272292120.35,38623.04,8078.45,-11.19
4370.00,6967394429.42,-67370770245.81,-6272292232.36,38623.07,8078.17,-11.21
4380.00,6967780660.27,-67370689465.45,-6272292344.64,38623.10,8077.90,-11.24
4390.00,6968166891.45,-67370608687.87,-6272292457.17,38623.14,8077.62,-11.27
4400.00,6968553122.96,-67370527913.06,-6272292569.95,38623.17,8077.34,-11.29
4410.00,6968939354.81,-67370447141.02,-6272292682.99,38623.20,8077.07,-11.32
4420.00,6969325586.99,-67370366371.76,-6272292796.29,38623.24,8076.79,-11.34
4430.00,6969711819.51,-67370285605.27,-6272292909.85,38623.27,8076.51,-11.37
4440.00,6970098052.36,-67370204841.55,-6272293023.66,38623.30,8076.23,-11.39
4450.00,6970484285.54,-67370124080.60,-6272293137.73,38623.34,8075.96,-11.42
4460.00,6970870519.06,-67370043322.43,-6272293252.06,38623.37,8075.68,-11.45
4470.00,6971256752.91,-67369962567.03,-6272293366.64,38623.40,8075.40,-11.47
4480.00,6971642987.10,-67369881814.40,-6272293481.48,38623.44,8075.12,-11.50
4490.00,6972029221.62,-67369801064.55,-6272293596.58,38623.47,8074.85,-11.52
4500.00,6972415456.47,-67369720317.47,-6272293711.93,38623.50,8074.57,-11.55
4510.00,6972801691.66,-67369639573.16,-6272293827.54,38623.54,8074.29,-11.57
4520.00,6973187927.18,-67369558831.63,-6272293943.40,38623.57,8074.01,-11.60
4530.00,6973574163.03,-67369478092.87,-6272294059.53,38623.60,8073.74,-11.63
4540.00,6973960399.22,-67369397356.88,-6272294175.91,38623.64,8073.46,-11.65
4550.00,6974346635.75,-67369316623.67,-6272294292.54,38623.67,8073.18,-11.68
4560.00,6974732872.60,-67369235893.23,-6272294409.44,38623.70,8072.91,-11.70
4570.00,6975119109.79,-67369155165.56,-6272294526.59,38623.74,8072.63,-11.73
4580.00,6975505347.32,-67369074440.66,-6272294643.99,38623.77,8072.35,-11.75
4590.00,6975891585.18,-67368993718.54,-6272294761.66,38623.80,8072.07,-11.78
4600.00,6976277823.37,-67368912999.19,-6272294879.58,38623.84,8071.80,-11.80
4610.00,6976664061.90,-67368832282.61,-6272294997.75,38623.87,8071.52,-11.83
4620.00,6977050300.76,-67368751568.81,-6272295116.19,38623.90,8071.24,-11.86
4630.00,6977436539.96,-67368670857.78,-6272295234.88,38623.94,8070.96,-11.88
4640.00,6977822779.49,-67368590149.52,-6272295353.82,38623.97,8070.69,-11.91
4650.00,6978209019.35,-67368509444.04,-6272295473.03,38624.00,8070.41,-11.93
4660.00,6978595259.55,-67368428741.33,-6272295592.49,38624.04,8070.13,-11.96
4670.00,6978981500.08,-67368348041.39,-6272295712.20,38624.07,8069.86,-11.98
4680.00,6979367740.95,-67368267344.23,-6272295832.18,38624.10,8069.58,-12.01
4690.00,6979753982.15,-67368186649.84,-6272295952.41,38624.14,8069.30,-12.04
4700.00,6980140223.69,-67368105958.22,-6272296072.90,38624.17,8069.02,-12.06
4710.00,6980526465.56,-67368025269.37,-6272296193.64,38624.20,8068.75,-12.09
4720.00,6980912707.76,-67367944583.30,-6272296314.64,38624.24,8068.47,-12.11
4730.00,6981298950.30,-67367863900.00,-6272296435.90,38624.27,8068.19,-12.14
4740.00,6981685193.17,-67367783219.47,-6272296557.41,38624.30,8067.91,-12.16
4750.00,6982071436.38,-67367702541.72,-6272296679.18,38624.34,8067.64,-12.19
4760.00,6982457679.92,-67367621866.74,-6272296801.21,38624.37,8067.36,-12.22
4770.00,6982843923.79,-67367541194.53,-6272296923.49,38624.41,8067.08,-12.24
4780.00,6983230168.00,-67367460525.10,-6272297046.04,38624.44,8066.80,-12.27
4790.00,6983616412.55,-67367379858.44,-6272297168.83,38624.47,8066.53,-12.29
4800.00,6984002657.43,-67367299194.55,-6272297291.89,38624.51,8066.25,-12.32
4810.00,6984388902.64,-67367218533.44,-6272297415.20,38624.54,8065.97,-12.34
4820.00,6984775148.19,-67367137875.10,-6272297538.77,38624.57,8065.70,-12.37
4830.00,6985161394.07,-67367057219.53,-6272297662.59,38624.61,8065.42,-12.40
4840.00,6985547640.29,-67366976566.73,-6272297786.67,38624.64,8065.14,-12.42
4850.00,6985933886.84,-67366895916.71,-6272297911.01,38624.67,8064.86,-12.45
4860.00,6986320133.73,-67366815269.46,-6272298035.61,38624.71,8064.59,-12.47
4870.00,6986706380.95,-67366734624.98,-6272298160.46,38624.74,8064.31,-12.50
4880.00,6987092628.50,-67366653983.28,-6272298285.57,38624.77,8064.03,-12.52
4890.00,6987478876.39,-67366573344.35,-6272298410.93,38624.81,8063.75,-12.55
4900.00,6987865124.62,-67366492708.19,-6272298536.55,38624.84,8063.48,-12.58
4910.00,6988251373.17,-67366412074.81,-6272298662.43,38624.87,8063.20,-12.60
4920.00,6988637622.07,-67366331444.20,-6272298788.57,38624.91,8062.92,-12.63
4930.00,6989023871.30,-67366250816.36,-6272298914.96,38624.94,8062.65,-12.65
4940.00,6989410120.86,-67366170191.30,-6272299041.61,38624.97,8062.37,-12.68
4950.00,6989796370.76,-67366089569.01,-6272299168.51,38625.01,8062.09,-12.70
4960.00,6990182620.99,-67366008949.49,-6272299295.67,38625.04,8061.81,-12.73
4970.00,6990568871.55,-67365928332.74,-6272299423.09,38625.07,8061.54,-12.75
4980.00,6990955122.46,-67365847718.77,-6272299550.77,38625.11,8061.26,-12.78
4990.00,6991341373.69,-67365767107.57,-6272299678.70,38625.14,8060.98,-12.81
5000.00,6991727625.26,-67365686499.15,-6272299806.89,38625.17,8060.70,-12.83
5010.00,6992113877.17,-67365605893.49,-6272299935.33,38625.21,8060.43,-12.86
5020.00,6992500129.41,-67365525290.61,-6272300064.04,38625.24,8060.15,-12.88
5030.00,6992886381.99,-67365444690.51,-6272300193.00,38625.28,8059.87,-12.91
5040.00,6993272634.90,-67365364093.17,-6272300322.21,38625.31,8059.59,-12.93
5050.00,6993658888.14,-67365283498.61,-6272300451.69,38625.34,8059.32,-12.96
5060.00,6994045141.72,-67365202906.83,-6272300581.41,38625.38,8059.04,-12.99
5070.00,6994431395.64,-67365122317.81,-6272300711.40,38625.41,8058.76,-13.01
5080.00,6994817649.89,-67365041731.57,-6272300841.64,38625.44,8058.49,-13.04
5090.00,6995203904.47,-67364961148.10,-6272300972.14,38625.48,8058.21,-13.06
5100.00,6995590159.39,-67364880567.41,-6272301102.90,38625.51,8057.93,-13.09
5110.00,6995976414.64,-67364799989.49,-6272301233.91,38625.54,8057.65,-13.11
5120.00,6996362670.23,-67364719414.34,-6272301365.18,38625.58,8057.38,-13.14
5130.00,6996748926.16,-67364638841.96,-6272301496.71,38625.61,8057.10,-13.17
5140.00,6997135182.42,-67364558272.36,-6272301628.49,38625.64,8056.82,-13.19
5150.00,6997521439.01,-67364477705.53,-6272301760.53,38625.68,8056.54,-13.22
5160.00,6997907695.94,-67364397141.47,-6272301892.83,38625.71,8056.27,-13.24
5170.00,6998293953.20,-67364316580.19,-6272302025.38,38625.74,8055.99,-13.27
5180.00,6998680210.80,-67364236021.68,-6272302158.19,38625.78,8055.71,-13.29
5190.00,6999066468.74,-67364155465.94,-6272302291.26,38625.81,8055.44,-13.32
5200.00,6999452727.01,-67364074912.98,-6272302424.58,38625.84,8055.16,-13.35
5210.00,6999838985.61,-67363994362.79,-6272302558.16,38625.88,8054.88,-13.37
5220.00,7000225244.55,-67363913815.37,-6272302692.00,38625.91,8054.60,-13.40
5230.00,7000611503.83,-67363833270.73,-6272302826.09,38625.95,8054.33,-13.42
5240.00,7000997763.44,-67363752728.86,-6272302960.45,38625.98,8054.05,-13.45
5250.00,7001384023.38,-67363672189.76,-6272303095.05,38626.01,8053.77,-13.47
5260.00,7001770283.66,-67363591653.43,-6272303229.92,38626.05,8053.49,-13.50
5270.00,7002156544.28,-67363511119.88,-6272303365.04,38626.08,8053.22,-13.52
5280.00,7002542805.23,-67363430589.10,-6272303500.42,38626.11,8052.94,-13.55
5290.00,7002929066.52,-67363350061.10,-6272303636.05,38626.15,8052.66,-13.58
5300.00,7003315328.14,-67363269535.87,-6272303771.94,38626.18,8052.38,-13.60
5310.00,7003701590.09,-67363189013.41,-6272303908.09,38626.21,8052.11,-13.63
5320.00,7004087852.38,-67363108493.72,-6272304044.49,38626.25,8051.83,-13.65
5330.00,7004474115.01,-67363027976.81,-6272304181.15,38626.28,8051.55,-13.68
5340.00,7004860377.97,-67362947462.67,-6272304318.07,38626.31,8051.28,-13.70
5350.00,7005246641.27,-67362866951.30,-6272304455.25,38626.35,8051.00,-13.73
5360.00,7005632904.90,-67362786442.71,-6272304592.68,38626.38,8050.72,-13.76
5370.00,7006019168.87,-67362705936.89,-6272304730.37,38626.41,8050.44,-13.78
5380.00,7006405433.18,-67362625433.84,-6272304868.31,38626.45,8050.17,-13.81
5390.00,7006791697.82,-67362544933.56,-6272305006.51,38626.48,8049.89,-13.83
5400.00,7007177962.79,-67362464436.06,-6272305144.97,38626.52,8049.61,-13.86
5410.00,7007564228.10,-67362383941.33,-6272305283.69,38626.55,8049.33,-13.88
5420.00,7007950493.75,-67362303449.38,-6272305422.66,38626.58,8049.06,-13.91
5430.00,7008336759.73,-67362222960.20,-6272305561.89,38626.62,8048.78,-13.94
5440.00,7008723026.04,-67362142473.79,-6272305701.38,38626.65,8048.50,-13.96
5450.00,7009109292.70,-67362061990.15,-6272305841.12,38626.68,8048.22,-13.99
5460.00,7009495559.68,-67361981509.29,-6272305981.12,38626.72,8047.95,-14.01
5470.00,7009881827.01,-67361901031.20,-6272306121.37,38626.75,8047.67,-14.04
5480.00,7010268094.66,-67361820555.89,-6272306261.88,38626.78,8047.39,-14.06
5490.00,7010654362.66,-67361740083.34,-6272306402.65,38626.82,8047.12,-14.09
5500.00,7011040630.99,-67361659613.57,-6272306543.68,38626.85,8046.84,-14.12
5510.00,7011426899.65,-67361579146.58,-6272306684.96,38626.88,8046.56,-14.14
5520.00,7011813168.65,-67361498682.35,-6272306826.50,38626.92,8046.28,-14.17
5530.00,7012199437.99,-67361418220.90,-6272306968.30,38626.95,8046.01,-14.19
5540.00,7012585707.66,-67361337762.22,-6272307110.35,38626.98,8045.73,-14.22
5550.00,7012971977.67,-67361257306.32,-6272307252.66,38627.02,8045.45,-14.24
5560.00,7013358248.01,-67361176853.19,-6272307395.23,38627.05,8045.17,-14.27
5570.00,7013744518.69,-67361096402.83,-6272307538.05,38627.09,8044.90,-14.30
5580.00,7014130789.71,-67361015955.25,-6272307681.13,38627.12,8044.62,-14.32
5590.00,7014517061.06,-67360935510.43,-6272307824.47,38627.15,8044.34,-14.35
5600.00,7014903332.74,-67360855068.40,-6272307968.06,38627.19,8044.07,-14.37
5610.00,7015289604.76,-67360774629.13,-6272308111.91,38627.22,8043.79,-14.40
5620.00,7015675877.12,-67360694192.64,-6272308256.02,38627.25,8043.51,-14.42
5630.00,7016062149.82,-67360613758.92,-6272308400.38,38627.29,8043.23,-14.45
5640.00,7016448422.84,-67360533327.97,-6272308545.00,38627.32,8042.96,-14.47
5650.00,7016834696.21,-67360452899.80,-6272308689.88,38627.35,8042.68,-14.50
5660.00,7017220969.91,-67360372474.40,-6272308835.02,38627.39,8042.40,-14.53
5670.00,7017607243.95,-67360292051.78,-6272308980.41,38627.42,8042.12,-14.55
5680.00,7017993518.32,-67360211631.92,-6272309126.05,38627.45,8041.85,-14.58
5690.00,7018379793.03,-67360131214.84,-6272309271.96,38627.49,8041.57,-14.60
5700.00,7018766068.07,-67360050800.54,-6272309418.12,38627.52,8041.29,-14.63
5710.00,7019152343.45,-67359970389.00,-6272309564.54,38627.56,8041.01,-14.65
5720.00,7019538619.17,-67359889980.24,-6272309711.21,38627.59,8040.74,-14.68
5730.00,7019924895.22,-67359809574.25,-6272309858.14,38627.62,8040.46,-14.71
5740.00,7020311171.61,-67359729171.04,-6272310005.33,38627.66,8040.18,-14.73
5750.00,7020697448.33,-67359648770.60,-6272310152.78,38627.69,8039.91,-14.76
5760.00,7021083725.39,-67359568372.93,-6272310300.48,38627.72,8039.63,-14.78
5770.00,7021470002.79,-67359487978.03,-6272310448.44,38627.76,8039.35,-14.81
5780.00,7021856280.52,-67359407585.91,-6272310596.65,38627.79,8039.07,-14.83
5790.00,7022242558.59,-67359327196.56,-6272310745.12,38627.82,8038.80,-14.86
5800.00,7022628836.99,-67359246809.99,-6272310893.85,38627.86,8038.52,-14.89
5810.00,7023015115.73,-67359166426.19,-6272311042.84,38627.89,8038.24,-14.91
5820.00,7023401394.81,-67359086045.16,-6272311192.08,38627.93,8037.96,-14.94
5830.00,7023787674.22,-67359005666.90,-6272311341.58,38627.96,8037.69,-14.96
5840.00,7024173953.97,-67358925291.42,-6272311491.34,38627.99,8037.41,-14.99
5850.00,7024560234.05,-67358844918.71,-6272311641.35,38628.03,8037.13,-15.01
5860.00,7024946514.48,-67358764548.77,-6272311791.62,38628.06,8036.86,-15.04
5870.00,7025332795.23,-67358684181.61,-6272311942.14,38628.09,8036.58,-15.07
5880.00,7025719076.33,-67358603817.22,-6272312092.93,38628.13,8036.30,-15.09
5890.00,7026105357.75,-67358523455.60,-6272312243.97,38628.16,8036.02,-15.12
5900.00,7026491639.52,-67358443096.76,-6272312395.26,38628.19,8035.75,-15.14
5910.00,7026877921.62,-67358362740.69,-6272312546.82,38628.23,8035.47,-15.17
5920.00,7027264204.06,-67358282387.39,-6272312698.63,38628.26,8035.19,-15.19
5930.00,7027650486.83,-67358202036.87,-6272312850.69,38628.30,8034.91,-15.22
5940.00,7028036769.94,-67358121689.12,-6272313003.02,38628.33,8034.64,-15.25
5950.00,7028423053.39,-67358041344.14,-6272313155.60,38628.36,8034.36,-15.27
5960.00,7028809337.17,-67357961001.93,-6272313308.43,38628.40,8034.08,-15.30
5970.00,7029195621.29,-67357880662.50,-6272313461.53,38628.43,8033.80,-15.32
5980.00,7029581905.75,-67357800325.84,-6272313614.88,38628.46,8033.53,-15.35
5990.00,7029968190.54,-67357719991.96,-6272313768.48,38628.50,8033.25,-15.37
6000.00,7030354475.67,-67357639660.85,-6272313922.35,38628.53,8032.97,-15.40
6010.00,7030740761.14,-67357559332.51,-6272314076.47,38628.56,8032.70,-15.42
6020.00,7031127046.94,-67357479006.94,-6272314230.85,38628.60,8032.42,-15.45
6030.00,7031513333.08,-67357398684.15,-6272314385.48,38628.63,8032.14,-15.48
6040.00,7031899619.55,-67357318364.13,-6272314540.37,38628.67,8031.86,-15.50
6050.00,7032285906.36,-67357238046.88,-6272314695.52,38628.70,8031.59,-15.53
6060.00,7032672193.51,-67357157732.41,-6272314850.92,38628.73,8031.31,-15.55
6070.00,7033058480.99,-67357077420.71,-6272315006.59,38628.77,8031.03,-15.58
6080.00,7033444768.81,-67356997111.78,-6272315162.50,38628.80,8030.75,-15.60
6090.00,7033831056.97,-67356916805.63,-6272315318.68,38628.83,8030.48,-15.63
6100.00,7034217345.46,-67356836502.25,-6272315475.11,38628.87,8030.20,-15.66
6110.00,7034603634.29,-67356756201.64,-6272315631.80,38628.90,8029.92,-15.68
6120.00,7034989923.46,-67356675903.81,-6272315788.75,38628.93,8029.64,-15.71
6130.00,7035376212.96,-67356595608.75,-6272315945.95,38628.97,8029.37,-15.73
6140.00,7035762502.80,-67356515316.46,-6272316103.41,38629.00,8029.09,-15.76
6150.00,7036148792.98,-67356435026.95,-6272316261.12,38629.04,8028.81,-15.78
6160.00,7036535083.49,-67356354740.21,-6272316419.09,38629.07,8028.54,-15.81
6170.00,7036921374.34,-67356274456.24,-6272316577.32,38629.10,8028.26,-15.84
6180.00,7037307665.53,-67356194175.04,-6272316735.81,38629.14,8027.98,-15.86
6190.00,7037693957.05,-67356113896.62,-6272316894.55,38629.17,8027.70,-15.89
6200.00,7038080248.91,-67356033620.97,-6272317053.55,38629.20,8027.43,-15.91
6210.00,7038466541.10,-67355953348.10,-6272317212.81,38629.24,8027.15,-15.94
6220.00,7038852833.64,-67355873078.00,-6272317372.32,38629.27,8026.87,-15.96
6230.00,7039239126.51,-67355792810.67,-6272317532.09,38629.30,8026.59,-15.99
6240.00,7039625419.71,-67355712546.11,-6272317692.12,38629.34,8026.32,-16.02
6250.00,7040011713.26,-67355632284.33,-6272317852.40,38629.37,8026.04,-16.04
6260.00,7040398007.14,-67355552025.32,-6272318012.94,38629.41,8025.76,-16.07
6270.00,7040784301.35,-67355471769.08,-6272318173.74,38629.44,8025.48,-16.09
6280.00,7041170595.91,-67355391515.62,-6272318334.79,38629.47,8025.21,-16.12
6290.00,7041556890.80,-67355311264.93,-6272318496.10,38629.51,8024.93,-16.14
6300.00,7041943186.03,-67355231017.02,-6272318657.67,38629.54,8024.65,-16.17
6310.00,7042329481.59,-67355150771.87,-6272318819.49,38629.57,8024.38,-16.20
6320.00,7042715777.49,-67355070529.50,-6272318981.58,38629.61,8024.10,-16.22
6330.00,7043102073.73,-67354990289.91,-6272319143.91,38629.64,8023.82,-16.25
6340.00,7043488370.31,-67354910053.08,-6272319306.51,38629.68,8023.54,-16.27
6350.00,7043874667.22,-67354829819.03,-6272319469.36,38629.71,8023.27,-16.30
6360.00,7044260964.47,-67354749587.75,-6272319632.47,38629.74,8022.99,-16.32
6370.00,7044647262.05,-67354669359.25,-6272319795.83,38629.78,8022.71,-16.35
6380.00,7045033559.98,-67354589133.52,-6272319959.45,38629.81,8022.43,-16.38
6390.00,7045419858.24,-67354508910.56,-6272320123.33,38629.84,8022.16,-16.40
6400.00,7045806156.83,-67354428690.38,-6272320287.47,38629.88,8021.88,-16.43
6410.00,7046192455.77,-67354348472.97,-6272320451.86,38629.91,8021.60,-16.45
6420.00,7046578755.04,-67354268258.33,-6272320616.51,38629.94,8021.33,-16.48
6430.00,7046965054.65,-67354188046.46,-6272320781.41,38629.98,8021.05,-16.50
6440.00,7047351354.59,-67354107837.37,-6272320946.57,38630.01,8020.77,-16.53
6450.00,7047737654.88,-67354027631.05,-6272321111.99,38630.05,8020.49,-16.55
6460.00,7048123955.49,-67353947427.51,-6272321277.67,38630.08,8020.22,-16.58
6470.00,7048510256.45,-67353867226.74,-6272321443.60,38630.11,8019.94,-16.61
6480.00,7048896557.75,-67353787028.74,-6272321609.79,38630.15,8019.66,-16.63
6490.00,7049282859.38,-67353706833.51,-6272321776.24,38630.18,8019.38,-16.66
6500.00,7049669161.35,-67353626641.06,-6272321942.94,38630.21,8019.11,-16.68
6510.00,7050055463.65,-67353546451.38,-6272322109.90,38630.25,8018.83,-16.71
6520.00,7050441766.29,-67353466264.47,-6272322277.12,38630.28,8018.55,-16.73
6530.00,7050828069.27,-67353386080.34,-6272322444.59,38630.32,8018.27,-16.76
6540.00,7051214372.59,-67353305898.98,-6272322612.32,38630.35,8018.00,-16.79
6550.00,7051600676.25,-67353225720.40,-6272322780.31,38630.38,8017.72,-16.81
6560.00,7051986980.24,-67353145544.58,-6272322948.55,38630.42,8017.44,-16.84
6570.00,7052373284.57,-67353065371.54,-6272323117.05,38630.45,8017.17,-16.86
6580.00,7052759589.23,-67352985201.28,-6272323285.81,38630.48,8016.89,-16.89
6590.00,7053145894.24,-67352905033.78,-6272323454.82,38630.52,8016.61,-16.91
6600.00,7053532199.58,-67352824869.06,-6272323624.09,38630.55,8016.33,-16.94
6610.00,7053918505.26,-67352744707.11,-6272323793.62,38630.59,8016.06,-16.97
6620.00,7054304811.27,-67352664547.94,-6272323963.41,38630.62,8015.78,-16.99
6630.00,7054691117.62,-67352584391.54,-6272324133.45,38630.65,8015.50,-17.02
6640.00,7055077424.32,-67352504237.91,-6272324303.75,38630.69,8015.22,-17.04
6650.00,7055463731.34,-67352424087.06,-6272324474.30,38630.72,8014.95,-17.07
6660.00,7055850038.71,-67352343938.98,-6272324645.11,38630.75,8014.67,-17.09
6670.00,7056236346.41,-67352263793.67,-6272324816.18,38630.79,8014.39,-17.12
6680.00,7056622654.45,-67352183651.14,-6272324987.51,38630.82,8014.11,-17.15
6690.00,7057008962.83,-67352103511.37,-6272325159.09,38630.86,8013.84,-17.17
6700.00,7057395271.55,-67352023374.39,-6272325330.93,38630.89,8013.56,-17.20
6710.00,7057781580.60,-67351943240.17,-6272325503.02,38630.92,8013.28,-17.22
6720.00,7058167889.99,-67351863108.73,-6272325675.38,38630.96,8013.01,-17.25
6730.00,7058554199.72,-67351782980.06,-6272325847.98,38630.99,8012.73,-17.27
6740.00,7058940509.78,-67351702854.17,-6272326020.85,38631.02,8012.45,-17.30
6750.00,7059326820.19,-67351622731.05,-6272326193.97,38631.06,8012.17,-17.33
6760.00,7059713130.93,-67351542610.70,-6272326367.35,38631.09,8011.90,-17.35
6770.00,7060099442.01,-67351462493.12,-6272326540.99,38631.13,8011.62,-17.38
6780.00,7060485753.42,-67351382378.32,-6272326714.88,38631.16,8011.34,-17.40
6790.00,7060872065.18,-67351302266.29,-6272326889.03,38631.19,8011.06,-17.43
6800.00,7061258377.27,-67351222157.03,-6272327063.44,38631.23,8010.79,-17.45
6810.00,7061644689.70,-67351142050.55,-6272327238.10,38631.26,8010.51,-17.48
6820.00,7062031002.47,-67351061946.84,-6272327413.02,38631.29,8010.23,-17.50
6830.00,7062417315.57,-67350981845.91,-6272327588.20,38631.33,8009.95,-17.53
6840.00,7062803629.01,-67350901747.74,-6272327763.64,38631.36,8009.68,-17.56
6850.00,7063189942.79,-67350821652.35,-6272327939.33,38631.40,8009.40,-17.58
6860.00,7063576256.91,-67350741559.74,-6272328115.27,38631.43,8009.12,-17.61
6870.00,7063962571.37,-67350661469.89,-6272328291.48,38631.46,8008.85,-17.63
6880.00,7064348886.16,-67350581382.83,-6272328467.94,38631.50,8008.57,-17.66
6890.00,7064735201.29,-67350501298.53,-6272328644.66,38631.53,8008.29,-17.68
6900.00,7065121516.76,-67350421217.01,-6272328821.63,38631.56,8008.01,-17.71
6910.00,7065507832.57,-67350341138.25,-6272328998.86,38631.60,8007.74,-17.74
6920.00,7065894148.71,-67350261062.28,-6272329176.35,38631.63,8007.46,-17.76
6930.00,7066280465.20,-67350180989.07,-6272329354.10,38631.67,8007.18,-17.79
6940.00,7066666782.02,-67350100918.64,-6272329532.10,38631.70,8006.90,-17.81
6950.00,7067053099.18,-67350020850.99,-6272329710.36,38631.73,8006.63,-17.84
6960.00,7067439416.67,-67349940786.10,-6272329888.87,38631.77,8006.35,-17.86
6970.00,7067825734.51,-67349860723.99,-6272330067.65,38631.80,8006.07,-17.89
6980.00,7068212052.68,-67349780664.65,-6272330246.68,38631.84,8005.80,-17.92
6990.00,7068598371.19,-67349700608.09,-6272330425.96,38631.87,8005.52,-17.94
7000.00,7068984690.04,-67349620554.30,-6272330605.51,38631.90,8005.24,-17.97
7010.00,7069371009.23,-67349540503.28,-6272330785.30,38631.94,8004.96,-17.99
7020.00,7069757328.75,-67349460455.04,-6272330965.36,38631.97,8004.69,-18.02
7030.00,7070143648.61,-67349380409.57,-6272331145.67,38632.00,8004.41,-18.04
7040.00,7070529968.81,-67349300366.87,-6272331326.24,38632.04,8004.13,-18.07
7050.00,7070916289.35,-67349220326.94,-6272331507.07,38632.07,8003.85,-18.10
7060.00,7071302610.23,-67349140289.79,-6272331688.16,38632.11,8003.58,-18.12
7070.00,7071688931.44,-67349060255.41,-6272331869.50,38632.14,8003.30,-18.15
7080.00,7072075253.00,-67348980223.81,-6272332051.09,38632.17,8003.02,-18.17
7090.00,7072461574.89,-67348900194.98,-6272332232.95,38632.21,8002.74,-18.20
7100.00,7072847897.12,-67348820168.92,-6272332415.06,38632.24,8002.47,-18.22
7110.00,7073234219.69,-67348740145.63,-6272332597.43,38632.27,8002.19,-18.25
7120.00,7073620542.59,-67348660125.12,-6272332780.05,38632.31,8001.91,-18.28
7130.00,7074006865.84,-67348580107.38,-6272332962.93,38632.34,8001.64,-18.30
7140.00,7074393189.42,-67348500092.42,-6272333146.07,38632.38,8001.36,-18.33
7150.00,7074779513.34,-67348420080.23,-6272333329.47,38632.41,8001.08,-18.35
7160.00,7075165837.60,-67348340070.81,-6272333513.12,38632.44,8000.80,-18.38
7170.00,7075552162.20,-67348260064.16,-6272333697.03,38632.48,8000.53,-18.40
7180.00,7075938487.13,-67348180060.29,-6272333881.19,38632.51,8000.25,-18.43
7190.00,7076324812.40,-67348100059.19,-6272334065.61,38632.55,7999.97,-18.46
7200.00,7076711138.02,-67348020060.86,-6272334250.29,38632.58,7999.69,-18.48
7210.00,7077097463.97,-67347940065.31,-6272334435.23,38632.61,7999.42,-18.51
7220.00,7077483790.26,-67347860072.53,-6272334620.42,38632.65,7999.14,-18.53
7230.00,7077870116.88,-67347780082.53,-6272334805.87,38632.68,7998.86,-18.56
7240.00,7078256443.85,-67347700095.29,-6272334991.58,38632.71,7998.58,-18.58
7250.00,7078642771.15,-67347620110.83,-6272335177.54,38632.75,7998.31,-18.61
7260.00,7079029098.80,-67347540129.15,-6272335363.76,38632.78,7998.03,-18.63
7270.00,7079415426.78,-67347460150.23,-6272335550.24,38632.82,7997.75,-18.66
7280.00,7079801755.10,-67347380174.09,-6272335736.97,38632.85,7997.48,-18.69
7290.00,7080188083.75,-67347300200.73,-6272335923.96,38632.88,7997.20,-18.71
7300.00,7080574412.75,-67347220230.13,-6272336111.21,38632.92,7996.92,-18.74
7310.00,7080960742.08,-67347140262.31,-6272336298.71,38632.95,7996.64,-18.76
7320.00,7081347071.76,-67347060297.27,-6272336486.47,38632.99,7996.37,-18.79
7330.00,7081733401.77,-67346980334.99,-6272336674.49,38633.02,7996.09,-18.81
7340.00,7082119732.12,-67346900375.49,-6272336862.77,38633.05,7995.81,-18.84
7350.00,7082506062.81,-67346820418.77,-6272337051.30,38633.09,7995.53,-18.87
7360.00,7082892393.84,-67346740464.81,-6272337240.09,38633.12,7995.26,-18.89
7370.00,7083278725.20,-67346660513.63,-6272337429.13,38633.15,7994.98,-18.92
7380.00,7083665056.91,-67346580565.22,-6272337618.43,38633.19,7994.70,-18.94
7390.00,7084051388.95,-67346500619.59,-6272337807.99,38633.22,7994.42,-18.97
7400.00,7084437721.33,-67346420676.73,-6272337997.81,38633.26,7994.15,-18.99
7410.00,7084824054.05,-67346340736.64,-6272338187.88,38633.29,7993.87,-19.02
7420.00,7085210387.11,-67346260799.33,-6272338378.21,38633.32,7993.59,-19.05
7430.00,7085596720.51,-67346180864.79,-6272338568.79,38633.36,7993.32,-19.07
7440.00,7085983054.25,-67346100933.02,-6272338759.64,38633.39,7993.04,-19.10
7450.00,7086369388.32,-67346021004.03,-6272338950.74,38633.43,7992.76,-19.12
7460.00,7086755722.74,-67345941077.81,-6272339142.09,38633.46,7992.48,-19.15
7470.00,7087142057.49,-67345861154.36,-6272339333.71,38633.49,7992.21,-19.17
7480.00,7087528392.58,-67345781233.68,-6272339525.58,38633.53,7991.93,-19.20
7490.00,7087914728.01,-67345701315.78,-6272339717.70,38633.56,7991.65,-19.23
7500.00,7088301063.78,-67345621400.65,-6272339910.09,38633.59,7991.37,-19.25
7510.00,7088687399.89,-67345541488.30,-6272340102.73,38633.63,7991.10,-19.28
7520.00,7089073736.34,-67345461578.72,-6272340295.63,38633.66,7990.82,-19.30
7530.00,7089460073.12,-67345381671.91,-6272340488.78,38633.70,7990.54,-19.33
7540.00,7089846410.25,-67345301767.88,-6272340682.19,38633.73,7990.26,-19.35
7550.00,7090232747.71,-67345221866.61,-6272340875.86,38633.76,7989.99,-19.38
7560.00,7090619085.52,-67345141968.13,-6272341069.78,38633.80,7989.71,-19.41
7570.00,7091005423.66,-67345062072.41,-6272341263.96,38633.83,7989.43,-19.43
7580.00,7091391762.14,-67344982179.47,-6272341458.40,38633.87,7989.16,-19.46
7590.00,7091778100.96,-67344902289.30,-6272341653.10,38633.90,7988.88,-19.48
7600.00,7092164440.12,-67344822401.91,-6272341848.05,38633.93,7988.60,-19.51
7610.00,7092550779.61,-67344742517.28,-6272342043.26,38633.97,7988.32,-19.53
7620.00,7092937119.45,-67344662635.44,-6272342238.72,38634.00,7988.05,-19.56
7630.00,7093323459.63,-67344582756.36,-6272342434.45,38634.04,7987.77,-19.59
7640.00,7093709800.14,-67344502880.06,-6272342630.43,38634.07,7987.49,-19.61
7650.00,7094096140.99,-67344423006.53,-6272342826.66,38634.10,7987.21,-19.64
7660.00,7094482482.19,-67344343135.78,-6272343023.16,38634.14,7986.94,-19.66
7670.00,7094868823.72,-67344263267.79,-6272343219.91,38634.17,7986.66,-19.69
7680.00,7095255165.59,-67344183402.58,-6272343416.91,38634.20,7986.38,-19.71
7690.00,7095641507.80,-67344103540.15,-6272343614.18,38634.24,7986.10,-19.74
7700.00,7096027850.35,-67344023680.49,-6272343811.70,38634.27,7985.83,-19.76
7710.00,7096414193.24,-67343943823.60,-6272344009.47,38634.31,7985.55,-19.79
7720.00,7096800536.47,-67343863969.48,-6272344207.51,38634.34,7985.27,-19.82
7730.00,7097186880.03,-67343784118.14,-6272344405.80,38634.37,7985.00,-19.84
7740.00,7097573223.94,-67343704269.57,-6272344604.35,38634.41,7984.72,-19.87
7750.00,7097959568.18,-67343624423.78,-6272344803.15,38634.44,7984.44,-19.89
7760.00,7098345912.77,-67343544580.75,-6272345002.21,38634.48,7984.16,-19.92
7770.00,7098732257.69,-67343464740.50,-6272345201.53,38634.51,7983.89,-19.94
7780.00,7099118602.95,-67343384903.03,-6272345401.10,38634.54,7983.61,-19.97
7790.00,7099504948.56,-67343305068.33,-6272345600.94,38634.58,7983.33,-20.00
7800.00,7099891294.50,-67343225236.40,-6272345801.02,38634.61,7983.05,-20.02
7810.00,7100277640.78,-67343145407.24,-6272346001.37,38634.65,7982.78,-20.05
7820.00,7100663987.40,-67343065580.86,-6272346201.97,38634.68,7982.50,-20.07
7830.00,7101050334.36,-67342985757.25,-6272346402.83,38634.71,7982.22,-20.10
7840.00,7101436681.66,-67342905936.41,-6272346603.95,38634.75,7981.94,-20.12
7850.00,7101823029.30,-67342826118.35,-6272346805.32,38634.78,7981.67,-20.15
7860.00,7102209377.27,-67342746303.06,-6272347006.95,38634.82,7981.39,-20.18
7870.00,7102595725.59,-67342666490.54,-6272347208.84,38634.85,7981.11,-20.20
7880.00,7102982074.25,-67342586680.80,-6272347410.98,38634.88,7980.84,-20.23
7890.00,7103368423.24,-67342506873.83,-6272347613.38,38634.92,7980.56,-20.25
7900.00,7103754772.58,-67342427069.64,-6272347816.04,38634.95,7980.28,-20.28
7910.00,7104141122.25,-67342347268.21,-6272348018.95,38634.99,7980.00,-20.30
7920.00,7104527472.27,-67342267469.56,-6272348222.12,38635.02,7979.73,-20.33
7930.00,7104913822.62,-67342187673.69,-6272348425.55,38635.05,7979.45,-20.36
7940.00,7105300173.31,-67342107880.58,-6272348629.23,38635.09,7979.17,-20.38
7950.00,7105686524.35,-67342028090.25,-6272348833.18,38635.12,7978.89,-20.41
7960.00,7106072875.72,-67341948302.70,-6272349037.37,38635.16,7978.62,-20.43
7970.00,7106459227.43,-67341868517.92,-6272349241.83,38635.19,7978.34,-20.46
7980.00,7106845579.48,-67341788735.91,-6272349446.54,38635.22,7978.06,-20.48
7990.00,7107231931.88,-67341708956.67,-6272349651.51,38635.26,7977.79,-20.51
8000.00,7107618284.61,-67341629180.21,-6272349856.73,38635.29,7977.51,-20.54
8010.00,7108004637.68,-67341549406.52,-6272350062.22,38635.32,7977.23,-20.56
8020.00,7108390991.09,-67341469635.60,-6272350267.96,38635.36,7976.95,-20.59
8030.00,7108777344.84,-67341389867.46,-6272350473.95,38635.39,7976.68,-20.61
8040.00,7109163698.93,-67341310102.09,-6272350680.20,38635.43,7976.40,-20.64
8050.00,7109550053.36,-67341230339.49,-6272350886.71,38635.46,7976.12,-20.66
8060.00,7109936408.13,-67341150579.67,-6272351093.48,38635.49,7975.84,-20.69
8070.00,7110322763.23,-67341070822.62,-6272351300.50,38635.53,7975.57,-20.72
8080.00,7110709118.68,-67340991068.34,-6272351507.78,38635.56,7975.29,-20.74
8090.00,7111095474.47,-67340911316.84,-6272351715.32,38635.60,7975.01,-20.77
8100.00,7111481830.60,-67340831568.11,-6272351923.12,38635.63,7974.73,-20.79
8110.00,7111868187.07,-67340751822.15,-6272352131.17,38635.66,7974.46,-20.82
8120.00,7112254543.88,-67340672078.97,-6272352339.47,38635.70,7974.18,-20.84
8130.00,7112640901.02,-67340592338.56,-6272352548.04,38635.73,7973.90,-20.87
8140.00,7113027258.51,-67340512600.92,-6272352756.86,38635.77,7973.63,-20.89
8150.00,7113413616.34,-67340432866.06,-6272352965.94,38635.80,7973.35,-20.92
8160.00,7113799974.50,-67340353133.97,-6272353175.27,38635.83,7973.07,-20.95
8170.00,7114186333.01,-67340273404.65,-6272353384.86,38635.87,7972.79,-20.97
8180.00,7114572691.86,-67340193678.11,-6272353594.71,38635.90,7972.52,-21.00
8190.00,7114959051.05,-67340113954.34,-6272353804.82,38635.94,7972.24,-21.02
8200.00,7115345410.57,-67340034233.34,-6272354015.18,38635.97,7971.96,-21.05
8210.00,7115731770.44,-67339954515.12,-6272354225.80,38636.00,7971.68,-21.07
8220.00,7116118130.65,-67339874799.67,-6272354436.68,38636.04,7971.41,-21.10
8230.00,7116504491.19,-67339795086.99,-6272354647.81,38636.07,7971.13,-21.13
8240.00,7116890852.08,-67339715377.09,-6272354859.20,38636.11,7970.85,-21.15
8250.00,7117277213.31,-67339635669.96,-6272355070.85,38636.14,7970.57,-21.18
8260.00,7117663574.87,-67339555965.60,-6272355282.75,38636.17,7970.30,-21.20
8270.00,7118049936.78,-67339476264.02,-6272355494.91,38636.21,7970.02,-21.23
8280.00,7118436299.03,-67339396565.21,-6272355707.33,38636.24,7969.74,-21.25
8290.00,7118822661.62,-67339316869.17,-6272355920.00,38636.28,7969.47,-21.28
8300.00,7119209024.54,-67339237175.90,-6272356132.93,38636.31,7969.19,-21.31
8310.00,7119595387.81,-67339157485.41,-6272356346.12,38636.34,7968.91,-21.33
8320.00,7119981751.42,-67339077797.70,-6272356559.57,38636.38,7968.63,-21.36
8330.00,7120368115.37,-67338998112.75,-6272356773.27,38636.41,7968.36,-21.38
8340.00,7120754479.65,-67338918430.58,-6272356987.23,38636.45,7968.08,-21.41
8350.00,7121140844.28,-67338838751.19,-6272357201.44,38636.48,7967.80,-21.43
8360.00,7121527209.25,-67338759074.56,-6272357415.91,38636.51,7967.52,-21.46
8370.00,7121913574.56,-67338679400.71,-6272357630.64,38636.55,7967.25,-21.49
8380.00,7122299940.21,-67338599729.64,-6272357845.63,38636.58,7966.97,-21.51
8390.00,7122686306.20,-67338520061.33,-6272358060.87,38636.62,7966.69,-21.54
8400.00,7123072672.53,-67338440395.80,-6272358276.37,38636.65,7966.41,-21.56
8410.00,7123459039.20,-67338360733.05,-6272358492.13,38636.68,7966.14,-21.59
8420.00,7123845406.21,-67338281073.06,-6272358708.14,38636.72,7965.86,-21.61
8430.00,7124231773.56,-67338201415.85,-6272358924.41,38636.75,7965.58,-21.64
8440.00,7124618141.25,-67338121761.42,-6272359140.94,38636.79,7965.31,-21.67
8450.00,7125004509.28,-67338042109.75,-6272359357.72,38636.82,7965.03,-21.69
8460.00,7125390877.65,-67337962460.86,-6272359574.76,38636.86,7964.75,-21.72
8470.00,7125777246.36,-67337882814.74,-6272359792.06,38636.89,7964.47,-21.74
8480.00,7126163615.41,-67337803171.40,-6272360009.61,38636.92,7964.20,-21.77
8490.00,7126549984.81,-67337723530.83,-6272360227.42,38636.96,7963.92,-21.79
8500.00,7126936354.54,-67337643893.03,-6272360445.49,38636.99,7963.64,-21.82
8510.00,7127322724.61,-67337564258.01,-6272360663.82,38637.03,7963.36,-21.85
8520.00,7127709095.03,-67337484625.76,-6272360882.40,38637.06,7963.09,-21.87
8530.00,7128095465.78,-67337404996.28,-6272361101.24,38637.09,7962.81,-21.90
8540.00,7128481836.88,-67337325369.58,-6272361320.33,38637.13,7962.53,-21.92
8550.00,7128868208.31,-67337245745.65,-6272361539.69,38637.16,7962.25,-21.95
8560.00,7129254580.09,-67337166124.49,-6272361759.29,38637.20,7961.98,-21.97
8570.00,7129640952.20,-67337086506.11,-6272361979.16,38637.23,7961.70,-22.00
8580.00,7130027324.66,-67337006890.50,-6272362199.28,38637.26,7961.42,-22.03
8590.00,7130413697.46,-67336927277.66,-6272362419.66,38637.30,7961.15,-22.05
8600.00,7130800070.60,-67336847667.60,-6272362640.30,38637.33,7960.87,-22.08
8610.00,7131186444.08,-67336768060.31,-6272362861.19,38637.37,7960.59,-22.10
8620.00,7131572817.90,-67336688455.79,-6272363082.34,38637.40,7960.31,-22.13
8630.00,7131959192.06,-67336608854.05,-6272363303.75,38637.43,7960.04,-22.15
8640.00,7132345566.56,-67336529255.08,-6272363525.42,38637.47,7959.76,-22.18
8650.00,7132731941.40,-67336449658.88,-6272363747.34,38637.50,7959.48,-22.20
8660.00,7133118316.58,-67336370065.46,-6272363969.52,38637.54,7959.20,-22.23
8670.00,7133504692.10,-67336290474.81,-6272364191.95,38637.57,7958.93,-22.26
8680.00,7133891067.97,-67336210886.93,-6272364414.64,38637.60,7958.65,-22.28
8690.00,7134277444.17,-67336131301.83,-6272364637.59,38637.64,7958.37,-22.31
8700.00,7134663820.72,-67336051719.50,-6272364860.80,38637.67,7958.09,-22.33
8710.00,7135050197.60,-67335972139.94,-6272365084.26,38637.71,7957.82,-22.36
8720.00,7135436574.83,-67335892563.16,-6272365307.98,38637.74,7957.54,-22.38
8730.00,7135822952.40,-67335812989.15,-6272365531.95,38637.77,7957.26,-22.41
8740.00,7136209330.31,-67335733417.91,-6272365756.19,38637.81,7956.99,-22.44
8750.00,7136595708.56,-67335653849.45,-6272365980.68,38637.84,7956.71,-22.46
8760.00,7136982087.15,-67335574283.76,-6272366205.42,38637.88,7956.43,-22.49
8770.00,7137368466.08,-67335494720.84,-6272366430.43,38637.91,7956.15,-22.51
8780.00,7137754845.35,-67335415160.70,-6272366655.69,38637.95,7955.88,-22.54
8790.00,7138141224.96,-67335335603.33,-6272366881.20,38637.98,7955.60,-22.56
8800.00,7138527604.92,-67335256048.74,-6272367106.98,38638.01,7955.32,-22.59
8810.00,7138913985.21,-67335176496.91,-6272367333.01,38638.05,7955.04,-22.62
8820.00,7139300365.85,-67335096947.86,-6272367559.30,38638.08,7954.77,-22.64
8830.00,7139686746.82,-67335017401.59,-6272367785.84,38638.12,7954.49,-22.67
8840.00,7140073128.14,-67334937858.08,-6272368012.64,38638.15,7954.21,-22.69
8850.00,7140459509.80,-67334858317.35,-6272368239.70,38638.18,7953.93,-22.72
8860.00,7140845891.80,-67334778779.40,-6272368467.02,38638.22,7953.66,-22.74
8870.00,7141232274.14,-67334699244.22,-6272368694.59,38638.25,7953.38,-22.77
8880.00,7141618656.82,-67334619711.81,-6272368922.42,38638.29,7953.10,-22.80
8890.00,7142005039.84,-67334540182.17,-6272369150.51,38638.32,7952.82,-22.82
8900.00,7142391423.21,-67334460655.31,-6272369378.85,38638.35,7952.55,-22.85
8910.00,7142777806.91,-67334381131.22,-6272369607.45,38638.39,7952.27,-22.87
8920.00,7143164190.96,-67334301609.90,-6272369836.30,38638.42,7951.99,-22.90
8930.00,7143550575.35,-67334222091.36,-6272370065.42,38638.46,7951.72,-22.92
8940.00,7143936960.08,-67334142575.59,-6272370294.79,38638.49,7951.44,-22.95
8950.00,7144323345.15,-67334063062.59,-6272370524.42,38638.52,7951.16,-22.98
8960.00,7144709730.56,-67333983552.37,-6272370754.30,38638.56,7950.88,-23.00
8970.00,7145096116.31,-67333904044.92,-6272370984.44,38638.59,7950.61,-23.03
8980.00,7145482502.40,-67333824540.25,-6272371214.84,38638.63,7950.33,-23.05
8990.00,7145868888.84,-67333745038.34,-6272371445.49,38638.66,7950.05,-23.08
9000.00,7146255275.61,-67333665539.21,-6272371676.41,38638.70,7949.77,-23.10
9010.00,7146641662.73,-67333586042.86,-6272371907.57,38638.73,7949.50,-23.13
9020.00,7147028050.19,-67333506549.28,-6272372139.00,38638.76,7949.22,-23.16
9030.00,7147414437.99,-67333427058.47,-6272372370.68,38638.80,7948.94,-23.18
9040.00,7147800826.13,-67333347570.43,-6272372602.62,38638.83,7948.66,-23.21
9050.00,7148187214.61,-67333268085.17,-6272372834.82,38638.87,7948.39,-23.23
9060.00,7148573603.43,-67333188602.68,-6272373067.27,38638.90,7948.11,-23.26
9070.00,7148959992.60,-67333109122.97,-6272373299.98,38638.93,7947.83,-23.28
9080.00,7149346382.10,-67333029646.02,-6272373532.95,38638.97,7947.56,-23.31
9090.00,7149732771.95,-67332950171.86,-6272373766.17,38639.00,7947.28,-23.34
9100.00,7150119162.14,-67332870700.46,-6272373999.65,38639.04,7947.00,-23.36
9110.00,7150505552.67,-67332791231.84,-6272374233.39,38639.07,7946.72,-23.39
9120.00,7150891943.54,-67332711765.99,-6272374467.38,38639.11,7946.45,-23.41
9130.00,7151278334.76,-67332632302.91,-6272374701.63,38639.14,7946.17,-23.44
9140.00,7151664726.31,-67332552842.61,-6272374936.14,38639.17,7945.89,-23.46
9150.00,7152051118.21,-67332473385.08,-6272375170.91,38639.21,7945.61,-23.49
9160.00,7152437510.45,-67332393930.33,-6272375405.93,38639.24,7945.34,-23.52
9170.00,7152823903.03,-67332314478.35,-6272375641.21,38639.28,7945.06,-23.54
9180.00,7153210295.95,-67332235029.14,-6272375876.74,38639.31,7944.78,-23.57
9190.00,7153596689.21,-67332155582.70,-6272376112.54,38639.34,7944.50,-23.59
9200.00,7153983082.81,-67332076139.04,-6272376348.59,38639.38,7944.23,-23.62
9210.00,7154369476.76,-67331996698.15,-6272376584.89,38639.41,7943.95,-23.64
9220.00,7154755871.05,-67331917260.04,-6272376821.45,38639.45,7943.67,-23.67
9230.00,7155142265.68,-67331837824.70,-6272377058.27,38639.48,7943.40,-23.69
9240.00,7155528660.65,-67331758392.13,-6272377295.35,38639.52,7943.12,-23.72
9250.00,7155915055.96,-67331678962.34,-6272377532.69,38639.55,7942.84,-23.75
9260.00,7156301451.61,-67331599535.31,-6272377770.28,38639.58,7942.56,-23.77
9270.00,7156687847.61,-67331520111.07,-6272378008.12,38639.62,7942.29,-23.80
9280.00,7157074243.95,-67331440689.59,-6272378246.23,38639.65,7942.01,-23.82
9290.00,7157460640.63,-67331361270.89,-6272378484.59,38639.69,7941.73,-23.85
9300.00,7157847037.65,-67331281854.96,-6272378723.21,38639.72,7941.45,-23.87
9310.00,7158233435.01,-67331202441.81,-6272378962.08,38639.75,7941.18,-23.90
9320.00,7158619832.71,-67331123031.43,-6272379201.22,38639.79,7940.90,-23.93
9330.00,7159006230.76,-67331043623.82,-6272379440.60,38639.82,7940.62,-23.95
9340.00,7159392629.15,-67330964218.99,-6272379680.25,38639.86,7940.34,-23.98
9350.00,7159779027.88,-67330884816.93,-6272379920.15,38639.89,7940.07,-24.00
9360.00,7160165426.95,-67330805417.64,-6272380160.31,38639.93,7939.79,-24.03
9370.00,7160551826.36,-67330726021.12,-6272380400.73,38639.96,7939.51,-24.05
9380.00,7160938226.12,-67330646627.38,-6272380641.40,38639.99,7939.24,-24.08
9390.00,7161324626.21,-67330567236.42,-6272380882.33,38640.03,7938.96,-24.11
9400.00,7161711026.65,-67330487848.22,-6272381123.52,38640.06,7938.68,-24.13
9410.00,7162097427.43,-67330408462.80,-6272381364.96,38640.10,7938.40,-24.16
9420.00,7162483828.56,-67330329080.16,-6272381606.67,38640.13,7938.13,-24.18
9430.00,7162870230.02,-67330249700.28,-6272381848.62,38640.16,7937.85,-24.21
9440.00,7163256631.83,-67330170323.18,-6272382090.84,38640.20,7937.57,-24.23
9450.00,7163643033.98,-67330090948.85,-6272382333.31,38640.23,7937.29,-24.26
9460.00,7164029436.47,-67330011577.30,-6272382576.04,38640.27,7937.02,-24.29
9470.00,7164415839.30,-67329932208.52,-6272382819.02,38640.30,7936.74,-24.31
9480.00,7164802242.48,-67329852842.51,-6272383062.27,38640.34,7936.46,-24.34
9490.00,7165188645.99,-67329773479.28,-6272383305.77,38640.37,7936.18,-24.36
9500.00,7165575049.85,-67329694118.82,-6272383549.52,38640.40,7935.91,-24.39
9510.00,7165961454.05,-67329614761.14,-6272383793.53,38640.44,7935.63,-24.41
9520.00,7166347858.60,-67329535406.22,-6272384037.80,38640.47,7935.35,-24.44
9530.00,7166734263.48,-67329456054.08,-6272384282.33,38640.51,7935.08,-24.47
9540.00,7167120668.71,-67329376704.72,-6272384527.12,38640.54,7934.80,-24.49
9550.00,7167507074.28,-67329297358.12,-6272384772.16,38640.57,7934.52,-24.52
9560.00,7167893480.19,-67329218014.30,-6272385017.45,38640.61,7934.24,-24.54
9570.00,7168279886.44,-67329138673.26,-6272385263.01,38640.64,7933.97,-24.57
9580.00,7168666293.04,-67329059334.99,-6272385508.82,38640.68,7933.69,-24.59
9590.00,7169052699.98,-67328979999.49,-6272385754.89,38640.71,7933.41,-24.62
9600.00,7169439107.26,-67328900666.76,-6272386001.21,38640.75,7933.13,-24.65
9610.00,7169825514.88,-67328821336.81,-6272386247.79,38640.78,7932.86,-24.67
9620.00,7170211922.85,-67328742009.63,-6272386494.63,38640.81,7932.58,-24.70
9630.00,7170598331.15,-67328662685.22,-6272386741.73,38640.85,7932.30,-24.72
9640.00,7170984739.80,-67328583363.59,-6272386989.08,38640.88,7932.02,-24.75
9650.00,7171371148.80,-67328504044.73,-6272387236.69,38640.92,7931.75,-24.77
9660.00,7171757558.13,-67328424728.65,-6272387484.56,38640.95,7931.47,-24.80
9670.00,7172143967.81,-67328345415.34,-6272387732.68,38640.99,7931.19,-24.83
9680.00,7172530377.83,-67328266104.80,-6272387981.06,38641.02,7930.92,-24.85
9690.00,7172916788.19,-67328186797.03,-6272388229.70,38641.05,7930.64,-24.88
9700.00,7173303198.89,-67328107492.04,-6272388478.59,38641.09,7930.36,-24.90
9710.00,7173689609.94,-67328028189.82,-6272388727.75,38641.12,7930.08,-24.93
9720.00,7174076021.33,-67327948890.38,-6272388977.15,38641.16,7929.81,-24.95
9730.00,7174462433.06,-67327869593.71,-6272389226.82,38641.19,7929.53,-24.98
9740.00,7174848845.13,-67327790299.81,-6272389476.74,38641.23,7929.25,-25.01
9750.00,7175235257.55,-67327711008.68,-6272389726.92,38641.26,7928.97,-25.03
9760.00,7175621670.30,-67327631720.33,-6272389977.35,38641.29,7928.70,-25.06
9770.00,7176008083.40,-67327552434.75,-6272390228.05,38641.33,7928.42,-25.08
9780.00,7176394496.85,-67327473151.95,-6272390479.00,38641.36,7928.14,-25.11
9790.00,7176780910.63,-67327393871.92,-6272390730.20,38641.40,7927.86,-25.13
9800.00,7177167324.76,-67327314594.66,-6272390981.67,38641.43,7927.59,-25.16
9810.00,7177553739.23,-67327235320.18,-6272391233.39,38641.47,7927.31,-25.18
9820.00,7177940154.05,-67327156048.47,-6272391485.36,38641.50,7927.03,-25.21
9830.00,7178326569.20,-67327076779.53,-6272391737.60,38641.53,7926.76,-25.24
9840.00,7178712984.70,-67326997513.36,-6272391990.09,38641.57,7926.48,-25.26
9850.00,7179099400.54,-67326918249.97,-6272392242.84,38641.60,7926.20,-25.29
9860.00,7179485816.73,-67326838989.36,-6272392495.84,38641.64,7925.92,-25.31
9870.00,7179872233.25,-67326759731.51,-6272392749.10,38641.67,7925.65,-25.34
9880.00,7180258650.12,-67326680476.44,-6272393002.62,38641.70,7925.37,-25.36
9890.00,7180645067.34,-67326601224.15,-6272393256.40,38641.74,7925.09,-25.39
9900.00,7181031484.89,-67326521974.62,-6272393510.43,38641.77,7924.81,-25.42
9910.00,7181417902.79,-67326442727.87,-6272393764.72,38641.81,7924.54,-25.44
9920.00,7181804321.03,-67326363483.90,-6272394019.27,38641.84,7924.26,-25.47
9930.00,7182190739.61,-67326284242.69,-6272394274.07,38641.88,7923.98,-25.49
9940.00,7182577158.54,-67326205004.26,-6272394529.13,38641.91,7923.70,-25.52
9950.00,7182963577.81,-67326125768.61,-6272394784.45,38641.94,7923.43,-25.54
9960.00,7183349997.42,-67326046535.72,-6272395040.02,38641.98,7923.15,-25.57
9970.00,7183736417.37,-67325967305.61,-6272395295.85,38642.01,7922.87,-25.60
9980.00,7184122837.67,-67325888078.28,-6272395551.94,38642.05,7922.59,-25.62
9990.00,7184509258.31,-67325808853.71,-6272395808.28,38642.08,7922.32,-25.65
