0.00,6800573310.03,-67405926753.55,-6272267731.64,38608.57,8200.06,0.07
50000.00,8727072724.13,-66960418068.28,-6268953830.59,38444.18,9622.45,132.83
100000.00,10644287735.04,-66443683790.02,-6258971634.52,38237.02,11048.99,266.79
150000.00,12550059846.75,-65855531478.69,-6242261851.58,37986.28,12479.07,401.92
200000.00,14442189124.67,-65195799941.46,-6218767234.86,37691.11,13912.05,538.18
250000.00,16318431569.13,-64464361579.68,-6188432745.35,37350.61,15347.23,675.51
300000.00,18176496454.30,-63661125016.00,-6151205739.80,36963.80,16783.85,813.87
350000.00,20014043639.24,-62786038022.86,-6107036185.47,36529.68,18221.10,953.21
400000.00,21828680859.77,-61839090775.18,-6055876904.08,36047.17,19658.11,1093.45
450000.00,23617961011.95,-60820319452.35,-5997683847.37,35515.15,21093.90,1234.55
500000.00,25379379440.59,-59729810216.49,-5932416407.08,34932.45,22527.44,1376.42
550000.00,27110371249.11,-58567703595.98,-5860037762.25,34297.83,23957.59,1518.98
600000.00,28808308650.64,-57334199305.84,-5780515267.06,33610.00,25383.13,1662.16
650000.00,30470498384.23,-56029561538.13,-5693820882.88,32867.64,26802.69,1805.84
700000.00,32094179224.79,-54654124757.92,-5599931658.03,32069.36,28214.82,1949.93
750000.00,33676519620.66,-53208300042.48,-5498830259.62,31213.72,29617.92,2094.31
800000.00,35214615499.00,-51692582002.77,-5390505561.65,30299.27,31010.24,2238.84
850000.00,36705488286.14,-50107556328.19,-5274953293.99,29324.49,32389.88,2383.38
900000.00,38146083198.48,-48453907996.41,-5152176757.27,28287.83,33754.77,2527.78
950000.00,39533267868.12,-46732430190.78,-5022187608.67,27187.75,35102.65,2671.86
1000000.00,40863831378.48,-44944033967.75,-4885006723.94,26022.66,36431.06,2815.42
1050000.00,42134483796.50,-43089758715.19,-4740665141.12,24790.98,37737.33,2958.25
1100000.00,43341856301.04,-41170783440.71,-4589205091.40,23491.13,39018.53,3100.11
1150000.00,44482502022.20,-39188438924.50,-4430681122.48,22121.58,40271.52,3240.76
1200000.00,45552897721.76,-37144220765.86,-4265161319.61,20680.82,41492.85,3379.90
1250000.00,46549446462.98,-35039803343.60,-4092728629.07,19167.40,42678.81,3517.22
1300000.00,47468481436.93,-32877054699.82,-3913482288.07,17579.97,43825.36,3652.38
1350000.00,48306271132.64,-30658052340.96,-3727539364.30,15917.32,44928.16,3785.01
1400000.00,49059026060.06,-28385099931.27,-3535036406.74,14178.34,45982.50,3914.71
1450000.00,49722907256.30,-26060744829.08,-3336131207.84,12362.16,46983.34,4041.02
1500000.00,50294036827.68,-23687796386.25,-3131004674.51,10468.11,47925.24,4163.47
1550000.00,50768510801.02,-21269344893.83,-2919862802.72,8495.82,48802.40,4281.54
1600000.00,51142414576.24,-18808781012.14,-2702938746.58,6445.25,49608.60,4394.66
1650000.00,51411841287.78,-16309815470.00,-2480494968.14,4316.76,50337.25,4502.22
1700000.00,51572913391.55,-13776498755.09,-2252825448.87,2111.17,50981.37,4603.57
1750000.00,51621807796.27,-11213240444.85,-2020257936.90,-170.15,51533.57,4698.01
1800000.00,51554784848.25,-8624827744.89,-1783156196.63,-2525.21,51986.13,4784.80
1850000.00,51368221455.57,-6016442710.02,-1541922218.48,-4951.33,52330.98,4863.16
1900000.00,51058648595.26,-3393677523.22,-1296998336.41,-7445.01,52559.80,4932.25
1950000.00,50622793383.35,-762547101.80,-1048869190.29,-10001.88,52664.03,4991.21
2000000.00,50057625795.78,1870501807.73,-798063458.35,-12616.58,52634.95,5039.15
2050000.00,49360410005.85,4498585989.72,-545155273.14,-15282.69,52463.84,5075.14
2100000.00,48528760146.05,7114386612.88,-290765222.54,-17992.62,52142.03,5098.26
2150000.00,47560700106.32,9710156691.26,-35560827.06,-20737.56,51661.08,5107.55
2200000.00,46454726746.83,12277736312.25,219743624.53,-23507.38,51012.95,5102.09
2250000.00,45209875632.72,14808576793.43,474388004.08,-26290.66,50190.16,5080.98
2300000.00,43825788096.94,17293774874.67,727568161.50,-29074.60,49186.03,5043.37
2350000.00,42302778116.09,19724117925.46,978438749.32,-31845.09,47994.92,4988.46
2400000.00,40641897158.78,22090140935.42,1226117159.94,-34586.75,46612.43,4915.55
2450000.00,38844994858.28,24382195749.63,1469688659.11,-37283.05,45035.66,4824.08
2500000.00,36914773099.05,26590532604.19,1708212767.43,-39916.47,43263.48,4713.58
2550000.00,34854830920.55,28705393515.02,1940730899.38,-42468.68,41296.74,4583.79
2600000.00,32669697566.57,30717116487.52,2166275217.40,-44920.85,39138.47,4434.61
2650000.00,30364851075.62,32616248872.05,2383878598.92,-47253.91,36794.03,4266.17
2700000.00,27946720044.00,34393667527.13,2592585549.19,-49448.97,34271.25,4078.81
2750000.00,25422666614.90,36040702818.15,2791463826.70,-51487.66,31580.46,3873.12
2800000.00,22800949353.55,37549262930.48,2979616486.36,-53352.55,28734.42,3649.93
2850000.00,20090665442.29,38911954570.59,3156193993.76,-55027.59,25748.29,3410.30
2900000.00,17301672530.85,40122195922.16,3320406027.49,-56498.49,22639.33,3155.53
2950000.00,14444491548.21,41174317757.51,3471532570.72,-57753.06,19426.73,2887.13
3000000.00,11530192749.31,42063648899.85,3608933901.45,-58781.57,16131.18,2606.80
3050000.00,8570268153.24,42786582786.39,3732059124.43,-59576.91,12774.49,2316.40
3100000.00,5576494250.77,43340622665.35,3840452944.75,-60134.83,9379.16,2017.87
3150000.00,2560789353.63,43724403915.93,3933760461.13,-60453.92,5967.91,1713.28
3200000.00,-464929818.10,43937693034.43,4011729848.12,-60535.63,2563.18,1404.69
3250000.00,-3488887777.05,43981363896.14,4074212895.20,-60384.15,-813.25,1094.17
3300000.00,-6499581941.97,43857352896.41,4121163467.65,-60006.17,-4140.71,783.72
3350000.00,-9485902718.49,43568595421.41,4152634042.15,-59410.67,-7399.97,475.28
3400000.00,-12437239109.09,43118946743.35,4168770543.64,-58608.55,-10573.51,170.65
3450000.00,-15343567823.26,42513090846.31,4169805763.28,-57612.37,-13645.72,-128.50
3500000.00,-18195524738.69,41756440859.57,4156051670.50,-56435.88,-16603.07,-420.68
3550000.00,-20984458405.61,40855034723.88,4127890943.32,-55093.77,-19434.11,-704.55
3600000.00,-23702466036.72,39815429474.74,4085768033.81,-53601.26,-22129.52,-978.98
3650000.00,-26342413045.71,38644597141.78,4030180062.51,-51973.79,-24682.01,-1243.00
3700000.00,-28897937668.13,37349824784.05,3961667801.06,-50226.79,-27086.24,-1495.82
3750000.00,-31363442515.72,35938620654.82,3880806960.34,-48375.38,-29338.68,-1736.84
3800000.00,-33734075087.90,34418627958.74,3788199956.71,-46434.20,-31437.44,-1965.59
3850000.00,-36005699310.40,32797547162.25,3684468283.81,-44417.25,-33382.09,-2181.77
3900000.00,-38174860114.38,31083067368.55,3570245575.53,-42337.74,-35173.48,-2385.20
3950000.00,-40238742936.09,29282806885.59,3446171408.17,-40208.07,-36813.57,-2575.82
4000000.00,-42195129830.81,27404262805.51,3312885858.05,-38039.70,-38305.23,-2753.66
4050000.00,-44042353678.68,25454769177.06,3171024805.02,-35843.20,-39652.07,-2918.85
4100000.00,-45779251731.91,23441463182.84,3021215952.48,-33628.18,-40858.33,-3071.60
4150000.00,-47405119526.78,21371258623.27,2864075520.08,-31403.35,-41928.69,-3212.15
4200000.00,-48919665971.11,19250825950.07,2700205555.89,-29176.56,-42868.18,-3340.82
4250000.00,-50322970223.72,17086578072.56,2530191809.04,-26954.77,-43682.06,-3457.95
4300000.00,-51615440812.41,14884661172.39,2354602102.01,-24744.19,-44375.73,-3563.91
4350000.00,-52797777290.78,12650949796.70,2173985141.80,-22550.27,-44954.64,-3659.10
4400000.00,-53870934612.82,10391045549.56,1988869711.49,-20377.78,-45424.24,-3743.91
4450000.00,-54836090305.89,8110278760.80,1799764187.10,-18230.87,-45789.92,-3818.76
4500000.00,-55694614444.53,5813712574.82,1607156329.26,-16113.10,-46056.99,-3884.06
4550000.00,-56448042368.47,3506148967.10,1411513303.39,-14027.52,-46230.57,-3940.23
4600000.00,-57098050043.97,1192136258.70,1213281887.66,-11976.72,-46315.68,-3987.66
4650000.00,-57646431937.02,-1124022240.69,1012888832.26,-9962.86,-46317.11,-4026.75
4700000.00,-58095081246.63,-3438258775.94,810741338.48,-7987.73,-46239.47,-4057.89
4750000.00,-58445972334.90,-5746731140.14,607227630.40,-6052.79,-46087.18,-4081.45
4800000.00,-58701145185.55,-8045812338.69,402717595.75,-4159.21,-45864.44,-4097.79
4850000.00,-58862691722.71,-10332080104.07,197563476.51,-2307.91,-45575.23,-4107.26
4900000.00,-58932743825.63,-12602306407.58,-7899407.57,-499.57,-45223.33,-4110.19
4950000.00,-58913462881.72,-14853447084.44,-213351915.87,1265.30,-44812.32,-4106.89
5000000.00,-58807030728.39,-17082631663.94,-418490335.71,2986.39,-44345.58,-4097.67
5050000.00,-58615641844.04,-19287153474.64,-623025631.99,4663.51,-43826.27,-4082.81
5100000.00,-58341496658.33,-21464460077.03,-826682705.05,6296.60,-43257.40,-4062.58
5150000.00,-57986795862.45,-23612144061.21,-1029199662.38,7885.70,-42641.77,-4037.24
5200000.00,-57553735610.07,-25727934235.07,-1230327108.76,9430.96,-41982.03,-4007.03
5250000.00,-57044503509.87,-27809687218.40,-1429827457.98,10932.57,-41280.64,-3972.19
5300000.00,-56461275319.61,-29855379450.57,-1627474268.69,12390.81,-40539.94,-3932.92
5350000.00,-55806212260.98,-31863099612.87,-1823051606.04,13805.98,-39762.07,-3889.44
5400000.00,-55081458882.50,-33831041461.89,-2016353430.15,15178.44,-38949.10,-3841.93
5450000.00,-54289141405.59,-35757497066.15,-2207183011.97,16508.57,-38102.90,-3790.58
5500000.00,-53431366495.83,-37640850435.70,-2395352376.66,17796.76,-37225.26,-3735.55
5550000.00,-52510220408.03,-39479571531.95,-2580681774.48,19043.44,-36317.85,-3677.00
5600000.00,-51527768459.32,-41272210643.66,-2762999178.61,20249.03,-35382.20,-3615.09
5650000.00,-50486054790.11,-43017393114.29,-2942139809.45,21413.94,-34419.79,-3549.95
5700000.00,-49387102377.23,-44713814404.98,-3117945684.57,22538.61,-33431.95,-3481.71
5750000.00,-48232913267.93,-46360235477.58,-3290265193.61,23623.44,-32419.96,-3410.51
5800000.00,-47025469007.35,-47955478482.01,-3458952697.10,24668.84,-31384.99,-3336.45
5850000.00,-45766731235.42,-49498422732.78,-3623868148.40,25675.20,-30328.16,-3259.64
5900000.00,-44458642432.23,-50988000959.53,-3784876737.69,26642.90,-29250.50,-3180.19
5950000.00,-43103126793.63,-52423195817.46,-3941848557.11,27572.30,-28152.96,-3098.18
6000000.00,-41702091221.33,-53803036643.90,-4094658286.17,28463.72,-27036.46,-3013.72
6050000.00,-40257426413.85,-55126596448.06,-4243184896.34,29317.48,-25901.84,-2926.87
6100000.00,-38771008046.62,-56392989121.77,-4387311374.20,30133.87,-24749.89,-2837.72
6150000.00,-37244698031.28,-57601366859.89,-4526924462.02,30913.15,-23581.35,-2746.34
6200000.00,-35680345845.63,-58750917779.73,-4661914415.18,31655.55,-22396.91,-2652.81
6250000.00,-34079789927.29,-59840863729.83,-4792174775.55,32361.29,-21197.24,-2557.17
6300000.00,-32444859124.87,-60870458279.12,-4917602160.29,33030.54,-19982.94,-2459.49
6350000.00,-30777374202.00,-61838984878.37,-5038096065.21,33663.44,-18754.60,-2359.84
6400000.00,-29079149390.18,-62745755186.73,-5153558682.27,34260.12,-17512.76,-2258.25
6450000.00,-27351993987.36,-63590107556.85,-5263894730.69,34820.64,-16257.95,-2154.78
6500000.00,-25597713999.74,-64371405672.93,-5369011301.08,35345.07,-14990.66,-2049.48
6550000.00,-23818113825.33,-65089037336.94,-5468817712.29,35833.41,-13711.36,-1942.38
6600000.00,-22014997977.71,-65742413398.88,-5563225380.61,36285.65,-12420.50,-1833.53
6650000.00,-20190172849.59,-66330966827.91,-5652147701.07,36701.74,-11118.52,-1722.97
6700000.00,-18345448515.82,-66854151921.83,-5735499940.46,37081.57,-9805.83,-1610.73
6750000.00,-16482640575.83,-67311443653.38,-5813199142.20,37425.02,-8482.84,-1496.85
6800000.00,-14603572036.16,-67702337152.43,-5885164042.74,37731.92,-7149.95,-1381.36
6850000.00,-12710075233.55,-68026347324.11,-5951314999.51,38002.07,-5807.56,-1264.30
6900000.00,-10803993799.49,-68283008603.66,-6011573930.67,38235.23,-4456.05,-1145.69
6950000.00,-8887184667.46,-68471874849.75,-6065864266.44,38431.09,-3095.82,-1025.56
7000000.00,-6961520123.72,-68592519378.80,-6114110912.68,38589.35,-1727.24,-903.94
7050000.00,-5028889903.12,-68644535143.77,-6156240226.53,38709.62,-350.72,-780.87
7100000.00,-3091203330.83,-68627535061.93,-6192180004.87,38791.49,1033.33,-656.36
7150000.00,-1150391511.44,-68541152496.96,-6221859485.89,38834.51,2424.51,-530.46
7200000.00,791590433.88,-68385041901.92,-6245209364.38,38838.17,3822.39,-403.18
7250000.00,2732761081.20,-68158879630.58,-6262161821.42,38801.92,5226.51,-274.57
7300000.00,4671110368.15,-67862364925.91,-6272650569.21,38725.17,6636.41,-144.64
7350000.00,6604597208.75,-67495221095.71,-6276610912.06,38607.27,8051.60,-13.43
7400000.00,8531147058.88,-67057196886.39,-6273979824.43,38447.53,9471.54,119.01
7450000.00,10448649433.62,-66548068067.86,-6264696047.28,38245.20,10895.69,252.67
7500000.00,12354955378.02,-65967639243.23,-6248700204.00,37999.49,12323.44,387.49
7550000.00,14247874893.87,-65315745899.14,-6225934937.40,37709.55,13754.16,523.44
7600000.00,16125174326.41,-64592256713.89,-6196345069.45,37374.49,15187.16,660.47
7650000.00,17984573715.69,-63797076142.22,-6159877785.48,36993.34,16621.69,798.53
7700000.00,19823744119.31,-62930147297.56,-6116482844.99,36565.11,18056.95,937.57
7750000.00,21640304914.75,-61991455154.40,-6066112821.16,36088.73,19492.07,1077.52
7800000.00,23431821091.96,-60981030095.25,-6008723371.61,35563.09,20926.10,1218.33
7850000.00,25195800548.92,-59898951829.08,-5944273543.08,34987.01,22358.02,1359.93
7900000.00,26929691406.36,-58745353709.73,-5872726112.83,34359.28,23786.70,1502.22
7950000.00,28630879360.69,-57520427485.37,-5794047970.14,33678.63,25210.93,1645.14
8000000.00,30296685098.61,-56224428511.95,-5708210541.24,32943.71,26629.37,1788.58
8050000.00,31924361801.03,-54857681465.77,-5615190261.42,32153.18,28040.59,1932.44
8100000.00,33511092769.45,-53420586592.22,-5514969098.36,31305.59,29443.00,2076.59
8150000.00,35053989214.03,-51913626529.67,-5407535131.02,30399.49,30834.89,2220.93
8200000.00,36550088249.22,-50337373748.93,-5292883188.59,29433.38,32214.37,2365.29
8250000.00,37996351151.12,-48692498649.87,-5171015554.36,28405.72,33579.41,2509.53
8300000.00,39389661939.49,-46979778357.58,-5041942739.65,27314.97,34927.78,2653.47
8350000.00,40726826357.62,-45200106260.22,-4905684332.94,26159.54,36257.04,2796.92
8400000.00,42004571334.77,-43354502329.69,-4762269929.72,24937.86,37564.57,2939.67
8450000.00,43219545028.72,-41444124264.30,-4611740148.38,23648.36,38847.48,3081.49
8500000.00,44368317560.29,-39470279488.63,-4454147737.64,22289.49,40102.67,3222.13
8550000.00,45447382567.68,-37434438040.35,-4289558780.59,20859.74,41326.73,3361.30
8600000.00,46453159725.42,-35338246365.61,-4118054000.20,19357.67,42516.00,3498.71
8650000.00,47381998391.97,-33183542034.00,-3939730170.43,17781.91,43666.51,3634.00
8700000.00,48230182569.69,-30972369369.42,-3754701636.18,16131.22,44773.95,3766.83
8750000.00,48993937382.17,-28706995974.98,-3563101943.98,14404.49,45833.69,3896.78
8800000.00,49669437295.64,-26389930106.13,-3365085583.79,12600.81,46840.73,4023.41
8850000.00,50252816332.85,-24023938817.42,-3160829839.78,10719.48,47789.72,4146.27
8900000.00,50740180549.03,-21612066771.82,-2950536745.22,8760.10,48674.91,4264.81
8950000.00,51127623058.31,-19157655558.34,-2734435133.06,6722.55,49490.16,4378.50
9000000.00,51411241914.93,-16664363311.47,-2512782769.17,4607.16,50228.96,4486.74
9050000.00,51587161164.11,-14136184365.05,-2285868550.14,2414.66,50884.36,4588.86
9100000.00,51651555379.92,-11577468602.03,-2054014740.74,146.34,51449.09,4684.19
9150000.00,51600678000.62,-8992940081.31,-1817579219.06,-2195.91,51915.47,4772.00
9200000.00,51430893750.13,-6387714432.36,-1576957688.41,-4609.51,52275.51,4851.49
9250000.00,51138715395.92,-3767314410.12,-1332585805.54,-7091.11,52520.93,4921.86
9300000.00,50720845032.77,-1137682897.88,-1084941163.92,-9636.47,52643.21,4982.25
9350000.00,50174219995.40,1494807461.52,-834545059.41,-12240.41,52633.70,5031.76
9400000.00,49496063385.29,4123348931.25,-581963953.79,-14896.65,52483.66,5069.48
9450000.00,48683939045.51,6740698664.23,-327810539.82,-17597.83,52184.45,5094.48
9500000.00,47735810628.21,9339185105.26,-72744300.82,-20335.31,51727.59,5105.82
9550000.00,46650104171.75,11910721962.05,182528551.46,-23099.22,51104.99,5102.58
9600000.00,45425773340.42,14446830905.06,437255882.57,-25878.32,50309.10,5083.84
9650000.00,44062366183.61,16938674110.58,690641308.45,-28660.07,49333.12,5048.75
9700000.00,42560091953.74,19377097646.52,941846855.20,-31430.57,48171.25,4996.50
9750000.00,40919886197.65,21752686503.17,1189996713.00,-34174.68,46818.89,4926.39
9800000.00,39143472025.70,24055831780.49,1434182171.59,-36876.05,45272.93,4837.82
9850000.00,37233415192.98,26276810154.23,1673467793.94,-39517.36,43531.94,4730.31
9900000.00,35193170428.54,28405875256.74,1906898844.75,-42080.41,41596.47,4603.58
9950000.00,33027116354.51,30433360037.04,2133509939.90,-44546.48,39469.17,4457.49
