0.00,146959146506.47,-25487902159.47,21503041.93,5587.08,28849.05,0.00
50000.00,147232316900.70,-24040732341.91,21526484.18,5336.06,29038.40,0.94
100000.00,147492419435.38,-22584050965.66,21596150.15,5064.27,29229.01,1.85
150000.00,147738408272.02,-21117870727.46,21710305.38,4771.50,29417.85,2.71
200000.00,147969238184.13,-19642355090.97,21866275.28,4457.97,29601.93,3.52
250000.00,148183886317.40,-18157814682.49,22060522.59,4124.35,29778.36,4.24
300000.00,148381372797.67,-16664700754.65,22288740.18,3771.69,29944.42,4.87
350000.00,148560779925.17,-15163595910.65,22545957.47,3401.42,30097.58,5.40
400000.00,148721269658.08,-13655202254.83,22826658.64,3015.30,30235.60,5.81
450000.00,148862099033.82,-12140327161.75,23124910.33,2615.36,30356.53,6.10
500000.00,148982633133.66,-10619866936.13,23434496.50,2203.87,30458.75,6.26
550000.00,149082355195.93,-9094788758.00,23749056.53,1783.28,30541.05,6.30
600000.00,149160873542.41,-7566111444.75,24062222.84,1356.15,30602.59,6.21
650000.00,149217925107.68,-6034885682.84,24367753.03,925.04,30642.93,5.99
700000.00,149253375539.62,-4502174456.24,24659652.28,492.52,30662.01,5.66
750000.00,149267216047.46,-2969034403.25,24932281.56,61.04,30660.14,5.22
800000.00,149259557377.87,-1436498760.91,25180448.81,-367.07,30637.94,4.69
850000.00,149230621468.80,94437586.34,25399481.00,-789.70,30596.32,4.06
900000.00,149180731439.45,1622830628.56,25585276.86,-1204.93,30536.40,3.36
950000.00,149110300611.13,3147797210.11,25734341.26,-1611.06,30459.47,2.59
1000000.00,149019821218.36,4668522559.39,25843803.50,-2006.64,30366.98,1.78
1050000.00,148909853374.59,6184265633.75,25911422.48,-2390.40,30260.43,0.92
1100000.00,148781014721.08,7694362671.66,25935582.42,-2761.30,30141.39,0.04
1150000.00,148633971029.50,9198229419.11,25915282.57,-3118.45,30011.47,-0.85
1200000.00,148469427868.20,10695362522.13,25850124.28,-3461.15,29872.31,-1.75
1250000.00,148288123289.04,12185340559.02,25740298.35,-3788.81,29725.54,-2.64
1300000.00,148090821356.25,13667825132.24,25586574.59,-4100.96,29572.84,-3.51
1350000.00,147878306222.11,15142562358.86,25390295.23,-4397.27,29415.93,-4.34
1400000.00,147651376359.40,16609384993.65,25153372.45,-4677.51,29256.56,-5.13
1450000.00,147410838486.86,18068215292.93,24878289.56,-4941.57,29096.55,-5.86
1500000.00,147157500675.93,19519068579.14,24568104.43,-5189.51,28937.80,-6.53
1550000.00,146892164110.86,20962057294.71,24226452.36,-5421.56,28782.30,-7.12
1600000.00,146615613002.25,22397395140.54,23857544.81,-5638.18,28632.12,-7.62
1650000.00,146328602242.56,23825400686.24,23466159.11,-5840.08,28489.38,-8.02
1700000.00,146031842558.86,25246499633.51,23057613.57,-6028.32,28356.22,-8.30
1750000.00,145725983177.67,26661224740.05,22637721.90,-6204.33,28234.78,-8.47
1800000.00,145411592371.96,28070212314.01,22212721.29,-6369.91,28127.06,-8.51
1850000.00,145089136691.89,29474194219.34,21789169.64,-6527.32,28034.85,-8.41
1900000.00,144758960138.65,30873984541.75,21373809.98,-6679.21,27959.62,-8.18
1950000.00,144421264943.57,32270460480.75,20973403.69,-6828.59,27902.42,-7.81
2000000.00,144076095858.23,33664537642.21,20594538.39,-6978.73,27863.72,-7.32
2050000.00,143723329846.68,35057140634.54,20243420.93,-7133.05,27843.39,-6.71
2100000.00,143362672736.92,36449170594.03,19925669.40,-7294.94,27840.63,-5.99
2150000.00,142993663749.47,37841471821.67,19646119.89,-7467.65,27853.96,-5.18
2200000.00,142615687972.58,39234799965.85,19408663.08,-7654.08,27881.33,-4.31
2250000.00,142227995963.88,40629794057.12,19216122.82,-7856.68,27920.15,-3.39
2300000.00,141829728909.58,42026954215.93,19070183.77,-8077.37,27967.46,-2.45
2350000.00,141419947311.90,43426626125.27,18971369.67,-8317.45,28020.08,-1.51
2400000.00,140997661065.30,44828992554.75,18919068.59,-8577.64,28074.69,-0.59
2450000.00,140561858993.70,46234071505.10,18911597.48,-8858.08,28128.04,0.28
2500000.00,140111536355.72,47641720028.80,18946296.55,-9158.38,28176.96,1.09
2550000.00,139645719354.40,49051642519.44,19019643.56,-9477.70,28218.52,1.83
2600000.00,139163486196.44,50463402230.75,19127379.07,-9814.81,28250.02,2.47
2650000.00,138663984653.00,51876434925.58,19264636.07,-10168.17,28269.05,3.01
2700000.00,138146446343.08,53290063788.65,19426068.89,-10535.98,28273.52,3.43
2750000.00,137610198092.27,54703514995.70,19605978.72,-10916.23,28261.66,3.74
2800000.00,137054670738.42,56115933562.11,19798434.20,-11306.78,28231.98,3.93
2850000.00,136479405698.97,57526399266.92,19997386.74,-11705.36,28183.36,4.00
2900000.00,135884059519.17,58933942549.63,20196780.30,-12109.64,28114.96,3.95
2950000.00,135268406520.33,60337560312.58,20390655.61,-12517.24,28026.26,3.78
3000000.00,134632339588.58,61736231542.48,20573248.31,-12925.81,27917.06,3.50
3050000.00,133975869102.14,63128932612.19,20739080.17,-13333.00,27787.47,3.11
3100000.00,133299119997.89,64514652059.16,20883042.14,-13736.58,27637.87,2.63
3150000.00,132602327020.83,65892404581.70,21000467.72,-14134.41,27468.91,2.05
3200000.00,131885828274.60,67261243965.29,21087195.30,-14524.49,27281.49,1.40
3250000.00,131150057280.18,68620274659.49,21139618.18,-14905.00,27076.74,0.68
3300000.00,130395533836.39,69968661773.87,21154721.72,-15274.32,26855.96,-0.09
3350000.00,129622854041.59,71305639343.96,21130107.66,-15631.02,26620.60,-0.90
3400000.00,128832679869.49,72630516824.33,21064006.24,-15973.89,26372.22,-1.75
3450000.00,128025728686.72,73942683880.31,20955277.74,-16301.94,26112.45,-2.61
3500000.00,127202763054.95,75241613657.37,20803405.30,-16614.34,25843.00,-3.47
3550000.00,126364581083.50,76526864795.56,20608481.35,-16910.48,25565.59,-4.33
3600000.00,125512007496.90,77798082515.32,20371190.07,-17189.93,25281.95,-5.16
3650000.00,124645885467.83,79054999127.58,20092788.14,-17452.37,24993.83,-5.97
3700000.00,123767069148.71,80297434313.08,19775085.69,-17697.67,24702.98,-6.73
3750000.00,122876416722.36,81525295475.89,19420428.83,-17925.80,24411.16,-7.44
3800000.00,121974783691.29,82738578406.48,19031684.41,-18136.91,24120.15,-8.09
3850000.00,121063016039.66,83937368391.32,18612226.94,-18331.23,23831.75,-8.67
3900000.00,120141942837.57,85121841781.24,18165926.60,-18509.19,23547.80,-9.17
3950000.00,119212367822.10,86292267878.13,17697136.31,-18671.40,23270.18,-9.57
4000000.00,118275059491.75,87449010820.81,17210674.68,-18818.67,23000.80,-9.87
4050000.00,117330739308.34,88592530950.28,16711800.82,-18952.07,22741.60,-10.06
4100000.00,116380067729.61,89723384922.98,16206175.86,-19072.97,22494.48,-10.14
4150000.00,115423628017.76,90842223643.60,15699805.58,-19183.10,22261.30,-10.09
4200000.00,114461908096.41,91949786943.81,15198958.54,-19284.55,22043.75,-9.92
4250000.00,113495281159.11,93046893896.39,14710055.05,-19379.82,21843.28,-9.62
4300000.00,112523986232.36,94134427789.92,14239524.44,-19471.77,21660.99,-9.18
4350000.00,111548110394.58,95213315153.07,13793631.57,-19563.61,21497.49,-8.63
4400000.00,110567574733.59,96284498835.24,13378278.36,-19658.75,21352.81,-7.96
4450000.00,109582126252.73,97348905979.91,12998791.07,-19760.71,21226.28,-7.20
4500000.00,108591337685.84,98407412647.86,12659709.19,-19872.92,21116.52,-6.35
4550000.00,107594616502.35,99460807662.21,12364594.64,-19998.53,21021.42,-5.44
4600000.00,106591223338.01,100509758732.67,12115879.96,-20140.22,20938.27,-4.50
4650000.00,105580298865.63,101554783898.23,11914771.00,-20300.09,20863.82,-3.54
4700000.00,104560896995.69,102596230757.70,11761213.06,-20479.50,20794.53,-2.60
4750000.00,103532021535.94,103634264945.86,11653921.40,-20679.09,20726.70,-1.70
4800000.00,102492663206.78,104668868098.98,11590469.22,-20898.76,20656.70,-0.85
4850000.00,101441834214.94,105699844419.22,11567420.43,-21137.76,20581.08,-0.08
4900000.00,100378598296.56,106726834121.75,11580491.16,-21394.80,20496.74,0.59
4950000.00,99302095036.47,107749331643.31,11624724.49,-21668.16,20400.96,1.16
5000000.00,98211558139.29,108766706492.19,11694664.64,-21955.81,20291.47,1.62
5050000.00,97106328016.69,109778224921.94,11784520.99,-22255.52,20166.42,1.96
5100000.00,95985859494.18,110783071076.60,11888315.86,-22564.96,20024.36,2.18
5150000.00,94849725635.13,111780366755.16,12000013.80,-22881.74,19864.23,2.27
5200000.00,93697618677.31,112769189386.60,12113632.36,-23203.49,19685.32,2.25
5250000.00,92529348946.68,113748588147.26,12223336.44,-23527.87,19487.21,2.12
5300000.00,91344842415.61,114717598375.00,12323518.73,-23852.59,19269.76,1.87
5350000.00,90144137360.02,115675254550.17,12408869.10,-24175.45,19033.07,1.52
5400000.00,88927380374.29,116620602141.23,12474435.29,-24494.32,18777.47,1.08
5450000.00,87694821845.41,117552708579.06,12515676.76,-24807.17,18503.51,0.55
5500000.00,86446810877.34,118470673549.63,12528512.74,-25112.10,18211.93,-0.05
5550000.00,85183789595.39,119373638703.52,12509364.82,-25407.29,17903.67,-0.72
5600000.00,83906286745.04,120260796787.79,12455193.97,-25691.08,17579.83,-1.45
5650000.00,82614910522.34,121131400127.76,12363531.24,-25961.97,17241.69,-2.22
5700000.00,81310340624.37,121984768332.19,12232501.51,-26218.60,16890.66,-3.02
5750000.00,79993319574.01,122820295072.64,12060839.46,-26459.82,16528.29,-3.85
5800000.00,78664643441.83,123637453797.93,11847897.33,-26684.65,16156.21,-4.67
5850000.00,77325152144.85,124435802284.37,11593644.47,-26892.30,15776.16,-5.50
5900000.00,75975719537.75,125214985984.31,11298658.91,-27082.20,15389.92,-6.30
5950000.00,74617243519.68,125974740209.61,10964111.93,-27253.97,14999.28,-7.08
6000000.00,73250636356.72,126714891260.47,10591746.80,-27407.41,14606.09,-7.81
6050000.00,71876815368.87,127435356672.14,10183853.09,-27542.52,14212.16,-8.50
6100000.00,70496694056.64,128136144793.62,9743238.04,-27659.45,13819.30,-9.12
6150000.00,69111173653.74,128817353925.88,9273196.35,-27758.53,13429.30,-9.67
6200000.00,67721134999.31,129479171229.02,8777479.11,-27840.25,13043.92,-10.14
6250000.00,66327430533.45,130121871557.30,8260262.53,-27905.27,12664.92,-10.53
6300000.00,64930876144.23,130745816297.33,7726115.87,-27954.39,12293.99,-10.82
6350000.00,63532242540.39,131351452171.00,7179967.60,-27988.60,11932.85,-11.01
6400000.00,62132245803.38,131939309822.54,6627067.77,-28009.11,11583.15,-11.09
6450000.00,60731536795.68,132510001844.36,6072943.49,-28017.34,11246.50,-11.06
6500000.00,59330689184.96,133064219717.31,5523344.09,-28014.95,10924.45,-10.91
6550000.00,57930186000.30,133602728965.05,4984171.57,-28003.90,10618.40,-10.64
6600000.00,56530404881.93,134126361676.25,4461391.93,-27986.46,10329.59,-10.25
6650000.00,55131602525.07,134636005473.31,3960923.70,-27965.20,10058.99,-9.75
6700000.00,53733899238.84,135132588056.01,3488501.38,-27943.00,9807.22,-9.13
6750000.00,52337264999.93,135617056681.18,3049514.12,-27922.98,9574.43,-8.41
6800000.00,50941508796.48,136090352400.61,2648824.10,-27908.44,9360.21,-7.60
6850000.00,49546273309.65,136553379576.63,2290573.59,-27902.71,9163.48,-6.72
6900000.00,48151036932.74,137006972065.32,1977994.77,-27909.00,8982.48,-5.78
6950000.00,46755124667.77,137451858353.85,1713239.90,-27930.21,8814.78,-4.81
7000000.00,45357728542.07,137888628641.15,1497251.15,-27968.72,8657.30,-3.83
7050000.00,43957936955.99,138317707123.64,1329687.15,-28026.27,8506.49,-2.88
7100000.00,42554771052.17,138739332427.55,1208917.49,-28103.81,8358.52,-1.96
7150000.00,41147225105.79,139153548209.11,1132088.04,-28201.45,8209.46,-1.12
7200000.00,39734307363.82,139560204604.59,1095250.53,-28318.52,8055.53,-0.37
7250000.00,38315077853.35,139958969772.09,1093541.46,-28453.65,7893.26,0.28
7300000.00,36888680380.22,140349349565.62,1121391.16,-28604.89,7719.64,0.81
7350000.00,35454367027.08,140730712665.42,1172742.24,-28769.88,7532.21,1.22
7400000.00,34011514639.56,141102318330.53,1241259.75,-28946.02,7329.06,1.50
7450000.00,32559633800.44,141463344259.92,1320519.93,-29130.58,7108.82,1.65
7500000.00,31098371480.59,141812912666.56,1404170.05,-29320.84,6870.63,1.68
7550000.00,29627508885.08,142150113388.22,1486057.07,-29514.16,6614.06,1.58
7600000.00,28146956037.67,142474023525.50,1560326.71,-29708.04,6339.01,1.37
7650000.00,26656744461.34,142783723619.85,1621496.95,-29900.13,6045.69,1.06
7700000.00,25157019018.39,143078310734.11,1664511.10,-30088.24,5734.56,0.65
7750000.00,23648029649.21,143356908986.24,1684775.88,-30270.36,5406.24,0.15
7800000.00,22130123447.38,143618678147.32,1678189.26,-30444.61,5061.52,-0.43
7850000.00,20603737257.09,143862820884.80,1641161.79,-30609.27,4701.33,-1.07
7900000.00,19069390787.86,144088589145.25,1570634.40,-30762.75,4326.71,-1.76
7950000.00,17527680109.26,144295290053.76,1464094.29,-30903.59,3938.83,-2.51
8000000.00,15979271310.82,144482291578.59,1319589.70,-31030.45,3538.95,-3.28
8050000.00,14424894080.74,144649028083.03,1135743.50,-31142.12,3128.46,-4.08
8100000.00,12865334965.73,144795005771.54,911764.89,-31237.55,2708.84,-4.88
8150000.00,11301430114.20,144919807941.71,647458.09,-31315.80,2281.70,-5.69
8200000.00,9734057369.14,145023099883.18,343226.75,-31376.13,1848.72,-6.48
8250000.00,8164127655.73,145104633224.42,72.70,-31417.98,1411.65,-7.24
8300000.00,6592575691.34,145164249519.28,-380412.07,-31440.96,972.34,-7.97
8350000.00,5020350122.57,145201882887.64,-796060.83,-31444.89,532.65,-8.65
8400000.00,3448403253.02,145217561572.18,-1244155.38,-31429.81,94.47,-9.27
8450000.00,1877680560.32,145211408339.67,-1721456.85,-31395.96,-340.31,-9.81
8500000.00,309110205.22,145183639727.09,-2224243.34,-31343.79,-769.83,-10.28
8550000.00,-1256407290.73,145134564200.58,-2748353.66,-31273.96,-1192.28,-10.67
8600000.00,-2818009074.81,145064579344.42,-3289235.87,-31187.31,-1605.91,-10.95
8650000.00,-4374879646.80,144974168220.09,-3841999.83,-31084.88,-2009.05,-11.14
8700000.00,-5926260221.50,144863895024.77,-4401472.94,-30967.91,-2400.13,-11.22
8750000.00,-7471457866.33,144734400132.62,-4962259.02,-30837.80,-2777.67,-11.19
8800000.00,-9009854563.75,144586394521.78,-5518800.70,-30696.14,-3140.33,-11.05
8850000.00,-10540916367.83,144420653482.43,-6065446.46,-30544.71,-3486.88,-10.80
8900000.00,-12064202801.02,144238009373.63,-6596524.04,-30385.46,-3816.27,-10.43
8950000.00,-13579376556.55,144039343066.02,-7106422.62,-30220.57,-4127.62,-9.95
9000000.00,-15086213428.32,143825573590.55,-7589686.00,-30052.39,-4420.29,-9.36
9050000.00,-16584612177.85,143597645439.14,-8041119.18,-29883.49,-4693.92,-8.68
9100000.00,-18074603773.31,143356512963.23,-8455909.51,-29716.58,-4948.48,-7.90
9150000.00,-19556359120.17,143103121430.38,-8829762.06,-29554.53,-5184.37,-7.04
9200000.00,-21030194089.89,142838384563.06,-9159046.27,-29400.26,-5402.46,-6.12
9250000.00,-22496570412.35,142563158819.00,-9440947.71,-29256.66,-5604.19,-5.15
9300000.00,-23956090922.51,142278215265.99,-9673615.05,-29126.47,-5791.54,-4.15
9350000.00,-25409487837.99,141984210590.43,-9856289.15,-29012.11,-5967.10,-3.15
9400000.00,-26857603263.25,141681659429.69,-9989398.93,-28915.51,-6133.95,-2.18
9450000.00,-28301361964.19,141370910657.15,-10074609.28,-28838.02,-6295.61,-1.24
9500000.00,-29741737529.89,141052130296.12,-10114809.06,-28780.24,-6455.85,-0.38
9550000.00,-31179714124.24,140725293277.71,-10114033.84,-28741.98,-6618.51,0.39
9600000.00,-32616246858.74,140390185306.06,-10077325.98,-28722.28,-6787.29,1.06
9650000.00,-34052224153.41,140046414821.38,-10010543.04,-28719.45,-6965.55,1.59
9700000.00,-35488435182.05,139693433745.43,-9920132.26,-28731.23,-7156.16,2.00
9750000.00,-36925544687.34,139330564660.03,-9812891.91,-28754.93,-7361.41,2.27
9800000.00,-38364076315.72,138957031524.46,-9695740.01,-28787.62,-7582.96,2.40
9850000.00,-39804404447.00,138571991042.03,-9575506.89,-28826.29,-7821.84,2.39
9900000.00,-41246753528.26,138174562247.67,-9458762.19,-28867.98,-8078.55,2.26
9950000.00,-42691203312.16,137763852619.41,-9351681.02,-28909.87,-8353.06,2.01
