0.00,-247117614742.80,-14225240749.78,5747400756.05,2860.32,-24157.71,-5.03
50000.00,-246980066009.68,-15323436008.32,5739251868.90,1469.88,-20313.88,248.58
100000.00,-246869833811.09,-16424493687.83,5745627472.52,1113.98,-23323.21,765.94
150000.00,-246741797626.96,-17532296266.86,5747191395.17,1786.76,-23679.99,554.29
200000.00,-246600488281.88,-18631358784.11,5744288644.84,1235.90,-22964.36,769.32
250000.00,-246442004176.58,-19737383700.88,5736824079.65,1626.33,-20836.04,421.16
300000.00,-246290631620.99,-20863153947.61,5736864725.68,3726.69,-20926.50,-451.36
350000.00,-246158420736.43,-21971532653.27,5745881344.07,4159.98,-22818.72,-399.07
400000.00,-245999766609.86,-23043333636.20,5741690544.60,1789.08,-22879.78,703.46
450000.00,-245811827399.96,-24171074608.46,5732702028.48,3859.90,-20849.93,-379.90
500000.00,-245673020271.20,-25273904362.25,5745201903.22,4083.68,-23211.09,-185.28
550000.00,-245469118178.49,-26353117102.72,5728700656.09,2612.74,-20733.46,253.83
600000.00,-245308120686.43,-27486068854.07,5739187738.39,4691.44,-22411.35,-445.56
650000.00,-245112430986.30,-28545975139.71,5728966473.52,2248.55,-21491.74,588.62
700000.00,-244927068133.17,-29687881336.33,5734262034.14,4906.85,-22110.26,-479.38
750000.00,-244725634337.96,-30743130079.00,5725680842.09,2465.24,-21558.27,593.40
800000.00,-244531380478.16,-31885414335.87,5731758953.85,5083.11,-22227.15,-451.75
850000.00,-244307896580.47,-32942391584.60,5718258974.74,3042.25,-20936.37,366.06
900000.00,-244120000523.58,-34075970364.87,5730948094.92,5136.22,-22649.76,-337.10
950000.00,-243867997497.28,-35150135749.88,5711285148.02,4205.49,-20588.83,-92.84
1000000.00,-243687477333.26,-36251978111.58,5728633089.37,4732.72,-23179.00,-8.16
1050000.00,-243419941741.28,-37360341772.53,5710368182.43,5285.96,-21085.78,-426.39
1100000.00,-243213725362.88,-38413878402.03,5715953102.31,3457.67,-22600.91,592.09
1150000.00,-242966071884.55,-39554672707.97,5714645236.62,5769.55,-22051.47,-445.47
1200000.00,-242696476907.16,-40611142640.51,5697105785.37,4439.80,-20563.67,36.58
1250000.00,-242490436927.04,-41715263506.50,5715171803.22,5247.29,-23054.13,-13.57
1300000.00,-242197605936.46,-42825064271.90,5697637631.77,5933.19,-21258.77,-459.31
1350000.00,-241944593364.57,-43864860789.72,5692823571.95,3874.11,-21342.83,511.90
1400000.00,-241700830562.06,-44997301727.47,5704211098.99,6051.19,-22572.91,-278.98
1450000.00,-241389747508.28,-46082083237.70,5683059813.17,5994.27,-20859.68,-385.89
1500000.00,-241140597956.52,-47124890408.67,5687402600.51,4213.73,-22092.24,582.12
1550000.00,-240864353787.56,-48260480360.41,5691815370.46,6471.77,-22291.51,-352.75
1600000.00,-240538771111.72,-49334291693.63,5670206282.06,6208.51,-20721.44,-352.80
1650000.00,-240277575953.80,-50376169961.91,5676239226.44,4586.16,-22123.64,562.71
1700000.00,-239984618020.88,-51508864470.27,5680064851.43,6763.72,-22248.98,-343.97
1750000.00,-239642523683.82,-52583068936.03,5658312144.01,6620.36,-20761.85,-388.46
1800000.00,-239356007075.93,-53615444824.89,5659252908.09,4828.12,-21535.65,536.62
1850000.00,-239061063126.38,-54741370440.98,5668642333.69,6931.89,-22398.66,-259.76
1900000.00,-238702561241.36,-55825472835.90,5647803338.21,7129.83,-20975.37,-449.05
1950000.00,-238377511769.67,-56852026201.69,5638184526.99,5536.13,-20594.76,266.83
2000000.00,-238089578141.08,-57953244860.30,5655265774.87,6820.03,-22638.04,-41.56
2050000.00,-237721316620.62,-59054866357.20,5639104148.25,7585.80,-21361.14,-467.55
2100000.00,-237355672432.12,-60092555542.87,5619802960.16,6758.51,-20277.33,-165.73
2150000.00,-237056657174.78,-61142451268.71,5633765005.49,6107.07,-22402.61,393.98
2200000.00,-236697915031.63,-62261424167.17,5630832760.59,7824.70,-21893.12,-374.12
2250000.00,-236303264186.03,-63324385342.79,5608489769.86,7755.60,-20652.45,-425.35
2300000.00,-235947338646.70,-64340796052.28,5600867454.76,6215.03,-20518.11,292.58
2350000.00,-235622027948.74,-65433988566.52,5617270431.31,7511.83,-22433.33,-34.78
2400000.00,-235219244804.75,-66529319952.98,5601904949.54,8315.66,-21312.02,-460.89
2450000.00,-234810430700.16,-67566562351.36,5580186938.01,7834.82,-20236.49,-311.92
2500000.00,-234458779242.21,-68584364696.51,5584210422.81,6385.36,-21325.30,493.31
2550000.00,-234090717785.78,-69691092404.16,5592650164.28,8281.38,-22078.38,-221.38
2600000.00,-233661138340.73,-70767005851.98,5572971545.91,8700.64,-20950.56,-477.24
2650000.00,-233237763036.78,-71789109544.88,5552825845.64,8027.36,-20019.79,-227.66
2700000.00,-232875029159.30,-72810575275.93,5561925427.32,6957.77,-21634.65,463.69
2750000.00,-232475278006.45,-73913857792.08,5565552606.74,8786.45,-21839.76,-278.07
2800000.00,-232023874758.35,-74978944956.30,5544682329.82,9099.59,-20765.79,-481.02
2850000.00,-231580678897.09,-75993399310.29,5524571587.52,8436.07,-19894.33,-229.55
2900000.00,-231196289737.88,-77007186110.58,5532881475.91,7357.37,-21423.70,456.61
2950000.00,-230778484851.54,-78103003030.07,5537337829.24,9154.58,-21745.73,-258.68
3000000.00,-230307249137.39,-79164852683.34,5516963235.64,9531.66,-20725.95,-484.14
3050000.00,-229839003677.70,-80177718272.08,5495211899.51,9038.97,-19839.85,-309.94
3100000.00,-229422576209.86,-81174190040.95,5497134063.00,7681.11,-20716.51,431.64
3150000.00,-228999294110.74,-82255935599.09,5507313709.83,9362.76,-21760.63,-156.89
3200000.00,-228511624856.35,-83320891625.41,5489609752.15,9959.34,-20811.94,-472.04
3250000.00,-228016421525.73,-84338162936.95,5466005044.16,9724.90,-19903.44,-414.63
3300000.00,-227556219654.58,-85321490250.84,5456785405.32,8480.66,-19773.14,171.42
3350000.00,-227131966616.92,-86368347578.66,5472519663.33,9251.31,-21736.40,82.43
3400000.00,-226636677853.69,-87440365049.44,5461804243.98,10305.47,-21010.64,-412.02
3450000.00,-226117093798.83,-88467810248.45,5438092864.01,10369.13,-20099.55,-486.90
3500000.00,-225611752086.52,-89453373346.60,5418740444.52,9679.21,-19407.72,-205.08
3550000.00,-225161123971.30,-90444716539.77,5426634077.11,8745.79,-20900.18,411.71
3600000.00,-224678351604.91,-91514326753.49,5430833712.62,10415.27,-21289.63,-239.09
3650000.00,-224142462073.27,-92556995289.11,5411115179.36,10878.79,-20408.58,-487.82
3700000.00,-223600941095.56,-93556287159.03,5386800552.48,10680.34,-19582.03,-437.71
3750000.00,-223088534367.96,-94522269283.07,5374323126.88,9625.92,-19287.27,46.69
3800000.00,-222620432938.43,-95536257798.36,5388852516.95,9881.27,-21273.14,187.88
3850000.00,-222088624932.13,-96594016144.09,5382126917.18,11133.34,-20813.22,-366.01
3900000.00,-221523656678.54,-97613369039.28,5359141132.88,11364.00,-19967.68,-507.79
3950000.00,-220961299456.93,-98592259339.61,5335515596.38,11024.29,-19214.74,-387.49
4000000.00,-220436316121.84,-99546597360.49,5328287607.35,9829.71,-19327.79,200.99
4050000.00,-219937945655.79,-100567732043.40,5342163014.80,10717.44,-21096.68,39.50
4100000.00,-219372151346.13,-101609510264.08,5330745853.95,11698.91,-20460.55,-412.63
4150000.00,-218781250558.90,-102612226682.93,5306573982.44,11850.88,-19656.80,-515.14
4200000.00,-218195410652.94,-103576679592.48,5283076472.33,11479.66,-18949.92,-376.16
4250000.00,-217647840900.74,-104519832330.72,5276701499.24,10301.71,-19160.55,214.69
4300000.00,-217122831201.37,-105531222503.29,5289763776.19,11250.77,-20845.13,17.14
4350000.00,-216531605208.98,-106560589254.06,5277798493.04,12196.00,-20225.66,-417.00
4400000.00,-215915617721.49,-107552361853.68,5253390767.85,12363.29,-19453.29,-522.96
4450000.00,-215302809113.50,-108507182845.54,5228961490.05,12059.32,-18760.86,-412.28
4500000.00,-214722711171.81,-109437289811.53,5218833557.38,10993.06,-18719.03,102.68
4550000.00,-214176656892.55,-110423520484.27,5231944855.06,11517.25,-20549.37,107.77
4600000.00,-213567632450.31,-111443787359.54,5223126762.25,12626.54,-20092.55,-381.87
4650000.00,-212927745487.50,-112429537724.36,5199494359.63,12885.99,-19342.91,-526.16
4700000.00,-212285932731.53,-113379084600.30,5173661466.40,12714.20,-18651.51,-473.85
4750000.00,-211666447342.22,-114298819202.57,5157005688.06,11918.84,-18263.04,-114.73
4800000.00,-211094333181.94,-115243960761.10,5166286279.56,11503.94,-19929.78,288.04
4850000.00,-210479037303.20,-116252981476.29,5165454489.38,12930.11,-20038.30,-283.17
4900000.00,-209818734338.16,-117237030569.05,5144550210.96,13377.86,-19317.38,-507.60
4950000.00,-209148507984.83,-118185428324.20,5117969680.20,13370.53,-18627.02,-527.90
5000000.00,-208488816460.85,-119101297173.52,5095070331.74,12918.38,-18044.63,-340.61
5050000.00,-207869469354.44,-120005593605.59,5091174973.78,11820.99,-18552.93,243.86
5100000.00,-207259874756.83,-120980876682.00,5101261226.02,12931.13,-19953.17,-54.93
5150000.00,-206588225439.68,-121965914959.60,5087323751.87,13767.92,-19371.96,-436.68
5200000.00,-205893324676.20,-122917069013.72,5062008645.64,13962.80,-18680.99,-546.35
5250000.00,-205197672117.45,-123834903554.99,5035305617.54,13801.34,-18042.65,-493.32
5300000.00,-204521873980.70,-124724585361.07,5016841558.95,13103.47,-17639.90,-179.30
5350000.00,-203892120060.32,-125630785157.42,5022761724.10,12468.77,-19063.41,294.17
5400000.00,-203230869859.39,-126605533845.92,5024175165.44,13887.99,-19470.09,-243.21
5450000.00,-202520336000.70,-127562945427.78,5004423363.77,14423.47,-18809.95,-500.01
5500000.00,-201795692870.77,-128486937625.29,4977376539.23,14509.33,-18156.96,-557.72
5550000.00,-201074784630.12,-129379541300.39,4951114822.19,14260.97,-17560.96,-462.15
5600000.00,-200379303764.70,-130248254215.65,4935976646.56,13425.52,-17344.07,-68.73
5650000.00,-199725012323.08,-131152116968.32,4944958570.94,13308.91,-19021.71,201.36
5700000.00,-199023143149.99,-132110161583.31,4940845722.67,14590.20,-18999.94,-319.04
5750000.00,-198280799401.72,-133043976415.10,4918749714.97,15015.93,-18348.05,-526.59
5800000.00,-197527563069.82,-133945587259.07,4890898714.60,15066.01,-17723.07,-565.77
5850000.00,-196779283867.84,-134817147054.44,4864500728.73,14800.57,-17153.65,-460.16
5900000.00,-196057045408.58,-135666483877.70,4849651986.20,13961.91,-16983.94,-60.95
5950000.00,-195374053700.08,-136553000374.83,4858238736.82,13914.06,-18644.88,176.30
6000000.00,-194643010968.03,-137491192211.23,4853246132.57,15156.42,-18602.70,-329.04
6050000.00,-193872544927.79,-138405641463.07,4830782999.97,15578.60,-17970.79,-533.05
6100000.00,-193090854719.78,-139288863552.52,4802512769.39,15644.79,-17364.43,-577.59
6150000.00,-192312652529.72,-140142828331.17,4775118686.06,15426.92,-16804.78,-492.20
6200000.00,-191556419296.37,-140973185912.72,4757320489.04,14704.46,-16521.81,-156.26
6250000.00,-190842423338.19,-141827158124.16,4762857492.09,14278.34,-17987.40,226.98
6300000.00,-190092852689.10,-142743057365.89,4761333056.76,15595.32,-18269.13,-278.39
6350000.00,-189297904192.87,-143641833806.31,4740384946.27,16107.07,-17667.46,-518.87
6400000.00,-188488334000.56,-144510150232.44,4712203525.63,16232.01,-17071.50,-588.44
6450000.00,-187678788950.05,-145349635902.55,4683404127.10,16104.44,-16514.36,-542.87
6500000.00,-186884137187.77,-146163419474.01,4660852459.20,15589.81,-16086.72,-313.66
6550000.00,-186129213238.63,-146976800316.86,4658055980.00,14680.96,-16862.21,211.29
6600000.00,-185371597179.67,-147858462131.55,4663294341.83,15826.73,-17937.48,-138.46
6650000.00,-184558484910.21,-148744135058.60,4646789713.66,16566.08,-17431.23,-469.61
6700000.00,-183723138396.62,-149600751947.33,4619833520.77,16797.24,-16838.77,-585.81
6750000.00,-182882772921.29,-150428672303.27,4590038843.31,16780.22,-16282.98,-589.08
6800000.00,-182049528984.80,-151229816183.41,4562943101.97,16489.99,-15777.83,-466.97
6850000.00,-181242560996.95,-152012281401.74,4547798007.42,15677.96,-15687.78,-73.12
6900000.00,-180471116894.91,-152833042104.71,4554437253.87,15691.87,-17264.64,125.58
6950000.00,-179653456563.57,-153702181770.79,4547889560.85,16863.39,-17244.11,-346.87
7000000.00,-178797602734.00,-154550075147.33,4524646186.25,17293.98,-16665.52,-549.66
7050000.00,-177929167809.99,-155369218122.73,4495217027.42,17406.32,-16105.93,-610.56
7100000.00,-177060454573.91,-156161227748.46,4465176301.55,17303.95,-15579.30,-573.71
7150000.00,-176203920001.21,-156928401681.16,4440235379.54,16882.68,-15139.72,-387.76
7200000.00,-175381755174.64,-157687372822.50,4431836524.70,15965.37,-15530.69,100.22
7250000.00,-174573919291.52,-158506292213.73,4438026912.66,16742.15,-16915.16,-57.31
7300000.00,-173711021778.52,-159345634124.54,4424285336.15,17627.62,-16550.28,-438.93
7350000.00,-172820561511.80,-160158900484.94,4398023116.57,17935.18,-15982.85,-586.82
7400000.00,-171921503779.33,-160944535925.74,4367421855.77,17994.93,-15447.49,-622.54
7450000.00,-171024375581.68,-161704148955.50,4337270412.22,17850.98,-14942.36,-565.69
7500000.00,-170141929207.90,-162440441151.45,4313447057.71,17365.54,-14554.34,-346.90
7550000.00,-169296411259.63,-163175681401.18,4307974384.08,16499.19,-15218.23,145.12
7600000.00,-168452622824.72,-163974941499.25,4311900627.64,17500.61,-16349.63,-137.63
7650000.00,-167555205114.72,-164783471629.19,4295375710.83,18268.07,-15920.18,-474.20
7700000.00,-166633851863.47,-165565590856.24,4267872468.39,18537.69,-15368.44,-604.24
7750000.00,-165705013797.33,-166320924008.61,4236581719.86,18586.23,-14849.38,-633.89
7800000.00,-164778319137.71,-167050984118.42,4205884527.70,18444.60,-14357.85,-577.23
7850000.00,-163865753988.94,-167758231075.35,4181294213.57,17981.50,-13972.66,-368.63
7900000.00,-162988709327.75,-168462764795.68,4174227327.77,17118.05,-14545.61,111.90
7950000.00,-162117341159.19,-169229043513.43,4178007305.91,18026.31,-15741.74,-124.39
8000000.00,-161192860953.84,-170008459073.71,4161919525.82,18823.25,-15352.01,-470.39
8050000.00,-160243261927.91,-170762475312.54,4134411723.70,19111.56,-14811.59,-608.00
8100000.00,-159285245870.62,-171490207650.11,4102730852.49,19180.96,-14302.27,-646.39
8150000.00,-158327962328.27,-172193129317.53,4071040762.83,19078.55,-13818.15,-606.84
8200000.00,-157381687697.79,-172872975546.10,4044027347.04,18710.37,-13399.47,-444.01
8250000.00,-156465412076.64,-173541870415.36,4031244290.22,17871.36,-13587.30,-13.78
8300000.00,-155572133599.44,-174260477139.58,4035658399.88,18306.49,-15031.54,-18.50
8350000.00,-154629041898.47,-175011110095.39,4023499146.53,19276.85,-14835.45,-421.94
8400000.00,-153654510758.03,-175739709336.17,3997451521.42,19644.87,-14306.43,-593.99
8450000.00,-152668571547.39,-176442248098.26,3965909746.77,19763.79,-13800.17,-654.45
8500000.00,-151680720466.75,-177120185968.07,3933185854.01,19723.86,-13320.24,-642.60
8550000.00,-150699426896.84,-177774754780.46,3903118689.02,19484.00,-12871.77,-539.86
8600000.00,-149738812552.44,-178410774730.44,3882388192.82,18849.92,-12662.99,-240.15
8650000.00,-148815278635.43,-179066318036.70,3881980037.79,18390.32,-13870.85,123.47
8700000.00,-147866178458.69,-179780274833.26,3878220808.01,19546.35,-14332.91,-296.95
8750000.00,-146872742607.37,-180485530314.79,3856199801.13,20101.92,-13850.86,-547.33
8800000.00,-145861607475.56,-181165196976.91,3825936205.34,20307.91,-13340.70,-647.08
8850000.00,-144844705057.24,-181820146800.41,3792750855.04,20344.57,-12860.89,-669.58
8900000.00,-143829630047.66,-182451632888.38,3760097981.26,20229.07,-12401.62,-623.31
8950000.00,-142825822984.35,-183061225216.24,3732274572.92,19864.82,-12005.22,-461.66
9000000.00,-141851081151.96,-183660491777.27,3718239252.53,19059.54,-12180.81,-49.73
9050000.00,-140899507695.07,-184306926666.70,3721082609.15,19432.23,-13583.20,-34.15
9100000.00,-139900611055.64,-184986454853.36,3708441288.21,20392.45,-13433.52,-430.10
9150000.00,-138870080956.62,-185645555299.31,3681913461.94,20770.07,-12926.76,-605.60
9200000.00,-137827506991.97,-186279560609.49,3649633187.16,20905.75,-12438.40,-673.19
9250000.00,-136781816422.39,-186889853720.45,3615650195.72,20899.84,-11976.01,-676.17
9300000.00,-135740040798.35,-187477478309.63,3583148941.77,20739.22,-11533.04,-609.42
9350000.00,-134712467144.51,-188044577760.67,3556852569.68,20296.52,-11188.49,-409.19
9400000.00,-133717891320.58,-188609051361.82,3546775030.28,19492.72,-11681.07,32.01
9450000.00,-132731886163.19,-189230014988.07,3548001903.64,20250.49,-12867.45,-144.52
9500000.00,-131696348982.90,-189868057118.48,3531131096.20,21050.09,-12558.63,-486.60
9550000.00,-130634878267.55,-190483480744.46,3502613918.27,21361.25,-12059.07,-633.15
9600000.00,-129563494950.57,-191074476495.38,3469298115.34,21470.29,-11585.33,-688.58
9650000.00,-128489953669.35,-191642421291.45,3434716059.09,21450.55,-11134.75,-685.33
9700000.00,-127420876697.85,-192188246204.45,3401859790.87,21281.12,-10702.37,-614.71
9750000.00,-126366362627.67,-192714131532.50,3375370939.92,20833.08,-10371.95,-411.87
9800000.00,-125344729154.22,-193238362346.68,3365081439.14,20047.31,-10885.79,21.98
9850000.00,-124330492124.37,-193818631135.95,3365448397.93,20808.51,-12034.93,-161.43
9900000.00,-123267600100.27,-194415045084.70,3347944168.26,21590.05,-11729.32,-496.34
9950000.00,-122179252773.53,-194989224065.35,3318989311.74,21897.65,-11238.46,-641.51
