0.00,-0.32,-0.07,0.00,-0.01,-0.00,-0.00
50000.00,-320.14,-74.03,-0.55,-0.01,-0.00,-0.00
100000.00,-638.42,-159.81,-2.21,-0.01,-0.00,-0.00
150000.00,-954.81,-257.45,-4.98,-0.01,-0.00,-0.00
200000.00,-1268.92,-366.98,-8.88,-0.01,-0.00,-0.00
250000.00,-1580.40,-488.40,-13.92,-0.01,-0.00,-0.00
300000.00,-1888.86,-621.75,-20.10,-0.01,-0.00,-0.00
350000.00,-2193.92,-767.03,-27.43,-0.01,-0.00,-0.00
400000.00,-2495.17,-924.23,-35.92,-0.01,-0.00,-0.00
450000.00,-2792.22,-1093.36,-45.58,-0.01,-0.00,-0.00
500000.00,-3084.64,-1274.40,-56.42,-0.01,-0.00,-0.00
550000.00,-3372.00,-1467.32,-68.43,-0.01,-0.00,-0.00
600000.00,-3653.88,-1672.10,-81.64,-0.01,-0.00,-0.00
650000.00,-3929.83,-1888.68,-96.03,-0.01,-0.00,-0.00
700000.00,-4199.38,-2117.02,-111.62,-0.01,-0.00,-0.00
750000.00,-4462.07,-2357.05,-128.40,-0.01,-0.00,-0.00
800000.00,-4717.42,-2608.67,-146.38,-0.01,-0.01,-0.00
850000.00,-4964.93,-2871.81,-165.57,-0.00,-0.01,-0.00
900000.00,-5204.09,-3146.33,-185.95,-0.00,-0.01,-0.00
950000.00,-5434.38,-3432.12,-207.53,-0.00,-0.01,-0.00
1000000.00,-5655.27,-3729.01,-230.30,-0.00,-0.01,-0.00
1050000.00,-5866.22,-4036.85,-254.26,-0.00,-0.01,-0.00
1100000.00,-6066.66,-4355.42,-279.41,-0.00,-0.01,-0.00
1150000.00,-6256.03,-4684.51,-305.72,-0.00,-0.01,-0.00
1200000.00,-6433.73,-5023.88,-333.20,-0.00,-0.01,-0.00
1250000.00,-6599.18,-5373.24,-361.83,-0.00,-0.01,-0.00
1300000.00,-6751.76,-5732.28,-391.59,-0.00,-0.01,-0.00
1350000.00,-6890.85,-6100.67,-422.45,-0.00,-0.01,-0.00
1400000.00,-7015.82,-6478.01,-454.41,-0.00,-0.01,-0.00
1450000.00,-7126.04,-6863.88,-487.43,-0.00,-0.01,-0.00
1500000.00,-7220.86,-7257.82,-521.49,-0.00,-0.01,-0.00
1550000.00,-7299.64,-7659.31,-556.54,-0.00,-0.01,-0.00
1600000.00,-7361.72,-8067.80,-592.55,-0.00,-0.01,-0.00
1650000.00,-7406.45,-8482.66,-629.48,-0.00,-0.01,-0.00
1700000.00,-7433.20,-8903.22,-667.28,-0.00,-0.01,-0.00
1750000.00,-7441.33,-9328.76,-705.88,0.00,-0.01,-0.00
1800000.00,-7430.21,-9758.47,-745.25,0.00,-0.01,-0.00
1850000.00,-7399.25,-10191.50,-785.29,0.00,-0.01,-0.00
1900000.00,-7347.86,-10626.91,-825.96,0.00,-0.01,-0.00
1950000.00,-7275.52,-11063.72,-867.15,0.00,-0.01,-0.00
2000000.00,-7181.70,-11500.84,-908.79,0.00,-0.01,-0.00
2050000.00,-7065.97,-11937.14,-950.77,0.00,-0.01,-0.00
2100000.00,-6927.91,-12371.41,-993.00,0.00,-0.01,-0.00
2150000.00,-6767.21,-12802.34,-1035.37,0.00,-0.01,-0.00
2200000.00,-6583.62,-13228.60,-1077.76,0.00,-0.01,-0.00
2250000.00,-6376.97,-13648.76,-1120.03,0.00,-0.01,-0.00
2300000.00,-6147.21,-14061.34,-1162.06,0.00,-0.01,-0.00
2350000.00,-5894.38,-14464.82,-1203.71,0.01,-0.01,-0.00
2400000.00,-5618.66,-14857.62,-1244.83,0.01,-0.01,-0.00
2450000.00,-5320.37,-15238.14,-1285.27,0.01,-0.01,-0.00
2500000.00,-4999.94,-15604.77,-1324.86,0.01,-0.01,-0.00
2550000.00,-4657.97,-15955.87,-1363.47,0.01,-0.01,-0.00
2600000.00,-4295.22,-16289.86,-1400.91,0.01,-0.01,-0.00
2650000.00,-3912.60,-16605.15,-1437.04,0.01,-0.01,-0.00
2700000.00,-3511.17,-16900.24,-1471.69,0.01,-0.01,-0.00
2750000.00,-3092.15,-17173.69,-1504.70,0.01,-0.01,-0.00
2800000.00,-2656.92,-17424.14,-1535.94,0.01,-0.00,-0.00
2850000.00,-2206.99,-17650.38,-1565.26,0.01,-0.00,-0.00
2900000.00,-1743.99,-17851.32,-1592.52,0.01,-0.00,-0.00
2950000.00,-1269.67,-18026.00,-1617.61,0.01,-0.00,-0.00
3000000.00,-785.86,-18173.66,-1640.42,0.01,-0.00,-0.00
3050000.00,-294.48,-18293.70,-1660.86,0.01,-0.00,-0.00
3100000.00,202.52,-18385.69,-1678.86,0.01,-0.00,-0.00
3150000.00,703.16,-18449.43,-1694.35,0.01,-0.00,-0.00
3200000.00,1205.47,-18484.85,-1707.30,0.01,-0.00,-0.00
3250000.00,1707.48,-18492.12,-1717.67,0.01,0.00,-0.00
3300000.00,2207.30,-18471.56,-1725.47,0.01,0.00,-0.00
3350000.00,2703.06,-18423.64,-1730.69,0.01,0.00,-0.00
3400000.00,3193.03,-18349.01,-1733.38,0.01,0.00,-0.00
3450000.00,3675.52,-18248.45,-1733.55,0.01,0.00,0.00
3500000.00,4148.98,-18122.86,-1731.27,0.01,0.00,0.00
3550000.00,4611.98,-17973.23,-1726.59,0.01,0.00,0.00
3600000.00,5063.21,-17800.66,-1719.60,0.01,0.00,0.00
3650000.00,5501.48,-17606.30,-1710.38,0.01,0.00,0.00
3700000.00,5925.74,-17391.37,-1699.00,0.01,0.00,0.00
3750000.00,6335.05,-17157.11,-1685.58,0.01,0.00,0.00
3800000.00,6728.61,-16904.79,-1670.21,0.01,0.01,0.00
3850000.00,7105.74,-16635.68,-1652.99,0.01,0.01,0.00
3900000.00,7465.86,-16351.07,-1634.03,0.01,0.01,0.00
3950000.00,7808.49,-16052.22,-1613.43,0.01,0.01,0.00
4000000.00,8133.29,-15740.37,-1591.31,0.01,0.01,0.00
4050000.00,8439.96,-15416.74,-1567.76,0.01,0.01,0.00
4100000.00,8728.31,-15082.52,-1542.89,0.01,0.01,0.00
4150000.00,8998.24,-14738.85,-1516.80,0.01,0.01,0.00
4200000.00,9249.68,-14386.84,-1489.60,0.00,0.01,0.00
4250000.00,9482.66,-14027.56,-1461.38,0.00,0.01,0.00
4300000.00,9697.23,-13662.03,-1432.23,0.00,0.01,0.00
4350000.00,9893.52,-13291.21,-1402.24,0.00,0.01,0.00
4400000.00,10071.69,-12916.05,-1371.51,0.00,0.01,0.00
4450000.00,10231.93,-12537.42,-1340.12,0.00,0.01,0.00
4500000.00,10374.46,-12156.17,-1308.15,0.00,0.01,0.00
4550000.00,10499.55,-11773.09,-1275.67,0.00,0.01,0.00
4600000.00,10607.47,-11388.94,-1242.76,0.00,0.01,0.00
4650000.00,10698.51,-11004.44,-1209.49,0.00,0.01,0.00
4700000.00,10773.00,-10620.25,-1175.93,0.00,0.01,0.00
4750000.00,10831.27,-10237.02,-1142.15,0.00,0.01,0.00
4800000.00,10873.64,-9855.35,-1108.20,0.00,0.01,0.00
4850000.00,10900.46,-9475.81,-1074.14,0.00,0.01,0.00
4900000.00,10912.10,-9098.93,-1040.03,0.00,0.01,0.00
4950000.00,10908.91,-8725.22,-1005.92,-0.00,0.01,0.00
5000000.00,10891.25,-8355.15,-971.87,-0.00,0.01,0.00
5050000.00,10859.48,-7989.18,-937.91,-0.00,0.01,0.00
5100000.00,10813.98,-7627.72,-904.11,-0.00,0.01,0.00
5150000.00,10755.10,-7271.18,-870.49,-0.00,0.01,0.00
5200000.00,10683.21,-6919.94,-837.10,-0.00,0.01,0.00
5250000.00,10598.68,-6574.35,-803.98,-0.00,0.01,0.00
5300000.00,10501.86,-6234.74,-771.17,-0.00,0.01,0.00
5350000.00,10393.12,-5901.44,-738.70,-0.00,0.01,0.00
5400000.00,10272.81,-5574.74,-706.61,-0.00,0.01,0.00
5450000.00,10141.28,-5254.92,-674.93,-0.00,0.01,0.00
5500000.00,9998.89,-4942.27,-643.69,-0.00,0.01,0.00
5550000.00,9845.97,-4637.02,-612.92,-0.00,0.01,0.00
5600000.00,9682.88,-4339.42,-582.66,-0.00,0.01,0.00
5650000.00,9509.95,-4049.70,-552.92,-0.00,0.01,0.00
5700000.00,9327.51,-3768.08,-523.73,-0.00,0.01,0.00
5750000.00,9135.91,-3494.75,-495.13,-0.00,0.01,0.00
5800000.00,8935.46,-3229.93,-467.12,-0.00,0.01,0.00
5850000.00,8726.50,-2973.78,-439.74,-0.00,0.01,0.00
5900000.00,8509.35,-2726.49,-413.01,-0.00,0.00,0.00
5950000.00,8284.32,-2488.23,-386.96,-0.00,0.00,0.00
6000000.00,8051.74,-2259.17,-361.59,-0.00,0.00,0.00
6050000.00,7811.91,-2039.44,-336.93,-0.00,0.00,0.00
6100000.00,7565.15,-1829.20,-313.00,-0.01,0.00,0.00
6150000.00,7311.77,-1628.60,-289.83,-0.01,0.00,0.00
6200000.00,7052.07,-1437.76,-267.42,-0.01,0.00,0.00
6250000.00,6786.36,-1256.82,-245.79,-0.01,0.00,0.00
6300000.00,6514.95,-1085.89,-224.97,-0.01,0.00,0.00
6350000.00,6238.13,-925.11,-204.97,-0.01,0.00,0.00
6400000.00,5956.21,-774.57,-185.80,-0.01,0.00,0.00
6450000.00,5669.48,-634.40,-167.48,-0.01,0.00,0.00
6500000.00,5378.25,-504.70,-150.03,-0.01,0.00,0.00
6550000.00,5082.82,-385.56,-133.46,-0.01,0.00,0.00
6600000.00,4783.48,-277.09,-117.79,-0.01,0.00,0.00
6650000.00,4480.54,-179.39,-103.03,-0.01,0.00,0.00
6700000.00,4174.30,-92.53,-89.19,-0.01,0.00,0.00
6750000.00,3865.05,-16.62,-76.29,-0.01,0.00,0.00
6800000.00,3553.10,48.27,-64.34,-0.01,0.00,0.00
6850000.00,3238.76,102.06,-53.36,-0.01,0.00,0.00
6900000.00,2922.33,144.67,-43.36,-0.01,0.00,0.00
6950000.00,2604.12,176.03,-34.35,-0.01,0.00,0.00
7000000.00,2284.44,196.05,-26.34,-0.01,0.00,0.00
7050000.00,1963.60,204.69,-19.34,-0.01,0.00,0.00
7100000.00,1641.92,201.87,-13.38,-0.01,-0.00,0.00
7150000.00,1319.72,187.53,-8.45,-0.01,-0.00,0.00
7200000.00,997.33,161.61,-4.57,-0.01,-0.00,0.00
7250000.00,675.07,124.06,-1.76,-0.01,-0.00,0.00
7300000.00,353.28,74.84,-0.02,-0.01,-0.00,0.00
7350000.00,32.30,13.89,0.64,-0.01,-0.00,0.00
7400000.00,-287.53,-58.83,0.20,-0.01,-0.00,-0.00
7450000.00,-605.86,-143.35,-1.34,-0.01,-0.00,-0.00
7500000.00,-922.33,-239.71,-3.99,-0.01,-0.00,-0.00
7550000.00,-1236.58,-347.93,-7.77,-0.01,-0.00,-0.00
7600000.00,-1548.23,-468.04,-12.68,-0.01,-0.00,-0.00
7650000.00,-1856.92,-600.05,-18.74,-0.01,-0.00,-0.00
7700000.00,-2162.24,-743.97,-25.94,-0.01,-0.00,-0.00
7750000.00,-2463.81,-899.80,-34.30,-0.01,-0.00,-0.00
7800000.00,-2761.23,-1067.55,-43.83,-0.01,-0.00,-0.00
7850000.00,-3054.07,-1247.18,-54.53,-0.01,-0.00,-0.00
7900000.00,-3341.92,-1438.69,-66.41,-0.01,-0.00,-0.00
7950000.00,-3624.34,-1642.05,-79.47,-0.01,-0.00,-0.00
8000000.00,-3900.89,-1857.20,-93.72,-0.01,-0.00,-0.00
8050000.00,-4171.10,-2084.09,-109.16,-0.01,-0.00,-0.00
8100000.00,-4434.52,-2322.67,-125.80,-0.01,-0.00,-0.00
8150000.00,-4690.67,-2572.84,-143.64,-0.01,-0.01,-0.00
8200000.00,-4939.04,-2834.52,-162.67,-0.00,-0.01,-0.00
8250000.00,-5179.14,-3107.59,-182.90,-0.00,-0.01,-0.00
8300000.00,-5410.45,-3391.92,-204.33,-0.00,-0.01,-0.00
8350000.00,-5632.44,-3687.37,-226.95,-0.00,-0.01,-0.00
8400000.00,-5844.57,-3993.76,-250.76,-0.00,-0.01,-0.00
8450000.00,-6046.27,-4310.91,-275.75,-0.00,-0.01,-0.00
8500000.00,-6236.99,-4638.59,-301.91,-0.00,-0.01,-0.00
8550000.00,-6416.13,-4976.57,-329.23,-0.00,-0.01,-0.00
8600000.00,-6583.11,-5324.56,-357.71,-0.00,-0.01,-0.00
8650000.00,-6737.31,-5682.27,-387.31,-0.00,-0.01,-0.00
8700000.00,-6878.13,-6049.35,-418.03,-0.00,-0.01,-0.00
8750000.00,-7004.93,-6425.43,-449.83,-0.00,-0.01,-0.00
8800000.00,-7117.07,-6810.10,-482.71,-0.00,-0.01,-0.00
8850000.00,-7213.93,-7202.88,-516.62,-0.00,-0.01,-0.00
8900000.00,-7294.84,-7603.28,-551.53,-0.00,-0.01,-0.00
8950000.00,-7359.17,-8010.75,-587.40,-0.00,-0.01,-0.00
9000000.00,-7406.26,-8424.67,-624.20,-0.00,-0.01,-0.00
9050000.00,-7435.48,-8844.38,-661.87,-0.00,-0.01,-0.00
9100000.00,-7446.18,-9269.16,-700.36,-0.00,-0.01,-0.00
9150000.00,-7437.74,-9698.23,-739.61,0.00,-0.01,-0.00
9200000.00,-7409.56,-10130.73,-779.56,0.00,-0.01,-0.00
9250000.00,-7361.07,-10565.75,-820.13,0.00,-0.01,-0.00
9300000.00,-7291.71,-11002.31,-861.24,0.00,-0.01,-0.00
9350000.00,-7200.97,-11439.34,-902.81,0.00,-0.01,-0.00
9400000.00,-7088.40,-11875.72,-944.74,0.00,-0.01,-0.00
9450000.00,-6953.59,-12310.24,-986.93,0.00,-0.01,-0.00
9500000.00,-6796.20,-12741.62,-1029.28,0.00,-0.01,-0.00
9550000.00,-6615.97,-13168.54,-1071.66,0.00,-0.01,-0.00
9600000.00,-6412.72,-13589.57,-1113.95,0.00,-0.01,-0.00
9650000.00,-6186.39,-14003.26,-1156.01,0.00,-0.01,-0.00
9700000.00,-5937.01,-14408.08,-1197.72,0.01,-0.01,-0.00
9750000.00,-5664.72,-14802.46,-1238.91,0.01,-0.01,-0.00
9800000.00,-5369.83,-15184.83,-1279.45,0.01,-0.01,-0.00
9850000.00,-5052.75,-15553.55,-1319.18,0.01,-0.01,-0.00
9900000.00,-4714.05,-15907.01,-1357.93,0.01,-0.01,-0.00
9950000.00,-4354.47,-16243.61,-1395.55,0.01,-0.01,-0.00
