0.00,-0.00,0.00,0.00,-0.00,0.00,0.00
10.00,-2.99,-0.00,0.00,-0.01,-0.00,0.00
20.00,-23.82,-0.00,0.00,-0.04,-0.00,0.00
30.00,-80.31,-0.01,0.00,-0.08,-0.00,0.00
40.00,-190.26,-0.04,0.00,-0.14,-0.00,0.00
50.00,-371.47,-0.09,0.00,-0.22,-0.00,0.00
60.00,-641.73,-0.19,0.00,-0.32,-0.00,0.00
70.00,-1018.81,-0.35,0.00,-0.44,-0.00,0.00
80.00,-1520.45,-0.60,0.00,-0.57,-0.00,0.00
90.00,-2164.37,-0.97,0.00,-0.72,-0.00,0.00
100.00,-2968.23,-1.48,0.00,-0.89,-0.00,0.00
110.00,-3949.63,-2.16,0.00,-1.08,-0.00,0.00
120.00,-5126.13,-3.05,0.00,-1.28,-0.00,0.00
130.00,-6515.17,-4.20,0.00,-1.50,-0.00,0.00
140.00,-8134.11,-5.65,0.00,-1.74,-0.00,0.00
150.00,-10000.19,-7.43,0.00,-2.00,-0.00,0.00
160.00,-12130.54,-9.60,0.00,-2.27,-0.00,0.00
170.00,-14542.10,-12.22,0.00,-2.56,-0.00,0.00
180.00,-17251.69,-15.33,0.00,-2.86,-0.00,0.00
190.00,-20275.91,-18.99,0.00,-3.19,-0.00,0.00
200.00,-23631.17,-23.26,0.00,-3.53,-0.00,0.00
210.00,-27333.68,-28.21,0.00,-3.88,-0.01,0.00
220.00,-31399.36,-33.88,0.00,-4.25,-0.01,0.00
230.00,-35843.93,-40.35,0.00,-4.64,-0.01,0.00
240.00,-40682.79,-47.69,0.00,-5.04,-0.01,0.00
250.00,-45931.07,-55.96,0.00,-5.46,-0.01,0.00
260.00,-51603.59,-65.22,0.00,-5.89,-0.01,0.00
270.00,-57714.84,-75.54,0.00,-6.34,-0.01,0.00
280.00,-64278.99,-87.00,0.00,-6.79,-0.01,0.00
290.00,-71309.82,-99.66,0.00,-7.27,-0.01,0.00
300.00,-78820.81,-113.60,0.00,-7.76,-0.01,0.00
310.00,-86825.01,-128.87,0.00,-8.25,-0.02,0.00
320.00,-95335.14,-145.55,0.00,-8.77,-0.02,0.00
330.00,-104363.51,-163.70,0.00,-9.29,-0.02,0.00
340.00,-113922.03,-183.39,0.00,-9.83,-0.02,0.00
350.00,-124022.24,-204.69,0.00,-10.37,-0.02,0.00
360.00,-134675.28,-227.67,0.00,-10.93,-0.02,0.00
370.00,-145891.89,-252.37,0.00,-11.50,-0.03,0.00
380.00,-157682.41,-278.87,0.00,-12.08,-0.03,0.00
390.00,-170056.79,-307.23,0.00,-12.67,-0.03,0.00
400.00,-183024.60,-337.49,0.00,-13.27,-0.03,0.00
410.00,-196595.03,-369.73,0.00,-13.87,-0.03,0.00
420.00,-210776.87,-404.00,0.00,-14.49,-0.04,0.00
430.00,-225578.56,-440.34,0.00,-15.11,-0.04,0.00
440.00,-241008.17,-478.81,0.00,-15.75,-0.04,0.00
450.00,-257073.42,-519.45,0.00,-16.39,-0.04,0.00
460.00,-273781.69,-562.33,0.00,-17.03,-0.04,0.00
470.00,-291140.02,-607.47,0.00,-17.69,-0.05,0.00
480.00,-309155.12,-654.93,0.00,-18.35,-0.05,0.00
490.00,-327833.40,-704.74,0.00,-19.01,-0.05,0.00
500.00,-347180.95,-756.95,0.00,-19.68,-0.05,0.00
510.00,-367203.60,-811.59,0.00,-20.36,-0.06,0.00
520.00,-387906.86,-868.70,0.00,-21.05,-0.06,0.00
530.00,-409296.00,-928.32,0.00,-21.73,-0.06,0.00
540.00,-431376.02,-990.48,0.00,-22.43,-0.06,0.00
550.00,-454151.68,-1055.20,0.00,-23.12,-0.07,0.00
560.00,-477627.50,-1122.52,0.00,-23.83,-0.07,0.00
570.00,-501807.77,-1192.48,0.00,-24.53,-0.07,0.00
580.00,-526696.57,-1265.08,0.00,-25.24,-0.07,0.00
590.00,-552297.78,-1340.37,0.00,-25.96,-0.08,0.00
600.00,-578615.07,-1418.36,0.00,-26.68,-0.08,0.00
610.00,-605651.94,-1499.08,0.00,-27.40,-0.08,0.00
620.00,-633411.70,-1582.54,0.00,-28.12,-0.08,0.00
630.00,-661897.50,-1668.78,0.00,-28.85,-0.09,0.00
640.00,-691112.34,-1757.81,0.00,-29.58,-0.09,0.00
650.00,-721059.04,-1849.64,0.00,-30.31,-0.09,0.00
660.00,-751740.31,-1944.30,0.00,-31.05,-0.10,0.00
670.00,-783158.70,-2041.81,0.00,-31.79,-0.10,0.00
680.00,-815316.65,-2142.17,0.00,-32.53,-0.10,0.00
690.00,-848216.45,-2245.41,0.00,-33.27,-0.10,0.00
700.00,-881860.30,-2351.53,0.00,-34.02,-0.11,0.00
710.00,-916250.28,-2460.56,0.00,-34.76,-0.11,0.00
720.00,-951388.38,-2572.50,0.00,-35.51,-0.11,0.00
730.00,-987276.47,-2687.37,0.00,-36.26,-0.12,0.00
740.00,-1023916.34,-2805.17,0.00,-37.02,-0.12,0.00
750.00,-1061309.68,-2925.93,0.00,-37.77,-0.12,0.00
760.00,-1099458.12,-3049.64,0.00,-38.53,-0.13,0.00
770.00,-1138363.19,-3176.32,0.00,-39.28,-0.13,0.00
780.00,-1178026.35,-3305.98,0.00,-40.04,-0.13,0.00
790.00,-1218449.00,-3438.62,0.00,-40.80,-0.13,0.00
800.00,-1259632.46,-3574.27,0.00,-41.56,-0.14,0.00
810.00,-1301577.99,-3712.91,0.00,-42.33,-0.14,0.00
820.00,-1344286.80,-3854.57,0.00,-43.09,-0.14,0.00
830.00,-1387760.02,-3999.24,0.00,-43.86,-0.15,0.00
840.00,-1431998.76,-4146.94,0.00,-44.62,-0.15,0.00
850.00,-1477004.05,-4297.67,0.00,-45.39,-0.15,0.00
860.00,-1522776.88,-4451.43,0.00,-46.16,-0.16,0.00
870.00,-1569318.20,-4608.24,0.00,-46.93,-0.16,0.00
880.00,-1616628.91,-4768.10,0.00,-47.70,-0.16,0.00
890.00,-1664709.88,-4931.01,0.00,-48.47,-0.16,0.00
900.00,-1713561.93,-5096.99,0.00,-49.24,-0.17,0.00
910.00,-1763185.85,-5266.02,0.00,-50.01,-0.17,0.00
920.00,-1813582.38,-5438.12,0.00,-50.78,-0.17,0.00
930.00,-1864752.25,-5613.30,0.00,-51.56,-0.18,0.00
940.00,-1916696.14,-5791.55,0.00,-52.33,-0.18,0.00
950.00,-1969414.71,-5972.89,0.00,-53.11,-0.18,0.00
960.00,-2022908.59,-6157.31,0.00,-53.88,-0.19,0.00
970.00,-2077178.38,-6344.81,0.00,-54.66,-0.19,0.00
980.00,-2132224.65,-6535.41,0.00,-55.43,-0.19,0.00
990.00,-2188047.95,-6729.10,0.00,-56.21,-0.20,0.00
1000.00,-2244648.82,-6925.90,0.00,-56.99,-0.20,0.00
1010.00,-2302027.77,-7125.79,0.00,-57.77,-0.20,0.00
1020.00,-2360185.26,-7328.78,0.00,-58.55,-0.20,0.00
1030.00,-2419121.78,-7534.89,0.00,-59.33,-0.21,0.00
1040.00,-2478837.76,-7744.10,0.00,-60.11,-0.21,0.00
1050.00,-2539333.64,-7956.42,0.00,-60.89,-0.21,0.00
1060.00,-2600609.82,-8171.86,0.00,-61.67,-0.22,0.00
1070.00,-2662666.71,-8390.41,0.00,-62.45,-0.22,0.00
1080.00,-2725504.67,-8612.08,0.00,-63.23,-0.22,0.00
1090.00,-2789124.08,-8836.88,0.00,-64.01,-0.23,0.00
1100.00,-2853525.28,-9064.79,0.00,-64.79,-0.23,0.00
1110.00,-2918708.61,-9295.83,0.00,-65.57,-0.23,0.00
1120.00,-2984674.39,-9530.00,0.00,-66.36,-0.24,0.00
1130.00,-3051422.93,-9767.29,0.00,-67.14,-0.24,0.00
1140.00,-3118954.54,-10007.72,0.00,-67.92,-0.24,0.00
1150.00,-3187269.50,-10251.27,0.00,-68.71,-0.25,0.00
1160.00,-3256368.08,-10497.96,0.00,-69.49,-0.25,0.00
1170.00,-3326250.56,-10747.78,0.00,-70.27,-0.25,0.00
1180.00,-3396917.19,-11000.74,0.00,-71.06,-0.25,0.00
1190.00,-3468368.22,-11256.84,0.00,-71.84,-0.26,0.00
1200.00,-3540603.88,-11516.08,0.00,-72.63,-0.26,0.00
1210.00,-3613624.42,-11778.45,0.00,-73.41,-0.26,0.00
1220.00,-3687430.04,-12043.97,0.00,-74.20,-0.27,0.00
1230.00,-3762020.96,-12312.63,0.00,-74.98,-0.27,0.00
1240.00,-3837397.40,-12584.43,0.00,-75.77,-0.27,0.00
1250.00,-3913559.54,-12859.38,0.00,-76.55,-0.28,0.00
1260.00,-3990507.59,-13137.47,0.00,-77.34,-0.28,0.00
1270.00,-4068241.72,-13418.71,0.00,-78.13,-0.28,0.00
1280.00,-4146762.12,-13703.10,0.00,-78.91,-0.29,0.00
1290.00,-4226068.95,-13990.64,0.00,-79.70,-0.29,0.00
1300.00,-4306162.40,-14281.32,0.00,-80.49,-0.29,0.00
1310.00,-4387042.61,-14575.16,0.00,-81.27,-0.30,0.00
1320.00,-4468709.74,-14872.15,0.00,-82.06,-0.30,0.00
1330.00,-4551163.96,-15172.29,0.00,-82.85,-0.30,0.00
1340.00,-4634405.39,-15475.58,0.00,-83.63,-0.30,0.00
1350.00,-4718434.19,-15782.03,0.00,-84.42,-0.31,0.00
1360.00,-4803250.48,-16091.63,0.00,-85.21,-0.31,0.00
1370.00,-4888854.41,-16404.39,0.00,-86.00,-0.31,0.00
1380.00,-4975246.10,-16720.30,0.00,-86.79,-0.32,0.00
1390.00,-5062425.68,-17039.37,0.00,-87.57,-0.32,0.00
1400.00,-5150393.26,-17361.60,0.00,-88.36,-0.32,0.00
1410.00,-5239148.96,-17686.98,0.00,-89.15,-0.33,0.00
1420.00,-5328692.90,-18015.52,0.00,-89.94,-0.33,0.00
1430.00,-5419025.18,-18347.22,0.00,-90.73,-0.33,0.00
1440.00,-5510145.91,-18682.09,0.00,-91.51,-0.34,0.00
1450.00,-5602055.20,-19020.11,0.00,-92.30,-0.34,0.00
1460.00,-5694753.14,-19361.29,0.00,-93.09,-0.34,0.00
1470.00,-5788239.82,-19705.63,0.00,-93.88,-0.35,0.00
1480.00,-5882515.35,-20053.14,0.00,-94.67,-0.35,0.00
1490.00,-5977579.82,-20403.80,0.00,-95.46,-0.35,0.00
1500.00,-6073433.31,-20757.63,0.00,-96.25,-0.36,0.00
1510.00,-6170075.90,-21114.63,0.00,-97.04,-0.36,0.00
1520.00,-6267507.69,-21474.78,0.00,-97.83,-0.36,0.00
1530.00,-6365728.75,-21838.10,0.00,-98.62,-0.36,0.00
1540.00,-6464739.16,-22204.59,0.00,-99.40,-0.37,0.00
1550.00,-6564539.00,-22574.23,0.00,-100.19,-0.37,0.00
1560.00,-6665128.34,-22947.05,0.00,-100.98,-0.37,0.00
1570.00,-6766507.25,-23323.03,0.00,-101.77,-0.38,0.00
1580.00,-6868675.81,-23702.17,0.00,-102.56,-0.38,0.00
1590.00,-6971634.08,-24084.49,0.00,-103.35,-0.38,0.00
1600.00,-7075382.12,-24469.96,0.00,-104.14,-0.39,0.00
1610.00,-7179920.01,-24858.61,0.00,-104.93,-0.39,0.00
1620.00,-7285247.81,-25250.42,0.00,-105.72,-0.39,0.00
1630.00,-7391365.57,-25645.40,0.00,-106.51,-0.40,0.00
1640.00,-7498273.35,-26043.55,0.00,-107.30,-0.40,0.00
1650.00,-7605971.22,-26444.86,0.00,-108.09,-0.40,0.00
1660.00,-7714459.23,-26849.35,0.00,-108.88,-0.41,0.00
1670.00,-7823737.43,-27257.00,0.00,-109.67,-0.41,0.00
1680.00,-7933805.88,-27667.82,0.00,-110.46,-0.41,0.00
1690.00,-8044664.62,-28081.81,0.00,-111.25,-0.42,0.00
1700.00,-8156313.72,-28498.97,0.00,-112.04,-0.42,0.00
1710.00,-8268753.21,-28919.30,0.00,-112.83,-0.42,0.00
1720.00,-8381983.15,-29342.80,0.00,-113.62,-0.43,0.00
1730.00,-8496003.59,-29769.47,0.00,-114.42,-0.43,0.00
1740.00,-8610814.56,-30199.31,0.00,-115.21,-0.43,0.00
1750.00,-8726416.12,-30632.32,0.00,-116.00,-0.43,0.00
1760.00,-8842808.30,-31068.50,0.00,-116.79,-0.44,0.00
1770.00,-8959991.15,-31507.85,0.00,-117.58,-0.44,0.00
1780.00,-9077964.71,-31950.38,0.00,-118.37,-0.44,0.00
1790.00,-9196729.02,-32396.07,0.00,-119.16,-0.45,0.00
1800.00,-9316284.12,-32844.94,0.00,-119.95,-0.45,0.00
1810.00,-9436630.04,-33296.98,0.00,-120.74,-0.45,0.00
1820.00,-9557766.83,-33752.19,0.00,-121.53,-0.46,0.00
1830.00,-9679694.52,-34210.57,0.00,-122.32,-0.46,0.00
1840.00,-9802413.15,-34672.13,0.00,-123.11,-0.46,0.00
1850.00,-9925922.74,-35136.86,0.00,-123.90,-0.47,0.00
1860.00,-10050223.34,-35604.76,0.00,-124.70,-0.47,0.00
1870.00,-10175314.98,-36075.83,0.00,-125.49,-0.47,0.00
1880.00,-10301197.69,-36550.08,0.00,-126.28,-0.48,0.00
1890.00,-10427871.50,-37027.50,0.00,-127.07,-0.48,0.00
1900.00,-10555336.44,-37508.09,0.00,-127.86,-0.48,0.00
1910.00,-10683592.54,-37991.86,0.00,-128.65,-0.49,0.00
1920.00,-10812639.84,-38478.80,0.00,-129.44,-0.49,0.00
1930.00,-10942478.35,-38968.92,0.00,-130.23,-0.49,0.00
1940.00,-11073108.11,-39462.21,0.00,-131.02,-0.49,0.00
1950.00,-11204529.15,-39958.67,0.00,-131.82,-0.50,0.00
1960.00,-11336741.49,-40458.31,0.00,-132.61,-0.50,0.00
1970.00,-11469745.16,-40961.12,0.00,-133.40,-0.50,0.00
1980.00,-11603540.18,-41467.10,0.00,-134.19,-0.51,0.00
1990.00,-11738126.58,-41976.26,0.00,-134.98,-0.51,0.00
2000.00,-11873504.38,-42488.60,0.00,-135.77,-0.51,0.00
2010.00,-12009673.62,-43004.11,0.00,-136.56,-0.52,0.00
2020.00,-12146634.30,-43522.79,0.00,-137.36,-0.52,0.00
2030.00,-12284386.45,-44044.65,0.00,-138.15,-0.52,0.00
2040.00,-12422930.11,-44569.69,0.00,-138.94,-0.53,0.00
2050.00,-12562265.28,-45097.90,0.00,-139.73,-0.53,0.00
2060.00,-12702391.99,-45629.28,0.00,-140.52,-0.53,0.00
2070.00,-12843310.26,-46163.84,0.00,-141.31,-0.54,0.00
2080.00,-12985020.11,-46701.58,0.00,-142.11,-0.54,0.00
2090.00,-13127521.56,-47242.49,0.00,-142.90,-0.54,0.00
2100.00,-13270814.63,-47786.58,0.00,-143.69,-0.55,0.00
2110.00,-13414899.35,-48333.85,0.00,-144.48,-0.55,0.00
2120.00,-13559775.72,-48884.29,0.00,-145.27,-0.55,0.00
2130.00,-13705443.77,-49437.90,0.00,-146.06,-0.56,0.00
2140.00,-13851903.52,-49994.69,0.00,-146.86,-0.56,0.00
2150.00,-13999154.98,-50554.66,0.00,-147.65,-0.56,0.00
2160.00,-14147198.17,-51117.81,0.00,-148.44,-0.56,0.00
2170.00,-14296033.11,-51684.13,0.00,-149.23,-0.57,0.00
2180.00,-14445659.81,-52253.63,0.00,-150.02,-0.57,0.00
2190.00,-14596078.30,-52826.30,0.00,-150.81,-0.57,0.00
2200.00,-14747288.58,-53402.15,0.00,-151.61,-0.58,0.00
2210.00,-14899290.67,-53981.18,0.00,-152.40,-0.58,0.00
2220.00,-15052084.59,-54563.38,0.00,-153.19,-0.58,0.00
2230.00,-15205670.36,-55148.77,0.00,-153.98,-0.59,0.00
2240.00,-15360047.98,-55737.32,0.00,-154.77,-0.59,0.00
2250.00,-15515217.48,-56329.06,0.00,-155.57,-0.59,0.00
2260.00,-15671178.87,-56923.97,0.00,-156.36,-0.60,0.00
2270.00,-15827932.15,-57522.06,0.00,-157.15,-0.60,0.00
2280.00,-15985477.35,-58123.33,0.00,-157.94,-0.60,0.00
2290.00,-16143814.48,-58727.77,0.00,-158.73,-0.61,0.00
2300.00,-16302943.55,-59335.39,0.00,-159.52,-0.61,0.00
2310.00,-16462864.57,-59946.19,0.00,-160.32,-0.61,0.00
2320.00,-16623577.56,-60560.17,0.00,-161.11,-0.62,0.00
2330.00,-16785082.53,-61177.32,0.00,-161.90,-0.62,0.00
2340.00,-16947379.49,-61797.65,0.00,-162.69,-0.62,0.00
2350.00,-17110468.45,-62421.16,0.00,-163.48,-0.63,0.00
2360.00,-17274349.43,-63047.85,0.00,-164.28,-0.63,0.00
2370.00,-17439022.44,-63677.71,0.00,-165.07,-0.63,0.00
2380.00,-17604487.48,-64310.75,0.00,-165.86,-0.63,0.00
2390.00,-17770744.58,-64946.97,0.00,-166.65,-0.64,0.00
2400.00,-17937793.73,-65586.37,0.00,-167.44,-0.64,0.00
2410.00,-18105634.96,-66228.94,0.00,-168.24,-0.64,0.00
2420.00,-18274268.26,-66874.70,0.00,-169.03,-0.65,0.00
2430.00,-18443693.66,-67523.63,0.00,-169.82,-0.65,0.00
2440.00,-18613911.16,-68175.74,0.00,-170.61,-0.65,0.00
2450.00,-18784920.78,-68831.03,0.00,-171.41,-0.66,0.00
2460.00,-18956722.51,-69489.49,0.00,-172.20,-0.66,0.00
2470.00,-19129316.38,-70151.14,0.00,-172.99,-0.66,0.00
2480.00,-19302702.38,-70815.96,0.00,-173.78,-0.67,0.00
2490.00,-19476880.54,-71483.96,0.00,-174.57,-0.67,0.00
2500.00,-19651850.86,-72155.14,0.00,-175.37,-0.67,0.00
2510.00,-19827613.34,-72829.50,0.00,-176.16,-0.68,0.00
2520.00,-20004168.00,-73507.03,0.00,-176.95,-0.68,0.00
2530.00,-20181514.85,-74187.75,0.00,-177.74,-0.68,0.00
2540.00,-20359653.89,-74871.64,0.00,-178.53,-0.69,0.00
2550.00,-20538585.14,-75558.71,0.00,-179.33,-0.69,0.00
2560.00,-20718308.59,-76248.96,0.00,-180.12,-0.69,0.00
2570.00,-20898824.27,-76942.39,0.00,-180.91,-0.70,0.00
2580.00,-21080132.17,-77639.00,0.00,-181.70,-0.70,0.00
2590.00,-21262232.31,-78338.78,0.00,-182.50,-0.70,0.00
2600.00,-21445124.69,-79041.75,0.00,-183.29,-0.70,0.00
2610.00,-21628809.32,-79747.89,0.00,-184.08,-0.71,0.00
2620.00,-21813286.20,-80457.22,0.00,-184.87,-0.71,0.00
2630.00,-21998555.35,-81169.72,0.00,-185.66,-0.71,0.00
2640.00,-22184616.78,-81885.40,0.00,-186.46,-0.72,0.00
2650.00,-22371470.48,-82604.26,0.00,-187.25,-0.72,0.00
2660.00,-22559116.47,-83326.29,0.00,-188.04,-0.72,0.00
2670.00,-22747554.75,-84051.51,0.00,-188.83,-0.73,0.00
2680.00,-22936785.33,-84779.91,0.00,-189.63,-0.73,0.00
2690.00,-23126808.22,-85511.48,0.00,-190.42,-0.73,0.00
2700.00,-23317623.42,-86246.24,0.00,-191.21,-0.74,0.00
2710.00,-23509230.94,-86984.17,0.00,-192.00,-0.74,0.00
2720.00,-23701630.79,-87725.28,0.00,-192.80,-0.74,0.00
2730.00,-23894822.96,-88469.57,0.00,-193.59,-0.75,0.00
2740.00,-24088807.48,-89217.05,0.00,-194.38,-0.75,0.00
2750.00,-24283584.34,-89967.70,0.00,-195.17,-0.75,0.00
2760.00,-24479153.54,-90721.52,0.00,-195.96,-0.76,0.00
2770.00,-24675515.11,-91478.53,0.00,-196.76,-0.76,0.00
2780.00,-24872669.03,-92238.72,0.00,-197.55,-0.76,0.00
2790.00,-25070615.33,-93002.09,0.00,-198.34,-0.76,0.00
2800.00,-25269353.99,-93768.63,0.00,-199.13,-0.77,0.00
2810.00,-25468885.04,-94538.36,0.00,-199.93,-0.77,0.00
2820.00,-25669208.46,-95311.27,0.00,-200.72,-0.77,0.00
2830.00,-25870324.28,-96087.35,0.00,-201.51,-0.78,0.00
2840.00,-26072232.49,-96866.61,0.00,-202.30,-0.78,0.00
2850.00,-26274933.10,-97649.06,0.00,-203.10,-0.78,0.00
2860.00,-26478426.11,-98434.68,0.00,-203.89,-0.79,0.00
2870.00,-26682711.53,-99223.48,0.00,-204.68,-0.79,0.00
2880.00,-26887789.37,-100015.47,0.00,-205.47,-0.79,0.00
2890.00,-27093659.62,-100810.63,0.00,-206.27,-0.80,0.00
2900.00,-27300322.30,-101608.97,0.00,-207.06,-0.80,0.00
2910.00,-27507777.41,-102410.49,0.00,-207.85,-0.80,0.00
2920.00,-27716024.95,-103215.19,0.00,-208.64,-0.81,0.00
2930.00,-27925064.93,-104023.07,0.00,-209.44,-0.81,0.00
2940.00,-28134897.35,-104834.13,0.00,-210.23,-0.81,0.00
2950.00,-28345522.21,-105648.37,0.00,-211.02,-0.82,0.00
2960.00,-28556939.53,-106465.79,0.00,-211.81,-0.82,0.00
2970.00,-28769149.30,-107286.39,0.00,-212.61,-0.82,0.00
2980.00,-28982151.54,-108110.17,0.00,-213.40,-0.83,0.00
2990.00,-29195946.23,-108937.13,0.00,-214.19,-0.83,0.00
3000.00,-29410533.40,-109767.27,0.00,-214.98,-0.83,0.00
3010.00,-29625913.03,-110600.58,0.00,-215.78,-0.83,0.00
3020.00,-29842085.15,-111437.08,0.00,-216.57,-0.84,0.00
3030.00,-30059049.74,-112276.76,0.00,-217.36,-0.84,0.00
3040.00,-30276806.81,-113119.62,0.00,-218.15,-0.84,0.00
3050.00,-30495356.38,-113965.65,0.00,-218.95,-0.85,0.00
3060.00,-30714698.43,-114814.87,0.00,-219.74,-0.85,0.00
3070.00,-30934832.98,-115667.27,0.00,-220.53,-0.85,0.00
3080.00,-31155760.03,-116522.85,0.00,-221.32,-0.86,0.00
3090.00,-31377479.58,-117381.60,0.00,-222.12,-0.86,0.00
3100.00,-31599991.64,-118243.54,0.00,-222.91,-0.86,0.00
3110.00,-31823296.20,-119108.66,0.00,-223.70,-0.87,0.00
3120.00,-32047393.28,-119976.96,0.00,-224.49,-0.87,0.00
3130.00,-32272282.88,-120848.43,0.00,-225.29,-0.87,0.00
3140.00,-32497964.99,-121723.09,0.00,-226.08,-0.88,0.00
3150.00,-32724439.63,-122600.93,0.00,-226.87,-0.88,0.00
3160.00,-32951706.79,-123481.95,0.00,-227.66,-0.88,0.00
3170.00,-33179766.49,-124366.14,0.00,-228.46,-0.89,0.00
3180.00,-33408618.71,-125253.52,0.00,-229.25,-0.89,0.00
3190.00,-33638263.48,-126144.08,0.00,-230.04,-0.89,0.00
3200.00,-33868700.78,-127037.82,0.00,-230.83,-0.90,0.00
3210.00,-34099930.62,-127934.73,0.00,-231.63,-0.90,0.00
3220.00,-34331953.01,-128834.83,0.00,-232.42,-0.90,0.00
3230.00,-34564767.95,-129738.11,0.00,-233.21,-0.90,0.00
3240.00,-34798375.44,-130644.57,0.00,-234.00,-0.91,0.00
3250.00,-35032775.48,-131554.21,0.00,-234.80,-0.91,0.00
3260.00,-35267968.08,-132467.03,0.00,-235.59,-0.91,0.00
3270.00,-35503953.24,-133383.02,0.00,-236.38,-0.92,0.00
3280.00,-35740730.96,-134302.20,0.00,-237.17,-0.92,0.00
3290.00,-35978301.25,-135224.56,0.00,-237.97,-0.92,0.00
3300.00,-36216664.11,-136150.10,0.00,-238.76,-0.93,0.00
3310.00,-36455819.53,-137078.82,0.00,-239.55,-0.93,0.00
3320.00,-36695767.53,-138010.72,0.00,-240.34,-0.93,0.00
3330.00,-36936508.11,-138945.80,0.00,-241.14,-0.94,0.00
3340.00,-37178041.26,-139884.06,0.00,-241.93,-0.94,0.00
3350.00,-37420367.00,-140825.51,0.00,-242.72,-0.94,0.00
3360.00,-37663485.32,-141770.13,0.00,-243.51,-0.95,0.00
3370.00,-37907396.22,-142717.93,0.00,-244.31,-0.95,0.00
3380.00,-38152099.72,-143668.91,0.00,-245.10,-0.95,0.00
3390.00,-38397595.80,-144623.07,0.00,-245.89,-0.96,0.00
3400.00,-38643884.48,-145580.42,0.00,-246.68,-0.96,0.00
3410.00,-38890965.75,-146540.94,0.00,-247.48,-0.96,0.00
3420.00,-39138839.63,-147504.64,0.00,-248.27,-0.97,0.00
3430.00,-39387506.10,-148471.53,0.00,-249.06,-0.97,0.00
3440.00,-39636965.17,-149441.59,0.00,-249.85,-0.97,0.00
3450.00,-39887216.86,-150414.84,0.00,-250.65,-0.97,0.00
3460.00,-40138261.14,-151391.26,0.00,-251.44,-0.98,0.00
3470.00,-40390098.04,-152370.87,0.00,-252.23,-0.98,0.00
3480.00,-40642727.55,-153353.65,0.00,-253.03,-0.98,0.00
3490.00,-40896149.67,-154339.62,0.00,-253.82,-0.99,0.00
3500.00,-41150364.41,-155328.77,0.00,-254.61,-0.99,0.00
3510.00,-41405371.77,-156321.09,0.00,-255.40,-0.99,0.00
3520.00,-41661171.74,-157316.60,0.00,-256.20,-1.00,0.00
3530.00,-41917764.34,-158315.29,0.00,-256.99,-1.00,0.00
3540.00,-42175149.57,-159317.16,0.00,-257.78,-1.00,0.00
3550.00,-42433327.42,-160322.21,0.00,-258.57,-1.01,0.00
3560.00,-42692297.89,-161330.44,0.00,-259.37,-1.01,0.00
3570.00,-42952061.00,-162341.85,0.00,-260.16,-1.01,0.00
3580.00,-43212616.74,-163356.44,0.00,-260.95,-1.02,0.00
3590.00,-43473965.11,-164374.21,0.00,-261.74,-1.02,0.00
3600.00,-43736106.12,-165395.16,0.00,-262.54,-1.02,0.00
3610.00,-43999039.76,-166419.29,0.00,-263.33,-1.03,0.00
3620.00,-44262766.05,-167446.61,0.00,-264.12,-1.03,0.00
3630.00,-44527284.98,-168477.10,0.00,-264.91,-1.03,0.00
3640.00,-44792596.55,-169510.78,0.00,-265.71,-1.04,0.00
3650.00,-45058700.76,-170547.63,0.00,-266.50,-1.04,0.00
3660.00,-45325597.62,-171587.67,0.00,-267.29,-1.04,0.00
3670.00,-45593287.13,-172630.88,0.00,-268.09,-1.04,0.00
3680.00,-45861769.29,-173677.28,0.00,-268.88,-1.05,0.00
3690.00,-46131044.10,-174726.86,0.00,-269.67,-1.05,0.00
3700.00,-46401111.56,-175779.61,0.00,-270.46,-1.05,0.00
3710.00,-46671971.68,-176835.55,0.00,-271.26,-1.06,0.00
3720.00,-46943624.45,-177894.67,0.00,-272.05,-1.06,0.00
3730.00,-47216069.89,-178956.97,0.00,-272.84,-1.06,0.00
3740.00,-47489307.98,-180022.45,0.00,-273.63,-1.07,0.00
3750.00,-47763338.73,-181091.11,0.00,-274.43,-1.07,0.00
3760.00,-48038162.15,-182162.96,0.00,-275.22,-1.07,0.00
3770.00,-48313778.23,-183237.98,0.00,-276.01,-1.08,0.00
3780.00,-48590186.98,-184316.18,0.00,-276.80,-1.08,0.00
3790.00,-48867388.39,-185397.57,0.00,-277.60,-1.08,0.00
3800.00,-49145382.48,-186482.13,0.00,-278.39,-1.09,0.00
3810.00,-49424169.23,-187569.88,0.00,-279.18,-1.09,0.00
3820.00,-49703748.65,-188660.80,0.00,-279.98,-1.09,0.00
3830.00,-49984120.75,-189754.91,0.00,-280.77,-1.10,0.00
3840.00,-50265285.53,-190852.20,0.00,-281.56,-1.10,0.00
3850.00,-50547242.98,-191952.67,0.00,-282.35,-1.10,0.00
3860.00,-50829993.10,-193056.31,0.00,-283.15,-1.11,0.00
3870.00,-51113535.91,-194163.14,0.00,-283.94,-1.11,0.00
3880.00,-51397871.40,-195273.15,0.00,-284.73,-1.11,0.00
3890.00,-51682999.56,-196386.35,0.00,-285.52,-1.11,0.00
3900.00,-51968920.41,-197502.72,0.00,-286.32,-1.12,0.00
3910.00,-52255633.95,-198622.27,0.00,-287.11,-1.12,0.00
3920.00,-52543140.17,-199745.00,0.00,-287.90,-1.12,0.00
3930.00,-52831439.08,-200870.92,0.00,-288.69,-1.13,0.00
3940.00,-53120530.67,-202000.01,0.00,-289.49,-1.13,0.00
3950.00,-53410414.96,-203132.29,0.00,-290.28,-1.13,0.00
3960.00,-53701091.93,-204267.75,0.00,-291.07,-1.14,0.00
3970.00,-53992561.60,-205406.38,0.00,-291.87,-1.14,0.00
3980.00,-54284823.96,-206548.20,0.00,-292.66,-1.14,0.00
3990.00,-54577879.01,-207693.20,0.00,-293.45,-1.15,0.00
4000.00,-54871726.76,-208841.38,0.00,-294.24,-1.15,0.00
4010.00,-55166367.21,-209992.74,0.00,-295.04,-1.15,0.00
4020.00,-55461800.35,-211147.28,0.00,-295.83,-1.16,0.00
4030.00,-55758026.20,-212305.01,0.00,-296.62,-1.16,0.00
4040.00,-56055044.74,-213465.91,0.00,-297.41,-1.16,0.00
4050.00,-56352855.98,-214629.99,0.00,-298.21,-1.17,0.00
4060.00,-56651459.93,-215797.26,0.00,-299.00,-1.17,0.00
4070.00,-56950856.58,-216967.70,0.00,-299.79,-1.17,0.00
4080.00,-57251045.93,-218141.33,0.00,-300.59,-1.18,0.00
4090.00,-57552027.99,-219318.14,0.00,-301.38,-1.18,0.00
4100.00,-57853802.76,-220498.13,0.00,-302.17,-1.18,0.00
4110.00,-58156370.24,-221681.30,0.00,-302.96,-1.18,0.00
4120.00,-58459730.42,-222867.65,0.00,-303.76,-1.19,0.00
4130.00,-58763883.31,-224057.18,0.00,-304.55,-1.19,0.00
4140.00,-59068828.92,-225249.89,0.00,-305.34,-1.19,0.00
4150.00,-59374567.23,-226445.78,0.00,-306.13,-1.20,0.00
4160.00,-59681098.26,-227644.85,0.00,-306.93,-1.20,0.00
4170.00,-59988422.00,-228847.11,0.00,-307.72,-1.20,0.00
4180.00,-60296538.46,-230052.54,0.00,-308.51,-1.21,0.00
4190.00,-60605447.64,-231261.16,0.00,-309.31,-1.21,0.00
4200.00,-60915149.53,-232472.96,0.00,-310.10,-1.21,0.00
4210.00,-61225644.13,-233687.94,0.00,-310.89,-1.22,0.00
4220.00,-61536931.46,-234906.10,0.00,-311.68,-1.22,0.00
4230.00,-61849011.51,-236127.44,0.00,-312.48,-1.22,0.00
4240.00,-62161884.28,-237351.96,0.00,-313.27,-1.23,0.00
4250.00,-62475549.76,-238579.66,0.00,-314.06,-1.23,0.00
4260.00,-62790007.98,-239810.54,0.00,-314.85,-1.23,0.00
4270.00,-63105258.91,-241044.60,0.00,-315.65,-1.24,0.00
4280.00,-63421302.57,-242281.85,0.00,-316.44,-1.24,0.00
4290.00,-63738138.95,-243522.28,0.00,-317.23,-1.24,0.00
4300.00,-64055768.06,-244765.88,0.00,-318.03,-1.25,0.00
4310.00,-64374189.90,-246012.67,0.00,-318.82,-1.25,0.00
4320.00,-64693404.47,-247262.64,0.00,-319.61,-1.25,0.00
4330.00,-65013411.76,-248515.79,0.00,-320.40,-1.25,0.00
4340.00,-65334211.78,-249772.12,0.00,-321.20,-1.26,0.00
4350.00,-65655804.54,-251031.63,0.00,-321.99,-1.26,0.00
4360.00,-65978190.02,-252294.32,0.00,-322.78,-1.26,0.00
4370.00,-66301368.24,-253560.20,0.00,-323.57,-1.27,0.00
4380.00,-66625339.18,-254829.25,0.00,-324.37,-1.27,0.00
4390.00,-66950102.87,-256101.48,0.00,-325.16,-1.27,0.00
4400.00,-67275659.28,-257376.90,0.00,-325.95,-1.28,0.00
4410.00,-67602008.44,-258655.50,0.00,-326.75,-1.28,0.00
4420.00,-67929150.32,-259937.28,0.00,-327.54,-1.28,0.00
4430.00,-68257084.95,-261222.24,0.00,-328.33,-1.29,0.00
4440.00,-68585812.31,-262510.38,0.00,-329.12,-1.29,0.00
4450.00,-68915332.41,-263801.70,0.00,-329.92,-1.29,0.00
4460.00,-69245645.25,-265096.20,0.00,-330.71,-1.30,0.00
4470.00,-69576750.83,-266393.88,0.00,-331.50,-1.30,0.00
4480.00,-69908649.15,-267694.75,0.00,-332.29,-1.30,0.00
4490.00,-70241340.21,-268998.79,0.00,-333.09,-1.31,0.00
4500.00,-70574824.01,-270306.02,0.00,-333.88,-1.31,0.00
4510.00,-70909100.56,-271616.43,0.00,-334.67,-1.31,0.00
4520.00,-71244169.84,-272930.02,0.00,-335.47,-1.32,0.00
4530.00,-71580031.88,-274246.78,0.00,-336.26,-1.32,0.00
4540.00,-71916686.65,-275566.74,0.00,-337.05,-1.32,0.00
4550.00,-72254134.18,-276889.87,0.00,-337.84,-1.32,0.00
4560.00,-72592374.44,-278216.18,0.00,-338.64,-1.33,0.00
4570.00,-72931407.46,-279545.67,0.00,-339.43,-1.33,0.00
4580.00,-73271233.22,-280878.35,0.00,-340.22,-1.33,0.00
4590.00,-73611851.73,-282214.20,0.00,-341.01,-1.34,0.00
4600.00,-73953262.99,-283553.24,0.00,-341.81,-1.34,0.00
4610.00,-74295467.00,-284895.46,0.00,-342.60,-1.34,0.00
4620.00,-74638463.76,-286240.86,0.00,-343.39,-1.35,0.00
4630.00,-74982253.27,-287589.44,0.00,-344.19,-1.35,0.00
4640.00,-75326835.53,-288941.20,0.00,-344.98,-1.35,0.00
4650.00,-75672210.54,-290296.14,0.00,-345.77,-1.36,0.00
4660.00,-76018378.31,-291654.26,0.00,-346.56,-1.36,0.00
4670.00,-76365338.83,-293015.57,0.00,-347.36,-1.36,0.00
4680.00,-76713092.10,-294380.05,0.00,-348.15,-1.37,0.00
4690.00,-77061638.13,-295747.72,0.00,-348.94,-1.37,0.00
4700.00,-77410976.91,-297118.57,0.00,-349.73,-1.37,0.00
4710.00,-77761108.45,-298492.59,0.00,-350.53,-1.38,0.00
4720.00,-78112032.74,-299869.80,0.00,-351.32,-1.38,0.00
4730.00,-78463749.79,-301250.19,0.00,-352.11,-1.38,0.00
4740.00,-78816259.60,-302633.77,0.00,-352.91,-1.39,0.00
4750.00,-79169562.17,-304020.52,0.00,-353.70,-1.39,0.00
4760.00,-79523657.49,-305410.45,0.00,-354.49,-1.39,0.00
4770.00,-79878545.57,-306803.57,0.00,-355.28,-1.39,0.00
4780.00,-80234226.42,-308199.86,0.00,-356.08,-1.40,0.00
4790.00,-80590700.02,-309599.34,0.00,-356.87,-1.40,0.00
4800.00,-80947966.38,-311002.00,0.00,-357.66,-1.40,0.00
4810.00,-81306025.51,-312407.84,0.00,-358.46,-1.41,0.00
4820.00,-81664877.40,-313816.86,0.00,-359.25,-1.41,0.00
4830.00,-82024522.05,-315229.06,0.00,-360.04,-1.41,0.00
4840.00,-82384959.46,-316644.44,0.00,-360.83,-1.42,0.00
4850.00,-82746189.63,-318063.01,0.00,-361.63,-1.42,0.00
4860.00,-83108212.57,-319484.75,0.00,-362.42,-1.42,0.00
4870.00,-83471028.28,-320909.68,0.00,-363.21,-1.43,0.00
4880.00,-83834636.75,-322337.79,0.00,-364.00,-1.43,0.00
4890.00,-84199037.98,-323769.08,0.00,-364.80,-1.43,0.00
4900.00,-84564231.98,-325203.54,0.00,-365.59,-1.44,0.00
4910.00,-84930218.75,-326641.20,0.00,-366.38,-1.44,0.00
4920.00,-85296998.28,-328082.03,0.00,-367.18,-1.44,0.00
4930.00,-85664570.59,-329526.04,0.00,-367.97,-1.45,0.00
4940.00,-86032935.66,-330973.23,0.00,-368.76,-1.45,0.00
4950.00,-86402093.49,-332423.61,0.00,-369.55,-1.45,0.00
4960.00,-86772044.10,-333877.17,0.00,-370.35,-1.46,0.00
4970.00,-87142787.48,-335333.90,0.00,-371.14,-1.46,0.00
4980.00,-87514323.62,-336793.82,0.00,-371.93,-1.46,0.00
4990.00,-87886652.54,-338256.92,0.00,-372.72,-1.46,0.00
5000.00,-88259774.23,-339723.20,0.00,-373.52,-1.47,0.00
5010.00,-88633688.69,-341192.66,0.00,-374.31,-1.47,0.00
5020.00,-89008395.92,-342665.31,0.00,-375.10,-1.47,0.00
5030.00,-89383895.92,-344141.13,0.00,-375.90,-1.48,0.00
5040.00,-89760188.69,-345620.14,0.00,-376.69,-1.48,0.00
5050.00,-90137274.24,-347102.32,0.00,-377.48,-1.48,0.00
5060.00,-90515152.56,-348587.69,0.00,-378.27,-1.49,0.00
5070.00,-90893823.66,-350076.24,0.00,-379.07,-1.49,0.00
5080.00,-91273287.53,-351567.97,0.00,-379.86,-1.49,0.00
5090.00,-91653544.17,-353062.88,0.00,-380.65,-1.50,0.00
5100.00,-92034593.59,-354560.97,0.00,-381.45,-1.50,0.00
5110.00,-92416435.79,-356062.25,0.00,-382.24,-1.50,0.00
5120.00,-92799070.76,-357566.70,0.00,-383.03,-1.51,0.00
5130.00,-93182498.51,-359074.34,0.00,-383.82,-1.51,0.00
5140.00,-93566719.03,-360585.16,0.00,-384.62,-1.51,0.00
5150.00,-93951732.34,-362099.15,0.00,-385.41,-1.52,0.00
5160.00,-94337538.42,-363616.33,0.00,-386.20,-1.52,0.00
5170.00,-94724137.27,-365136.69,0.00,-386.99,-1.52,0.00
5180.00,-95111528.91,-366660.24,0.00,-387.79,-1.53,0.00
5190.00,-95499713.33,-368186.96,0.00,-388.58,-1.53,0.00
5200.00,-95888690.52,-369716.86,0.00,-389.37,-1.53,0.00
5210.00,-96278460.49,-371249.95,0.00,-390.17,-1.53,0.00
5220.00,-96669023.25,-372786.21,0.00,-390.96,-1.54,0.00
5230.00,-97060378.78,-374325.66,0.00,-391.75,-1.54,0.00
5240.00,-97452527.10,-375868.29,0.00,-392.54,-1.54,0.00
5250.00,-97845468.20,-377414.10,0.00,-393.34,-1.55,0.00
5260.00,-98239202.07,-378963.09,0.00,-394.13,-1.55,0.00
5270.00,-98633728.74,-380515.27,0.00,-394.92,-1.55,0.00
5280.00,-99029048.18,-382070.62,0.00,-395.72,-1.56,0.00
5290.00,-99425160.40,-383629.15,0.00,-396.51,-1.56,0.00
5300.00,-99822065.41,-385190.87,0.00,-397.30,-1.56,0.00
5310.00,-100219763.20,-386755.77,0.00,-398.09,-1.57,0.00
5320.00,-100618253.78,-388323.85,0.00,-398.89,-1.57,0.00
5330.00,-101017537.14,-389895.11,0.00,-399.68,-1.57,0.00
5340.00,-101417613.28,-391469.55,0.00,-400.47,-1.58,0.00
5350.00,-101818482.21,-393047.17,0.00,-401.26,-1.58,0.00
5360.00,-102220143.93,-394627.97,0.00,-402.06,-1.58,0.00
5370.00,-102622598.42,-396211.96,0.00,-402.85,-1.59,0.00
5380.00,-103025845.71,-397799.12,0.00,-403.64,-1.59,0.00
5390.00,-103429885.78,-399389.47,0.00,-404.44,-1.59,0.00
5400.00,-103834718.64,-400983.00,0.00,-405.23,-1.60,0.00
5410.00,-104240344.28,-402579.71,0.00,-406.02,-1.60,0.00
5420.00,-104646762.72,-404179.60,0.00,-406.81,-1.60,0.00
5430.00,-105053973.94,-405782.67,0.00,-407.61,-1.60,0.00
5440.00,-105461977.94,-407388.92,0.00,-408.40,-1.61,0.00
5450.00,-105870774.74,-408998.36,0.00,-409.19,-1.61,0.00
5460.00,-106280364.32,-410610.97,0.00,-409.99,-1.61,0.00
5470.00,-106690746.70,-412226.77,0.00,-410.78,-1.62,0.00
5480.00,-107101921.86,-413845.75,0.00,-411.57,-1.62,0.00
5490.00,-107513889.81,-415467.91,0.00,-412.36,-1.62,0.00
5500.00,-107926650.55,-417093.25,0.00,-413.16,-1.63,0.00
5510.00,-108340204.08,-418721.77,0.00,-413.95,-1.63,0.00
5520.00,-108754550.40,-420353.47,0.00,-414.74,-1.63,0.00
5530.00,-109169689.51,-421988.35,0.00,-415.54,-1.64,0.00
5540.00,-109585621.42,-423626.42,0.00,-416.33,-1.64,0.00
5550.00,-110002346.11,-425267.67,0.00,-417.12,-1.64,0.00
5560.00,-110419863.60,-426912.09,0.00,-417.91,-1.65,0.00
5570.00,-110838173.87,-428559.70,0.00,-418.71,-1.65,0.00
5580.00,-111257276.94,-430210.49,0.00,-419.50,-1.65,0.00
5590.00,-111677172.80,-431864.47,0.00,-420.29,-1.66,0.00
5600.00,-112097861.46,-433521.62,0.00,-421.08,-1.66,0.00
5610.00,-112519342.91,-435181.95,0.00,-421.88,-1.66,0.00
5620.00,-112941617.15,-436845.47,0.00,-422.67,-1.67,0.00
5630.00,-113364684.18,-438512.16,0.00,-423.46,-1.67,0.00
5640.00,-113788544.01,-440182.04,0.00,-424.26,-1.67,0.00
5650.00,-114213196.63,-441855.10,0.00,-425.05,-1.67,0.00
5660.00,-114638642.05,-443531.34,0.00,-425.84,-1.68,0.00
5670.00,-115064880.26,-445210.76,0.00,-426.63,-1.68,0.00
5680.00,-115491911.26,-446893.37,0.00,-427.43,-1.68,0.00
5690.00,-115919735.06,-448579.15,0.00,-428.22,-1.69,0.00
5700.00,-116348351.66,-450268.11,0.00,-429.01,-1.69,0.00
5710.00,-116777761.05,-451960.26,0.00,-429.81,-1.69,0.00
5720.00,-117207963.24,-453655.59,0.00,-430.60,-1.70,0.00
5730.00,-117638958.23,-455354.10,0.00,-431.39,-1.70,0.00
5740.00,-118070746.01,-457055.79,0.00,-432.18,-1.70,0.00
5750.00,-118503326.58,-458760.66,0.00,-432.98,-1.71,0.00
5760.00,-118936699.96,-460468.71,0.00,-433.77,-1.71,0.00
5770.00,-119370866.13,-462179.95,0.00,-434.56,-1.71,0.00
5780.00,-119805825.10,-463894.36,0.00,-435.35,-1.72,0.00
5790.00,-120241576.87,-465611.96,0.00,-436.15,-1.72,0.00
5800.00,-120678121.43,-467332.74,0.00,-436.94,-1.72,0.00
5810.00,-121115458.80,-469056.69,0.00,-437.73,-1.73,0.00
5820.00,-121553588.96,-470783.84,0.00,-438.53,-1.73,0.00
5830.00,-121992511.92,-472514.16,0.00,-439.32,-1.73,0.00
5840.00,-122432227.68,-474247.66,0.00,-440.11,-1.74,0.00
5850.00,-122872736.24,-475984.34,0.00,-440.90,-1.74,0.00
5860.00,-123314037.60,-477724.21,0.00,-441.70,-1.74,0.00
5870.00,-123756131.75,-479467.26,0.00,-442.49,-1.74,0.00
5880.00,-124199018.71,-481213.48,0.00,-443.28,-1.75,0.00
5890.00,-124642698.47,-482962.89,0.00,-444.08,-1.75,0.00
5900.00,-125087171.03,-484715.48,0.00,-444.87,-1.75,0.00
5910.00,-125532436.39,-486471.26,0.00,-445.66,-1.76,0.00
5920.00,-125978494.55,-488230.21,0.00,-446.45,-1.76,0.00
5930.00,-126425345.51,-489992.34,0.00,-447.25,-1.76,0.00
5940.00,-126872989.27,-491757.66,0.00,-448.04,-1.77,0.00
5950.00,-127321425.83,-493526.16,0.00,-448.83,-1.77,0.00
5960.00,-127770655.20,-495297.83,0.00,-449.63,-1.77,0.00
5970.00,-128220677.36,-497072.69,0.00,-450.42,-1.78,0.00
5980.00,-128671492.33,-498850.73,0.00,-451.21,-1.78,0.00
5990.00,-129123100.11,-500631.96,0.00,-452.00,-1.78,0.00
6000.00,-129575500.68,-502416.36,0.00,-452.80,-1.79,0.00
6010.00,-130028694.06,-504203.94,0.00,-453.59,-1.79,0.00
6020.00,-130482680.24,-505994.71,0.00,-454.38,-1.79,0.00
6030.00,-130937459.22,-507788.66,0.00,-455.17,-1.80,0.00
6040.00,-131393031.01,-509585.79,0.00,-455.97,-1.80,0.00
6050.00,-131849395.60,-511386.10,0.00,-456.76,-1.80,0.00
6060.00,-132306552.99,-513189.59,0.00,-457.55,-1.81,0.00
6070.00,-132764503.19,-514996.26,0.00,-458.35,-1.81,0.00
6080.00,-133223246.19,-516806.11,0.00,-459.14,-1.81,0.00
6090.00,-133682782.00,-518619.15,0.00,-459.93,-1.81,0.00
6100.00,-134143110.61,-520435.36,0.00,-460.72,-1.82,0.00
6110.00,-134604232.03,-522254.76,0.00,-461.52,-1.82,0.00
6120.00,-135066146.25,-524077.34,0.00,-462.31,-1.82,0.00
6130.00,-135528853.28,-525903.10,0.00,-463.10,-1.83,0.00
6140.00,-135992353.11,-527732.04,0.00,-463.90,-1.83,0.00
6150.00,-136456645.75,-529564.16,0.00,-464.69,-1.83,0.00
6160.00,-136921731.19,-531399.47,0.00,-465.48,-1.84,0.00
6170.00,-137387609.44,-533237.95,0.00,-466.27,-1.84,0.00
6180.00,-137854280.50,-535079.62,0.00,-467.07,-1.84,0.00
6190.00,-138321744.36,-536924.47,0.00,-467.86,-1.85,0.00
6200.00,-138790001.03,-538772.50,0.00,-468.65,-1.85,0.00
6210.00,-139259050.51,-540623.71,0.00,-469.45,-1.85,0.00
6220.00,-139728892.79,-542478.10,0.00,-470.24,-1.86,0.00
6230.00,-140199527.88,-544335.67,0.00,-471.03,-1.86,0.00
6240.00,-140670955.78,-546196.43,0.00,-471.82,-1.86,0.00
6250.00,-141143176.48,-548060.36,0.00,-472.62,-1.87,0.00
6260.00,-141616189.99,-549927.48,0.00,-473.41,-1.87,0.00
6270.00,-142089996.31,-551797.78,0.00,-474.20,-1.87,0.00
6280.00,-142564595.44,-553671.26,0.00,-475.00,-1.88,0.00
6290.00,-143039987.38,-555547.92,0.00,-475.79,-1.88,0.00
6300.00,-143516172.12,-557427.76,0.00,-476.58,-1.88,0.00
6310.00,-143993149.68,-559310.78,0.00,-477.37,-1.88,0.00
6320.00,-144470920.04,-561196.99,0.00,-478.17,-1.89,0.00
6330.00,-144949483.21,-563086.37,0.00,-478.96,-1.89,0.00
6340.00,-145428839.19,-564978.94,0.00,-479.75,-1.89,0.00
6350.00,-145908987.98,-566874.69,0.00,-480.54,-1.90,0.00
6360.00,-146389929.58,-568773.62,0.00,-481.34,-1.90,0.00
6370.00,-146871663.99,-570675.73,0.00,-482.13,-1.90,0.00
6380.00,-147354191.21,-572581.02,0.00,-482.92,-1.91,0.00
6390.00,-147837511.24,-574489.50,0.00,-483.72,-1.91,0.00
6400.00,-148321624.07,-576401.15,0.00,-484.51,-1.91,0.00
6410.00,-148806529.72,-578315.99,0.00,-485.30,-1.92,0.00
6420.00,-149292228.18,-580234.01,0.00,-486.09,-1.92,0.00
6430.00,-149778719.45,-582155.21,0.00,-486.89,-1.92,0.00
6440.00,-150266003.53,-584079.59,0.00,-487.68,-1.93,0.00
6450.00,-150754080.42,-586007.15,0.00,-488.47,-1.93,0.00
6460.00,-151242950.13,-587937.89,0.00,-489.27,-1.93,0.00
6470.00,-151732612.64,-589871.82,0.00,-490.06,-1.94,0.00
6480.00,-152223067.96,-591808.92,0.00,-490.85,-1.94,0.00
6490.00,-152714316.10,-593749.21,0.00,-491.64,-1.94,0.00
6500.00,-153206357.05,-595692.68,0.00,-492.44,-1.95,0.00
6510.00,-153699190.81,-597639.33,0.00,-493.23,-1.95,0.00
6520.00,-154192817.38,-599589.16,0.00,-494.02,-1.95,0.00
6530.00,-154687236.77,-601542.17,0.00,-494.82,-1.95,0.00
6540.00,-155182448.96,-603498.37,0.00,-495.61,-1.96,0.00
6550.00,-155678453.97,-605457.74,0.00,-496.40,-1.96,0.00
6560.00,-156175251.79,-607420.30,0.00,-497.19,-1.96,0.00
6570.00,-156672842.43,-609386.04,0.00,-497.99,-1.97,0.00
6580.00,-157171225.87,-611354.96,0.00,-498.78,-1.97,0.00
6590.00,-157670402.13,-613327.06,0.00,-499.57,-1.97,0.00
6600.00,-158170371.21,-615302.34,0.00,-500.37,-1.98,0.00
6610.00,-158671133.09,-617280.80,0.00,-501.16,-1.98,0.00
6620.00,-159172687.79,-619262.45,0.00,-501.95,-1.98,0.00
6630.00,-159675035.31,-621247.27,0.00,-502.74,-1.99,0.00
6640.00,-160178175.63,-623235.28,0.00,-503.54,-1.99,0.00
6650.00,-160682108.77,-625226.47,0.00,-504.33,-1.99,0.00
6660.00,-161186834.73,-627220.84,0.00,-505.12,-2.00,0.00
6670.00,-161692353.50,-629218.39,0.00,-505.91,-2.00,0.00
6680.00,-162198665.08,-631219.12,0.00,-506.71,-2.00,0.00
6690.00,-162705769.48,-633223.03,0.00,-507.50,-2.01,0.00
6700.00,-163213666.69,-635230.13,0.00,-508.29,-2.01,0.00
6710.00,-163722356.72,-637240.41,0.00,-509.09,-2.01,0.00
6720.00,-164231839.56,-639253.86,0.00,-509.88,-2.02,0.00
6730.00,-164742115.22,-641270.50,0.00,-510.67,-2.02,0.00
6740.00,-165253183.69,-643290.32,0.00,-511.46,-2.02,0.00
6750.00,-165765044.98,-645313.32,0.00,-512.26,-2.02,0.00
6760.00,-166277699.08,-647339.51,0.00,-513.05,-2.03,0.00
6770.00,-166791146.00,-649368.87,0.00,-513.84,-2.03,0.00
6780.00,-167305385.73,-651401.42,0.00,-514.64,-2.03,0.00
6790.00,-167820418.28,-653437.15,0.00,-515.43,-2.04,0.00
6800.00,-168336243.65,-655476.05,0.00,-516.22,-2.04,0.00
6810.00,-168852861.83,-657518.14,0.00,-517.01,-2.04,0.00
6820.00,-169370272.82,-659563.41,0.00,-517.81,-2.05,0.00
6830.00,-169888476.64,-661611.87,0.00,-518.60,-2.05,0.00
6840.00,-170407473.27,-663663.50,0.00,-519.39,-2.05,0.00
6850.00,-170927262.71,-665718.32,0.00,-520.19,-2.06,0.00
6860.00,-171447844.98,-667776.31,0.00,-520.98,-2.06,0.00
6870.00,-171969220.06,-669837.49,0.00,-521.77,-2.06,0.00
6880.00,-172491387.95,-671901.85,0.00,-522.56,-2.07,0.00
6890.00,-173014348.67,-673969.39,0.00,-523.36,-2.07,0.00
6900.00,-173538102.20,-676040.11,0.00,-524.15,-2.07,0.00
6910.00,-174062648.55,-678114.02,0.00,-524.94,-2.08,0.00
6920.00,-174587987.71,-680191.10,0.00,-525.74,-2.08,0.00
6930.00,-175114119.69,-682271.37,0.00,-526.53,-2.08,0.00
6940.00,-175641044.49,-684354.81,0.00,-527.32,-2.09,0.00
6950.00,-176168762.11,-686441.44,0.00,-528.11,-2.09,0.00
6960.00,-176697272.55,-688531.25,0.00,-528.91,-2.09,0.00
6970.00,-177226575.80,-690624.24,0.00,-529.70,-2.09,0.00
6980.00,-177756671.87,-692720.42,0.00,-530.49,-2.10,0.00
6990.00,-178287560.76,-694819.77,0.00,-531.28,-2.10,0.00
7000.00,-178819242.47,-696922.31,0.00,-532.08,-2.10,0.00
7010.00,-179351717.00,-699028.02,0.00,-532.87,-2.11,0.00
7020.00,-179884984.34,-701136.92,0.00,-533.66,-2.11,0.00
7030.00,-180419044.51,-703249.00,0.00,-534.46,-2.11,0.00
7040.00,-180953897.49,-705364.26,0.00,-535.25,-2.12,0.00
7050.00,-181489543.29,-707482.70,0.00,-536.04,-2.12,0.00
7060.00,-182025981.91,-709604.33,0.00,-536.83,-2.12,0.00
7070.00,-182563213.35,-711729.13,0.00,-537.63,-2.13,0.00
7080.00,-183101237.61,-713857.12,0.00,-538.42,-2.13,0.00
7090.00,-183640054.68,-715988.28,0.00,-539.21,-2.13,0.00
7100.00,-184179664.58,-718122.63,0.00,-540.01,-2.14,0.00
7110.00,-184720067.30,-720260.16,0.00,-540.80,-2.14,0.00
7120.00,-185261262.83,-722400.88,0.00,-541.59,-2.14,0.00
7130.00,-185803251.19,-724544.77,0.00,-542.38,-2.15,0.00
7140.00,-186346032.36,-726691.84,0.00,-543.18,-2.15,0.00
7150.00,-186889606.36,-728842.10,0.00,-543.97,-2.15,0.00
7160.00,-187433973.17,-730995.54,0.00,-544.76,-2.16,0.00
7170.00,-187979132.81,-733152.15,0.00,-545.56,-2.16,0.00
7180.00,-188525085.26,-735311.95,0.00,-546.35,-2.16,0.00
7190.00,-189071830.54,-737474.93,0.00,-547.14,-2.16,0.00
7200.00,-189619368.63,-739641.10,0.00,-547.93,-2.17,0.00
7210.00,-190167699.55,-741810.44,0.00,-548.73,-2.17,0.00
7220.00,-190716823.29,-743982.97,0.00,-549.52,-2.17,0.00
7230.00,-191266739.84,-746158.67,0.00,-550.31,-2.18,0.00
7240.00,-191817449.22,-748337.56,0.00,-551.11,-2.18,0.00
7250.00,-192368951.42,-750519.63,0.00,-551.90,-2.18,0.00
7260.00,-192921246.44,-752704.88,0.00,-552.69,-2.19,0.00
7270.00,-193474334.28,-754893.31,0.00,-553.48,-2.19,0.00
7280.00,-194028214.94,-757084.93,0.00,-554.28,-2.19,0.00
7290.00,-194582888.43,-759279.72,0.00,-555.07,-2.20,0.00
7300.00,-195138354.73,-761477.70,0.00,-555.86,-2.20,0.00
7310.00,-195694613.86,-763678.85,0.00,-556.66,-2.20,0.00
7320.00,-196251665.81,-765883.19,0.00,-557.45,-2.21,0.00
7330.00,-196809510.58,-768090.71,0.00,-558.24,-2.21,0.00
7340.00,-197368148.17,-770301.42,0.00,-559.03,-2.21,0.00
7350.00,-197927578.58,-772515.30,0.00,-559.83,-2.22,0.00
7360.00,-198487801.82,-774732.36,0.00,-560.62,-2.22,0.00
7370.00,-199048817.87,-776952.61,0.00,-561.41,-2.22,0.00
7380.00,-199610626.75,-779176.04,0.00,-562.20,-2.23,0.00
7390.00,-200173228.45,-781402.64,0.00,-563.00,-2.23,0.00
7400.00,-200736622.98,-783632.43,0.00,-563.79,-2.23,0.00
7410.00,-201300810.32,-785865.40,0.00,-564.58,-2.23,0.00
7420.00,-201865790.49,-788101.56,0.00,-565.38,-2.24,0.00
7430.00,-202431563.48,-790340.89,0.00,-566.17,-2.24,0.00
7440.00,-202998129.29,-792583.41,0.00,-566.96,-2.24,0.00
7450.00,-203565487.93,-794829.10,0.00,-567.75,-2.25,0.00
7460.00,-204133639.39,-797077.98,0.00,-568.55,-2.25,0.00
7470.00,-204702583.67,-799330.04,0.00,-569.34,-2.25,0.00
7480.00,-205272320.78,-801585.28,0.00,-570.13,-2.26,0.00
7490.00,-205842850.70,-803843.70,0.00,-570.93,-2.26,0.00
7500.00,-206414173.46,-806105.31,0.00,-571.72,-2.26,0.00
7510.00,-206986289.03,-808370.09,0.00,-572.51,-2.27,0.00
7520.00,-207559197.43,-810638.06,0.00,-573.30,-2.27,0.00
7530.00,-208132898.65,-812909.20,0.00,-574.10,-2.27,0.00
7540.00,-208707392.69,-815183.53,0.00,-574.89,-2.28,0.00
7550.00,-209282679.56,-817461.04,0.00,-575.68,-2.28,0.00
7560.00,-209858759.25,-819741.74,0.00,-576.48,-2.28,0.00
7570.00,-210435631.77,-822025.61,0.00,-577.27,-2.29,0.00
7580.00,-211013297.11,-824312.66,0.00,-578.06,-2.29,0.00
7590.00,-211591755.27,-826602.90,0.00,-578.85,-2.29,0.00
7600.00,-212171006.26,-828896.32,0.00,-579.65,-2.30,0.00
7610.00,-212751050.07,-831192.91,0.00,-580.44,-2.30,0.00
7620.00,-213331886.70,-833492.69,0.00,-581.23,-2.30,0.00
7630.00,-213913516.16,-835795.66,0.00,-582.03,-2.30,0.00
7640.00,-214495938.44,-838101.80,0.00,-582.82,-2.31,0.00
7650.00,-215079153.55,-840411.12,0.00,-583.61,-2.31,0.00
7660.00,-215663161.48,-842723.63,0.00,-584.40,-2.31,0.00
7670.00,-216247962.24,-845039.31,0.00,-585.20,-2.32,0.00
7680.00,-216833555.82,-847358.18,0.00,-585.99,-2.32,0.00
7690.00,-217419942.23,-849680.23,0.00,-586.78,-2.32,0.00
7700.00,-218007121.46,-852005.46,0.00,-587.58,-2.33,0.00
7710.00,-218595093.52,-854333.88,0.00,-588.37,-2.33,0.00
7720.00,-219183858.40,-856665.47,0.00,-589.16,-2.33,0.00
7730.00,-219773416.10,-859000.24,0.00,-589.95,-2.34,0.00
7740.00,-220363766.63,-861338.20,0.00,-590.75,-2.34,0.00
7750.00,-220954909.99,-863679.34,0.00,-591.54,-2.34,0.00
7760.00,-221546846.17,-866023.66,0.00,-592.33,-2.35,0.00
7770.00,-222139575.17,-868371.16,0.00,-593.13,-2.35,0.00
7780.00,-222733097.01,-870721.84,0.00,-593.92,-2.35,0.00
7790.00,-223327411.66,-873075.70,0.00,-594.71,-2.36,0.00
7800.00,-223922519.14,-875432.75,0.00,-595.50,-2.36,0.00
7810.00,-224518419.45,-877792.97,0.00,-596.30,-2.36,0.00
7820.00,-225115112.59,-880156.38,0.00,-597.09,-2.36,0.00
7830.00,-225712598.55,-882522.97,0.00,-597.88,-2.37,0.00
7840.00,-226310877.33,-884892.74,0.00,-598.67,-2.37,0.00
7850.00,-226909948.94,-887265.69,0.00,-599.47,-2.37,0.00
7860.00,-227509813.38,-889641.83,0.00,-600.26,-2.38,0.00
7870.00,-228110470.64,-892021.14,0.00,-601.05,-2.38,0.00
7880.00,-228711920.73,-894403.64,0.00,-601.85,-2.38,0.00
7890.00,-229314163.64,-896789.31,0.00,-602.64,-2.39,0.00
7900.00,-229917199.38,-899178.17,0.00,-603.43,-2.39,0.00
7910.00,-230521027.95,-901570.21,0.00,-604.22,-2.39,0.00
7920.00,-231125649.34,-903965.43,0.00,-605.02,-2.40,0.00
7930.00,-231731063.56,-906363.84,0.00,-605.81,-2.40,0.00
7940.00,-232337270.61,-908765.42,0.00,-606.60,-2.40,0.00
7950.00,-232944270.48,-911170.19,0.00,-607.40,-2.41,0.00
7960.00,-233552063.18,-913578.13,0.00,-608.19,-2.41,0.00
7970.00,-234160648.71,-915989.26,0.00,-608.98,-2.41,0.00
7980.00,-234770027.06,-918403.57,0.00,-609.77,-2.42,0.00
7990.00,-235380198.24,-920821.06,0.00,-610.57,-2.42,0.00
8000.00,-235991162.25,-923241.73,0.00,-611.36,-2.42,0.00
8010.00,-236602919.08,-925665.59,0.00,-612.15,-2.43,0.00
8020.00,-237215468.74,-928092.62,0.00,-612.95,-2.43,0.00
8030.00,-237828811.23,-930522.84,0.00,-613.74,-2.43,0.00
8040.00,-238442946.54,-932956.24,0.00,-614.53,-2.43,0.00
8050.00,-239057874.68,-935392.82,0.00,-615.32,-2.44,0.00
8060.00,-239673595.65,-937832.58,0.00,-616.12,-2.44,0.00
8070.00,-240290109.45,-940275.52,0.00,-616.91,-2.44,0.00
8080.00,-240907416.07,-942721.64,0.00,-617.70,-2.45,0.00
8090.00,-241525515.52,-945170.95,0.00,-618.50,-2.45,0.00
8100.00,-242144407.80,-947623.43,0.00,-619.29,-2.45,0.00
8110.00,-242764092.91,-950079.10,0.00,-620.08,-2.46,0.00
8120.00,-243384570.84,-952537.95,0.00,-620.87,-2.46,0.00
8130.00,-244005841.60,-954999.98,0.00,-621.67,-2.46,0.00
8140.00,-244627905.19,-957465.19,0.00,-622.46,-2.47,0.00
8150.00,-245250761.60,-959933.59,0.00,-623.25,-2.47,0.00
8160.00,-245874410.85,-962405.16,0.00,-624.05,-2.47,0.00
8170.00,-246498852.92,-964879.92,0.00,-624.84,-2.48,0.00
8180.00,-247124087.82,-967357.85,0.00,-625.63,-2.48,0.00
8190.00,-247750115.55,-969838.97,0.00,-626.42,-2.48,0.00
8200.00,-248376936.10,-972323.27,0.00,-627.22,-2.49,0.00
8210.00,-249004549.49,-974810.75,0.00,-628.01,-2.49,0.00
8220.00,-249632955.70,-977301.42,0.00,-628.80,-2.49,0.00
8230.00,-250262154.74,-979795.26,0.00,-629.60,-2.50,0.00
8240.00,-250892146.61,-982292.29,0.00,-630.39,-2.50,0.00
8250.00,-251522931.31,-984792.49,0.00,-631.18,-2.50,0.00
8260.00,-252154508.83,-987295.88,0.00,-631.97,-2.50,0.00
8270.00,-252786879.19,-989802.45,0.00,-632.77,-2.51,0.00
8280.00,-253420042.37,-992312.20,0.00,-633.56,-2.51,0.00
8290.00,-254053998.38,-994825.14,0.00,-634.35,-2.51,0.00
8300.00,-254688747.22,-997341.25,0.00,-635.14,-2.52,0.00
8310.00,-255324288.89,-999860.55,0.00,-635.94,-2.52,0.00
8320.00,-255960623.39,-1002383.02,0.00,-636.73,-2.52,0.00
8330.00,-256597750.71,-1004908.68,0.00,-637.52,-2.53,0.00
8340.00,-257235670.87,-1007437.52,0.00,-638.32,-2.53,0.00
8350.00,-257874383.85,-1009969.54,0.00,-639.11,-2.53,0.00
8360.00,-258513889.67,-1012504.75,0.00,-639.90,-2.54,0.00
8370.00,-259154188.31,-1015043.13,0.00,-640.69,-2.54,0.00
8380.00,-259795279.78,-1017584.69,0.00,-641.49,-2.54,0.00
8390.00,-260437164.08,-1020129.44,0.00,-642.28,-2.55,0.00
8400.00,-261079841.21,-1022677.37,0.00,-643.07,-2.55,0.00
8410.00,-261723311.17,-1025228.48,0.00,-643.87,-2.55,0.00
8420.00,-262367573.95,-1027782.77,0.00,-644.66,-2.56,0.00
8430.00,-263012629.57,-1030340.24,0.00,-645.45,-2.56,0.00
8440.00,-263658478.02,-1032900.90,0.00,-646.24,-2.56,0.00
8450.00,-264305119.29,-1035464.73,0.00,-647.04,-2.57,0.00
8460.00,-264952553.40,-1038031.75,0.00,-647.83,-2.57,0.00
8470.00,-265600780.33,-1040601.95,0.00,-648.62,-2.57,0.00
8480.00,-266249800.10,-1043175.32,0.00,-649.42,-2.57,0.00
8490.00,-266899612.69,-1045751.88,0.00,-650.21,-2.58,0.00
8500.00,-267550218.12,-1048331.63,0.00,-651.00,-2.58,0.00
8510.00,-268201616.37,-1050914.55,0.00,-651.79,-2.58,0.00
8520.00,-268853807.45,-1053500.66,0.00,-652.59,-2.59,0.00
8530.00,-269506791.37,-1056089.94,0.00,-653.38,-2.59,0.00
8540.00,-270160568.11,-1058682.41,0.00,-654.17,-2.59,0.00
8550.00,-270815137.68,-1061278.06,0.00,-654.97,-2.60,0.00
8560.00,-271470500.09,-1063876.89,0.00,-655.76,-2.60,0.00
8570.00,-272126655.32,-1066478.90,0.00,-656.55,-2.60,0.00
8580.00,-272783603.38,-1069084.09,0.00,-657.34,-2.61,0.00
8590.00,-273441344.28,-1071692.47,0.00,-658.14,-2.61,0.00
8600.00,-274099878.00,-1074304.02,0.00,-658.93,-2.61,0.00
8610.00,-274759204.55,-1076918.76,0.00,-659.72,-2.62,0.00
8620.00,-275419323.94,-1079536.68,0.00,-660.52,-2.62,0.00
8630.00,-276080236.15,-1082157.78,0.00,-661.31,-2.62,0.00
8640.00,-276741941.20,-1084782.06,0.00,-662.10,-2.63,0.00
8650.00,-277404439.07,-1087409.53,0.00,-662.89,-2.63,0.00
8660.00,-278067729.78,-1090040.17,0.00,-663.69,-2.63,0.00
8670.00,-278731813.31,-1092674.00,0.00,-664.48,-2.64,0.00
8680.00,-279396689.68,-1095311.00,0.00,-665.27,-2.64,0.00
8690.00,-280062358.88,-1097951.19,0.00,-666.07,-2.64,0.00
8700.00,-280728820.90,-1100594.56,0.00,-666.86,-2.64,0.00
8710.00,-281396075.76,-1103241.11,0.00,-667.65,-2.65,0.00
8720.00,-282064123.45,-1105890.85,0.00,-668.44,-2.65,0.00
8730.00,-282732963.97,-1108543.76,0.00,-669.24,-2.65,0.00
8740.00,-283402597.32,-1111199.86,0.00,-670.03,-2.66,0.00
8750.00,-284073023.51,-1113859.13,0.00,-670.82,-2.66,0.00
8760.00,-284744242.52,-1116521.59,0.00,-671.62,-2.66,0.00
8770.00,-285416254.36,-1119187.23,0.00,-672.41,-2.67,0.00
8780.00,-286089059.04,-1121856.05,0.00,-673.20,-2.67,0.00
8790.00,-286762656.54,-1124528.06,0.00,-673.99,-2.67,0.00
8800.00,-287437046.88,-1127203.24,0.00,-674.79,-2.68,0.00
8810.00,-288112230.05,-1129881.61,0.00,-675.58,-2.68,0.00
8820.00,-288788206.05,-1132563.15,0.00,-676.37,-2.68,0.00
8830.00,-289464974.88,-1135247.88,0.00,-677.16,-2.69,0.00
8840.00,-290142536.54,-1137935.79,0.00,-677.96,-2.69,0.00
8850.00,-290820891.03,-1140626.88,0.00,-678.75,-2.69,0.00
8860.00,-291500038.36,-1143321.15,0.00,-679.54,-2.70,0.00
8870.00,-292179978.51,-1146018.61,0.00,-680.34,-2.70,0.00
8880.00,-292860711.50,-1148719.24,0.00,-681.13,-2.70,0.00
8890.00,-293542237.32,-1151423.06,0.00,-681.92,-2.71,0.00
8900.00,-294224555.97,-1154130.06,0.00,-682.71,-2.71,0.00
8910.00,-294907667.45,-1156840.24,0.00,-683.51,-2.71,0.00
8920.00,-295591571.76,-1159553.60,0.00,-684.30,-2.71,0.00
8930.00,-296276268.91,-1162270.14,0.00,-685.09,-2.72,0.00
8940.00,-296961758.89,-1164989.86,0.00,-685.89,-2.72,0.00
8950.00,-297648041.69,-1167712.77,0.00,-686.68,-2.72,0.00
8960.00,-298335117.33,-1170438.86,0.00,-687.47,-2.73,0.00
8970.00,-299022985.81,-1173168.12,0.00,-688.26,-2.73,0.00
8980.00,-299711647.11,-1175900.57,0.00,-689.06,-2.73,0.00
8990.00,-300401101.25,-1178636.20,0.00,-689.85,-2.74,0.00
9000.00,-301091348.21,-1181375.02,0.00,-690.64,-2.74,0.00
9010.00,-301782388.01,-1184117.01,0.00,-691.44,-2.74,0.00
9020.00,-302474220.65,-1186862.19,0.00,-692.23,-2.75,0.00
9030.00,-303166846.11,-1189610.54,0.00,-693.02,-2.75,0.00
9040.00,-303860264.40,-1192362.08,0.00,-693.81,-2.75,0.00
9050.00,-304554475.53,-1195116.80,0.00,-694.61,-2.76,0.00
9060.00,-305249479.49,-1197874.70,0.00,-695.40,-2.76,0.00
9070.00,-305945276.29,-1200635.78,0.00,-696.19,-2.76,0.00
9080.00,-306641865.91,-1203400.04,0.00,-696.99,-2.77,0.00
9090.00,-307339248.37,-1206167.49,0.00,-697.78,-2.77,0.00
9100.00,-308037423.66,-1208938.12,0.00,-698.57,-2.77,0.00
9110.00,-308736391.78,-1211711.92,0.00,-699.36,-2.78,0.00
9120.00,-309436152.73,-1214488.91,0.00,-700.16,-2.78,0.00
9130.00,-310136706.52,-1217269.08,0.00,-700.95,-2.78,0.00
9140.00,-310838053.14,-1220052.44,0.00,-701.74,-2.78,0.00
9150.00,-311540192.59,-1222838.97,0.00,-702.54,-2.79,0.00
9160.00,-312243124.87,-1225628.68,0.00,-703.33,-2.79,0.00
9170.00,-312946849.99,-1228421.58,0.00,-704.12,-2.79,0.00
9180.00,-313651367.94,-1231217.66,0.00,-704.91,-2.80,0.00
9190.00,-314356678.72,-1234016.92,0.00,-705.71,-2.80,0.00
9200.00,-315062782.33,-1236819.36,0.00,-706.50,-2.80,0.00
9210.00,-315769678.78,-1239624.98,0.00,-707.29,-2.81,0.00
9220.00,-316477368.06,-1242433.78,0.00,-708.09,-2.81,0.00
9230.00,-317185850.17,-1245245.77,0.00,-708.88,-2.81,0.00
9240.00,-317895125.12,-1248060.93,0.00,-709.67,-2.82,0.00
9250.00,-318605192.90,-1250879.28,0.00,-710.46,-2.82,0.00
9260.00,-319316053.51,-1253700.81,0.00,-711.26,-2.82,0.00
9270.00,-320027706.95,-1256525.52,0.00,-712.05,-2.83,0.00
9280.00,-320740153.23,-1259353.41,0.00,-712.84,-2.83,0.00
9290.00,-321453392.34,-1262184.48,0.00,-713.64,-2.83,0.00
9300.00,-322167424.28,-1265018.74,0.00,-714.43,-2.84,0.00
9310.00,-322882249.06,-1267856.17,0.00,-715.22,-2.84,0.00
9320.00,-323597866.67,-1270696.79,0.00,-716.01,-2.84,0.00
9330.00,-324314277.11,-1273540.59,0.00,-716.81,-2.85,0.00
9340.00,-325031480.39,-1276387.57,0.00,-717.60,-2.85,0.00
9350.00,-325749476.50,-1279237.73,0.00,-718.39,-2.85,0.00
9360.00,-326468265.44,-1282091.07,0.00,-719.18,-2.85,0.00
9370.00,-327187847.21,-1284947.60,0.00,-719.98,-2.86,0.00
9380.00,-327908221.82,-1287807.31,0.00,-720.77,-2.86,0.00
9390.00,-328629389.26,-1290670.19,0.00,-721.56,-2.86,0.00
9400.00,-329351349.54,-1293536.26,0.00,-722.36,-2.87,0.00
9410.00,-330074102.65,-1296405.51,0.00,-723.15,-2.87,0.00
9420.00,-330797648.59,-1299277.94,0.00,-723.94,-2.87,0.00
9430.00,-331521987.37,-1302153.56,0.00,-724.73,-2.88,0.00
9440.00,-332247118.98,-1305032.35,0.00,-725.53,-2.88,0.00
9450.00,-332973043.42,-1307914.33,0.00,-726.32,-2.88,0.00
9460.00,-333699760.70,-1310799.48,0.00,-727.11,-2.89,0.00
9470.00,-334427270.81,-1313687.82,0.00,-727.91,-2.89,0.00
9480.00,-335155573.75,-1316579.34,0.00,-728.70,-2.89,0.00
9490.00,-335884669.53,-1319474.04,0.00,-729.49,-2.90,0.00
9500.00,-336614558.14,-1322371.93,0.00,-730.28,-2.90,0.00
9510.00,-337345239.58,-1325272.99,0.00,-731.08,-2.90,0.00
9520.00,-338076713.86,-1328177.24,0.00,-731.87,-2.91,0.00
9530.00,-338808980.97,-1331084.66,0.00,-732.66,-2.91,0.00
9540.00,-339542040.92,-1333995.27,0.00,-733.46,-2.91,0.00
9550.00,-340275893.70,-1336909.06,0.00,-734.25,-2.92,0.00
9560.00,-341010539.31,-1339826.03,0.00,-735.04,-2.92,0.00
9570.00,-341745977.76,-1342746.18,0.00,-735.83,-2.92,0.00
9580.00,-342482209.04,-1345669.52,0.00,-736.63,-2.92,0.00
9590.00,-343219233.16,-1348596.03,0.00,-737.42,-2.93,0.00
9600.00,-343957050.11,-1351525.73,0.00,-738.21,-2.93,0.00
9610.00,-344695659.89,-1354458.61,0.00,-739.01,-2.93,0.00
9620.00,-345435062.51,-1357394.67,0.00,-739.80,-2.94,0.00
9630.00,-346175257.96,-1360333.91,0.00,-740.59,-2.94,0.00
9640.00,-346916246.25,-1363276.33,0.00,-741.38,-2.94,0.00
9650.00,-347658027.37,-1366221.94,0.00,-742.18,-2.95,0.00
9660.00,-348400601.33,-1369170.72,0.00,-742.97,-2.95,0.00
9670.00,-349143968.12,-1372122.69,0.00,-743.76,-2.95,0.00
9680.00,-349888127.74,-1375077.84,0.00,-744.56,-2.96,0.00
9690.00,-350633080.20,-1378036.17,0.00,-745.35,-2.96,0.00
9700.00,-351378825.49,-1380997.68,0.00,-746.14,-2.96,0.00
9710.00,-352125363.61,-1383962.37,0.00,-746.93,-2.97,0.00
9720.00,-352872694.57,-1386930.25,0.00,-747.73,-2.97,0.00
9730.00,-353620818.37,-1389901.30,0.00,-748.52,-2.97,0.00
9740.00,-354369735.00,-1392875.54,0.00,-749.31,-2.98,0.00
9750.00,-355119444.46,-1395852.96,0.00,-750.11,-2.98,0.00
9760.00,-355869946.76,-1398833.56,0.00,-750.90,-2.98,0.00
9770.00,-356621241.89,-1401817.34,0.00,-751.69,-2.99,0.00
9780.00,-357373329.86,-1404804.30,0.00,-752.48,-2.99,0.00
9790.00,-358126210.66,-1407794.44,0.00,-753.28,-2.99,0.00
9800.00,-358879884.30,-1410787.77,0.00,-754.07,-2.99,0.00
9810.00,-359634350.77,-1413784.27,0.00,-754.86,-3.00,0.00
9820.00,-360389610.08,-1416783.96,0.00,-755.66,-3.00,0.00
9830.00,-361145662.22,-1419786.83,0.00,-756.45,-3.00,0.00
9840.00,-361902507.19,-1422792.88,0.00,-757.24,-3.01,0.00
9850.00,-362660145.00,-1425802.12,0.00,-758.03,-3.01,0.00
9860.00,-363418575.65,-1428814.53,0.00,-758.83,-3.01,0.00
9870.00,-364177799.13,-1431830.12,0.00,-759.62,-3.02,0.00
9880.00,-364937815.44,-1434848.90,0.00,-760.41,-3.02,0.00
9890.00,-365698624.59,-1437870.86,0.00,-761.21,-3.02,0.00
9900.00,-366460226.57,-1440896.00,0.00,-762.00,-3.03,0.00
9910.00,-367222621.39,-1443924.32,0.00,-762.79,-3.03,0.00
9920.00,-367985809.05,-1446955.82,0.00,-763.58,-3.03,0.00
9930.00,-368749789.54,-1449990.51,0.00,-764.38,-3.04,0.00
9940.00,-369514562.86,-1453028.37,0.00,-765.17,-3.04,0.00
9950.00,-370280129.02,-1456069.42,0.00,-765.96,-3.04,0.00
9960.00,-371046488.01,-1459113.65,0.00,-766.76,-3.05,0.00
9970.00,-371813639.84,-1462161.06,0.00,-767.55,-3.05,0.00
9980.00,-372581584.51,-1465211.65,0.00,-768.34,-3.05,0.00
9990.00,-373350322.00,-1468265.42,0.00,-769.13,-3.06,0.00
