0.00,17754965414.21,-106497917214.66,-2541783011.53,34249.29,5983.58,0.01
50000.00,19465018750.40,-106184738168.23,-2541448231.16,34151.24,6543.90,13.40
100000.00,21169943695.31,-105843580365.67,-2540443806.58,34044.15,7102.71,26.79
150000.00,22869288817.60,-105474522706.48,-2538769738.57,33928.04,7659.87,40.18
200000.00,24562603725.25,-105077651158.31,-2536426195.99,33802.93,8215.24,53.57
250000.00,26249439169.36,-104653058749.35,-2533413516.08,33668.86,8768.68,66.95
300000.00,27929347148.04,-104200845559.32,-2529732204.65,33525.83,9320.04,80.32
350000.00,29601881010.52,-103721118709.25,-2525382936.26,33373.89,9869.20,93.67
400000.00,31266595561.41,-103213992349.89,-2520366554.39,33213.05,10416.00,107.00
450000.00,32923047165.17,-102679587648.81,-2514684071.56,33043.37,10960.31,120.31
500000.00,34570793850.63,-102118032776.17,-2508336669.43,32864.86,11501.98,133.60
550000.00,36209395415.71,-101529462889.09,-2501325698.85,32677.56,12040.88,146.85
600000.00,37838413532.32,-100914020114.73,-2493652679.89,32481.52,12576.87,160.08
650000.00,39457411851.24,-100271853531.91,-2485319301.87,32276.77,13109.81,173.27
700000.00,41065956107.26,-99603119151.39,-2476327423.32,32063.35,13639.55,186.42
750000.00,42663614224.29,-98907979894.69,-2466679071.88,31841.32,14165.98,199.52
800000.00,44249956420.63,-98186605571.57,-2456376444.26,31610.71,14688.93,212.59
850000.00,45824555314.28,-97439172855.98,-2445421906.06,31371.59,15208.28,225.60
900000.00,47386986028.30,-96665865260.62,-2433817991.66,31123.99,15723.90,238.56
950000.00,48936826296.23,-95866873109.99,-2421567403.99,30867.97,16235.64,251.47
1000000.00,50473656567.53,-95042393512.01,-2408673014.28,30603.59,16743.37,264.31
1050000.00,51997060113.02,-94192630328.11,-2395137861.84,30330.90,17246.96,277.10
1100000.00,53506623130.33,-93317794141.81,-2380965153.75,30049.97,17746.26,289.81
1150000.00,55001934849.30,-92418102225.78,-2366158264.49,29760.85,18241.16,302.46
1200000.00,56482587637.39,-91493778507.39,-2350720735.61,29463.61,18731.51,315.04
1250000.00,57948177104.99,-90545053532.65,-2334656275.28,29158.32,19217.18,327.54
1300000.00,59398302210.66,-89572164428.59,-2317968757.90,28845.04,19698.05,339.96
1350000.00,60832565366.30,-88575354864.15,-2300662223.55,28523.85,20173.98,352.30
1400000.00,62250572542.15,-87554875009.30,-2282740877.52,28194.81,20644.83,364.55
1450000.00,63651933371.72,-86510981492.70,-2264209089.74,27858.00,21110.50,376.72
1500000.00,65036261256.53,-85443937357.67,-2245071394.16,27513.50,21570.83,388.79
1550000.00,66403173470.62,-84354012016.49,-2225332488.16,27161.38,22025.72,400.76
1600000.00,67752291264.96,-83241481203.08,-2204997231.83,26801.73,22475.02,412.64
1650000.00,69083239971.54,-82106626924.04,-2184070647.27,26434.62,22918.63,424.42
1700000.00,70395649107.23,-80949737407.90,-2162557917.84,26060.15,23356.41,436.09
1750000.00,71689152477.41,-79771107052.78,-2140464387.38,25678.40,23788.24,447.65
1800000.00,72963388279.22,-78571036372.29,-2117795559.33,25289.45,24213.99,459.10
1850000.00,74217999204.52,-77349831939.69,-2094557095.90,24893.41,24633.56,470.43
1900000.00,75452632542.50,-76107806330.37,-2070754817.12,24490.36,25046.82,481.65
1950000.00,76666940281.89,-74845278062.50,-2046394699.87,24080.40,25453.64,492.75
2000000.00,77860579212.72,-73562571535.97,-2021482876.94,23663.62,25853.92,503.72
2050000.00,79033211027.68,-72260016969.58,-1996025635.88,23240.12,26247.54,514.56
2100000.00,80184502423.01,-70937950336.36,-1970029418.01,22810.01,26634.38,525.28
2150000.00,81314125198.78,-69596713297.18,-1943500817.22,22373.39,27014.33,535.86
2200000.00,82421756358.81,-68236653132.52,-1916446578.82,21930.36,27387.28,546.30
2250000.00,83507078209.80,-66858122672.43,-1888873598.31,21481.03,27753.11,556.61
2300000.00,84569778460.02,-65461480224.63,-1860788920.10,21025.51,28111.73,566.77
2350000.00,85609550317.30,-64047089500.86,-1832199736.24,20563.90,28463.02,576.79
2400000.00,86626092586.29,-62615319541.30,-1803113385.01,20096.33,28806.87,586.65
2450000.00,87619109765.09,-61166544637.21,-1773537349.55,19622.91,29143.19,596.37
2500000.00,88588312141.07,-59701144251.70,-1743479256.40,19143.76,29471.87,605.94
2550000.00,89533415885.93,-58219502938.58,-1712946873.99,18658.98,29792.81,615.34
2600000.00,90454143149.89,-56722010259.48,-1681948111.14,18168.71,30105.90,624.59
2650000.00,91350222155.09,-55209060698.96,-1650491015.42,17673.07,30411.06,633.68
2700000.00,92221387288.03,-53681053577.81,-1618583771.54,17172.17,30708.18,642.60
2750000.00,93067379191.02,-52138392964.53,-1586234699.68,16666.15,30997.17,651.35
2800000.00,93887944852.76,-50581487584.82,-1553452253.71,16155.14,31277.95,659.93
2850000.00,94682837697.78,-49010750729.32,-1520245019.49,15639.26,31550.41,668.34
2900000.00,95451817674.87,-47426600159.35,-1486621712.96,15118.64,31814.47,676.57
2950000.00,96194651344.38,-45829458010.88,-1452591178.30,14593.42,32070.05,684.63
3000000.00,96911111964.36,-44219750696.58,-1418162386.04,14063.74,32317.06,692.50
3050000.00,97600979575.47,-42597908805.99,-1383344431.05,13529.72,32555.41,700.19
3100000.00,98264041084.74,-40964367003.87,-1348146530.50,12991.51,32785.03,707.70
3150000.00,98900090347.89,-39319563926.68,-1312578021.87,12449.25,33005.84,715.02
3200000.00,99508928250.47,-37663942077.13,-1276648360.76,11903.08,33217.76,722.14
3250000.00,100090362787.50,-35997947717.06,-1240367118.76,11353.14,33420.72,729.08
3300000.00,100644209141.73,-34322030758.29,-1203743981.23,10799.57,33614.64,735.82
3350000.00,101170289760.43,-32636644651.79,-1166788745.05,10242.53,33799.46,742.36
3400000.00,101668434430.65,-30942246274.95,-1129511316.29,9682.16,33975.11,748.71
3450000.00,102138480352.89,-29239295817.13,-1091921707.87,9118.60,34141.53,754.85
3500000.00,102580272213.21,-27528256663.34,-1054030037.17,8552.01,34298.64,760.79
3550000.00,102993662253.60,-25809595276.24,-1015846523.53,7982.55,34446.40,766.52
3600000.00,103378510340.66,-24083781076.29,-977381485.80,7410.36,34584.74,772.05
3650000.00,103734684032.61,-22351286320.27,-938645339.77,6835.60,34713.60,777.37
3700000.00,104062058644.33,-20612585977.98,-899648595.57,6258.42,34832.94,782.47
3750000.00,104360517310.65,-18868157607.37,-860401855.03,5678.98,34942.70,787.37
3800000.00,104629951047.76,-17118481227.86,-820915809.03,5097.45,35042.84,792.04
3850000.00,104870258812.53,-15364039192.12,-781201234.69,4513.97,35133.31,796.51
3900000.00,105081347559.97,-13605316056.20,-741268992.69,3928.71,35214.07,800.75
3950000.00,105263132298.58,-11842798448.06,-701130024.34,3341.83,35285.08,804.78
4000000.00,105415536143.55,-10076974934.51,-660795348.79,2753.50,35346.29,808.58
4050000.00,105538490367.93,-8308335886.65,-620276060.09,2163.88,35397.68,812.16
4100000.00,105631934451.49,-6537373343.84,-579583324.22,1573.12,35439.22,815.52
4150000.00,105695816127.38,-4764580876.09,-538728376.09,981.41,35470.86,818.65
4200000.00,105730091426.55,-2990453445.11,-497722516.54,388.89,35492.60,821.55
4250000.00,105734724719.75,-1215487263.95,-456577109.19,-204.25,35504.40,824.23
4300000.00,105709688757.16,559820344.75,-415303577.37,-797.85,35506.24,826.68
4350000.00,105654964705.70,2334971091.85,-373913400.90,-1391.74,35498.11,828.89
4400000.00,105570542183.67,4109465866.02,-332418112.93,-1985.76,35479.99,830.88
4450000.00,105456419293.07,5882804879.31,-290829296.68,-2579.73,35451.87,832.63
4500000.00,105312602649.22,7654487813.96,-249158582.14,-3173.48,35413.74,834.16
4550000.00,105139107407.84,9424013970.32,-207417642.78,-3766.84,35365.59,835.44
4600000.00,104935957289.45,11190882415.83,-165618192.15,-4359.65,35307.42,836.50
4650000.00,104703184601.11,12954592135.15,-123771980.53,-4951.72,35239.23,837.31
4700000.00,104440830255.40,14714642181.20,-81890791.48,-5542.88,35161.02,837.90
4750000.00,104148943786.61,16470531827.21,-39986438.38,-6132.97,35072.81,838.24
4800000.00,103827583364.23,18221760719.63,1929239.04,-6721.81,34974.59,838.35
4850000.00,103476815803.40,19967829031.92,43844378.24,-7309.23,34866.37,838.22
4900000.00,103096716572.71,21708237619.05,85747097.45,-7895.05,34748.19,837.85
4950000.00,102687369798.84,23442488172.83,127625499.20,-8479.10,34620.05,837.25
5000000.00,102248868268.44,25170083377.83,169467673.96,-9061.21,34481.97,836.40
5050000.00,101781313426.93,26890527067.95,211261703.75,-9641.20,34333.98,835.32
5100000.00,101284815374.27,28603324383.49,252995665.86,-10218.90,34176.11,834.00
5150000.00,100759492857.74,30307981928.74,294657636.45,-10794.15,34008.39,832.44
5200000.00,100205473261.58,32004007929.99,336235694.33,-11366.76,33830.84,830.64
5250000.00,99622892593.58,33690912393.86,377717924.63,-11936.56,33643.52,828.61
5300000.00,99011895468.51,35368207265.93,419092422.59,-12503.38,33446.46,826.33
5350000.00,98372635088.39,37035406589.59,460347297.28,-13067.06,33239.70,823.82
5400000.00,97705273219.58,38692026665.03,501470675.44,-13627.41,33023.29,821.07
5450000.00,97009980166.71,40337586208.27,542450705.21,-14184.27,32797.27,818.09
5500000.00,96286934743.37,41971606510.29,583275559.97,-14737.47,32561.72,814.86
5550000.00,95536324239.54,43593611595.96,623933442.16,-15286.84,32316.67,811.41
5600000.00,94758344385.80,45203128382.92,664412587.11,-15832.22,32062.18,807.72
5650000.00,93953199314.29,46799686840.20,704701266.84,-16373.42,31798.33,803.79
5700000.00,93121101516.37,48382820146.57,744787793.98,-16910.29,31525.18,799.63
5750000.00,92262271796.99,49952064848.48,784660525.53,-17442.67,31242.79,795.24
5800000.00,91376939225.84,51506961017.59,824307866.78,-17970.37,30951.24,790.61
5850000.00,90465341085.08,53047052407.76,863718275.12,-18493.26,30650.60,785.76
5900000.00,89527722813.90,54571886611.42,902880263.90,-19011.15,30340.96,780.68
5950000.00,88564337949.71,56081015215.26,941782406.31,-19523.89,30022.39,775.37
6000000.00,87575448066.03,57573993955.19,980413339.18,-20031.32,29694.97,769.83
6050000.00,86561322707.13,59050382870.42,1018761766.82,-20533.27,29358.80,764.07
6100000.00,85522239319.34,60509746456.62,1056816464.91,-21029.61,29013.96,758.08
6150000.00,84458483179.10,61951653818.07,1094566284.25,-21520.15,28660.56,751.87
6200000.00,83370347317.74,63375678818.76,1132000154.59,-22004.76,28298.68,745.44
6250000.00,82258132442.99,64781400232.27,1169107088.44,-22483.28,27928.42,738.79
6300000.00,81122146857.26,66168401890.46,1205876184.84,-22955.56,27549.90,731.93
6350000.00,79962706372.69,67536272830.77,1242296633.12,-23421.45,27163.20,724.85
6400000.00,78780134222.99,68884607442.17,1278357716.63,-23880.80,26768.45,717.55
6450000.00,77574760972.12,70213005609.56,1314048816.47,-24333.46,26365.76,710.05
6500000.00,76346924419.79,71521072856.65,1349359415.20,-24779.30,25955.23,702.33
6550000.00,75096969503.81,72808420487.17,1384279100.46,-25218.16,25536.98,694.41
6600000.00,73825248199.40,74074665724.33,1418797568.69,-25649.92,25111.14,686.28
6650000.00,72532119415.34,75319431848.50,1452904628.67,-26074.43,24677.83,677.96
6700000.00,71217948887.17,76542348332.98,1486590205.15,-26491.56,24237.17,669.43
6750000.00,69883109067.36,77743050977.82,1519844342.35,-26901.18,23789.29,660.70
6800000.00,68527979012.45,78921182041.58,1552657207.53,-27303.14,23334.32,651.78
6850000.00,67152944267.40,80076390370.96,1585019094.43,-27697.33,22872.40,642.66
6900000.00,65758396746.92,81208331528.28,1616920426.70,-28083.63,22403.65,633.35
6950000.00,64344734614.12,82316667916.65,1648351761.33,-28461.89,21928.22,623.86
7000000.00,62912362156.22,83401068902.77,1679303791.95,-28832.01,21446.25,614.18
7050000.00,61461689657.62,84461210937.39,1709767352.20,-29193.86,20957.88,604.32
7100000.00,59993133270.30,85496777673.21,1739733418.92,-29547.34,20463.26,594.28
7150000.00,58507114881.53,86507460080.28,1769193115.43,-29892.32,19962.53,584.07
7200000.00,57004061979.02,87492956558.70,1798137714.63,-30228.69,19455.84,573.68
7250000.00,55484407513.62,88452973048.71,1826558642.15,-30556.35,18943.35,563.12
7300000.00,53948589759.53,89387223137.96,1854447479.39,-30875.20,18425.21,552.40
7350000.00,52397052172.07,90295428165.99,1881795966.52,-31185.12,17901.57,541.51
7400000.00,50830243243.20,91177317325.80,1908596005.42,-31486.03,17372.59,530.46
7450000.00,49248616354.78,92032627762.51,1934839662.55,-31777.81,16838.44,519.25
7500000.00,47652629629.58,92861104668.94,1960519171.81,-32060.39,16299.27,507.89
7550000.00,46042745780.24,93662501378.25,1985626937.26,-32333.68,15755.26,496.38
7600000.00,44419431956.14,94436579453.34,2010155535.81,-32597.57,15206.55,484.73
7650000.00,42783159588.31,95183108773.18,2034097719.91,-32851.99,14653.33,472.93
7700000.00,41134404232.47,95901867615.82,2057446420.03,-33096.87,14095.76,460.99
7750000.00,39473645410.21,96592642738.23,2080194747.23,-33332.11,13534.00,448.91
7800000.00,37801366448.43,97255229452.74,2102335995.53,-33557.65,12968.24,436.70
7850000.00,36118054317.15,97889431700.22,2123863644.29,-33773.42,12398.65,424.37
7900000.00,34424199465.74,98495062119.72,2144771360.48,-33979.34,11825.40,411.91
7950000.00,32720295657.57,99071942114.80,2165053000.92,-34175.35,11248.66,399.33
8000000.00,31006839803.40,99619901916.30,2184702614.35,-34361.40,10668.62,386.63
8050000.00,29284331793.27,100138780641.61,2203714443.55,-34537.42,10085.44,373.81
8100000.00,27553274327.26,100628426350.43,2222082927.29,-34703.36,9499.32,360.89
8150000.00,25814172745.05,101088696096.91,2239802702.23,-34859.17,8910.43,347.87
8200000.00,24067534854.40,101519455978.18,2256868604.75,-35004.79,8318.96,334.74
8250000.00,22313870758.68,101920581179.30,2273275672.71,-35140.20,7725.07,321.51
8300000.00,20553692683.50,102291956014.49,2289019147.06,-35265.34,7128.97,308.20
8350000.00,18787514802.48,102633473964.74,2304094473.48,-35380.17,6530.83,294.79
8400000.00,17015853062.39,102945037711.73,2318497303.85,-35484.68,5930.83,281.30
8450000.00,15239225007.59,103226559167.98,2332223497.65,-35578.81,5329.16,267.72
8500000.00,13458149604.01,103477959503.34,2345269123.33,-35662.55,4726.01,254.07
8550000.00,11673147062.62,103699169167.76,2357630459.52,-35735.88,4121.57,240.35
8600000.00,9884738662.58,103890127910.30,2369303996.21,-35798.78,3516.01,226.56
8650000.00,8093446574.13,104050784794.39,2380286435.80,-35851.22,2909.52,212.71
8700000.00,6299793681.32,104181098209.36,2390574694.14,-35893.20,2302.30,198.80
8750000.00,4504303404.62,104281035878.29,2400165901.38,-35924.70,1694.52,184.83
8800000.00,2707499523.61,104350574862.01,2409057402.83,-35945.73,1086.38,170.81
8850000.00,909905999.69,104389701559.45,2417246759.64,-35956.28,478.06,156.74
8900000.00,-887953200.94,104398411704.30,2424731749.52,-35956.35,-130.25,142.64
8950000.00,-2685554284.06,104376710357.84,2431510367.19,-35945.94,-738.37,128.49
9000000.00,-4482373803.83,104324611898.22,2437580824.95,-35925.07,-1346.10,114.31
9050000.00,-6277888838.71,104242140005.94,2442941553.01,-35893.75,-1953.27,100.10
9100000.00,-8071577166.87,104129327645.76,2447591199.77,-35852.00,-2559.69,85.87
9150000.00,-9862917440.92,103986217044.92,2451528632.08,-35799.83,-3165.17,71.61
9200000.00,-11651389361.97,103812859667.76,2454752935.31,-35737.26,-3769.53,57.34
9250000.00,-13436473852.78,103609316186.77,2457263413.40,-35664.32,-4372.58,43.06
9300000.00,-15217653230.19,103375656450.08,2459059588.82,-35581.05,-4974.15,28.77
9350000.00,-16994411376.37,103111959445.35,2460141202.40,-35487.47,-5574.04,14.48
9400000.00,-18766233909.18,102818313260.32,2460508213.15,-35383.62,-6172.08,0.19
9450000.00,-20532608351.29,102494815039.74,2460160797.90,-35269.54,-6768.09,-14.10
9500000.00,-22293024298.13,102141570938.96,2459099350.94,-35145.28,-7361.88,-28.37
9550000.00,-24046973584.53,101758696074.17,2457324483.52,-35010.87,-7953.29,-42.63
9600000.00,-25793950449.95,101346314469.21,2454837023.30,-34866.38,-8542.12,-56.88
9650000.00,-27533451702.34,100904558999.15,2451638013.72,-34711.85,-9128.21,-71.09
9700000.00,-29264976880.38,100433571330.60,2447728713.22,-34547.34,-9711.38,-85.29
9750000.00,-30988028414.20,99933501858.85,2443110594.48,-34372.90,-10291.45,-99.45
9800000.00,-32702111784.41,99404509641.78,2437785343.53,-34188.61,-10868.26,-113.57
9850000.00,-34406735679.36,98846762330.73,2431754858.74,-33994.52,-11441.62,-127.66
9900000.00,-36101412150.63,98260436098.34,2425021249.83,-33790.72,-12011.38,-141.70
9950000.00,-37785656766.67,97645715563.30,2417586836.69,-33577.25,-12577.36,-155.69
