0.00,626035468421.87,-384469737788.99,-19024589697.22,6073.94,14515.42,0.15
200000.00,627253490299.73,-381564528739.79,-19021668110.82,6106.41,14536.48,29.27
400000.00,628477886398.55,-378655347774.30,-19012976477.11,6137.66,14555.13,57.84
600000.00,629708410140.80,-375742668452.59,-18998626181.76,6167.66,14571.45,85.85
800000.00,630944807306.70,-372826946720.48,-18978730655.15,6196.38,14585.54,113.29
1000000.00,632186816986.34,-369908621178.35,-18953405034.09,6223.77,14597.48,140.14
1200000.00,633434172474.41,-366988113449.08,-18922765843.21,6249.82,14607.36,166.41
1400000.00,634686602134.83,-364065828588.50,-18886930678.53,6274.50,14615.25,192.10
1600000.00,635943830085.01,-361142155480.81,-18846017998.79,6297.78,14621.23,217.18
1800000.00,637205576970.37,-358217467203.98,-18800146852.87,6319.67,14625.39,241.67
2000000.00,638471560661.58,-355292121498.46,-18749436633.56,6340.14,14627.80,265.57
2200000.00,639741496871.74,-352366461213.73,-18694006876.31,6359.18,14628.53,288.86
2400000.00,641015099712.29,-349440814753.25,-18633977082.86,6376.79,14627.66,311.56
2600000.00,642292082240.27,-346515496489.51,-18569466548.34,6392.96,14625.25,333.67
2800000.00,643572156994.83,-343590807229.64,-18500594177.70,6407.70,14621.37,355.17
3000000.00,644855036465.81,-340667034689.53,-18427478332.55,6420.99,14616.08,376.09
3200000.00,646140433505.64,-337744453965.65,-18350236701.28,6432.86,14609.44,396.43
3400000.00,647428061671.56,-334823327955.72,-18268986209.98,6443.29,14601.53,416.18
3600000.00,648717635629.69,-331903907758.32,-18183842903.61,6452.30,14592.38,435.35
3800000.00,650008871541.71,-328986433175.19,-18094921807.61,6459.90,14582.07,453.95
4000000.00,651301487306.66,-326071133176.81,-18002336859.82,6466.09,14570.64,471.98
4200000.00,652595202789.49,-323158226275.47,-17906200865.13,6470.88,14558.14,489.46
4400000.00,653889740120.12,-320247920919.72,-17806625411.01,6474.29,14544.62,506.37
4600000.00,655184823947.64,-317340415969.35,-17703720779.38,6476.34,14530.13,522.74
4800000.00,656480181569.62,-314435901093.53,-17597595924.80,6477.02,14514.71,538.57
5000000.00,657775543122.61,-311534557114.14,-17488358438.98,6476.36,14498.42,553.87
5200000.00,659070641774.72,-308636556427.50,-17376114490.05,6474.38,14481.28,568.63
5400000.00,660365213826.38,-305742063388.65,-17260968801.30,6471.09,14463.34,582.88
5600000.00,661658998815.70,-302851234641.00,-17143024640.08,6466.50,14444.64,596.61
5800000.00,662951739649.97,-299964219467.92,-17022383791.26,6460.64,14425.20,609.84
6000000.00,664243182707.97,-297081160171.26,-16899146531.48,6453.51,14405.08,622.57
6200000.00,665533077872.25,-294202192424.94,-16773411626.78,6445.15,14384.29,634.82
6400000.00,666821178533.33,-291327445535.80,-16645276357.22,6435.56,14362.87,646.57
6600000.00,668107241684.63,-288457042710.79,-16514836515.16,6424.76,14340.84,657.86
6800000.00,669391028011.18,-285591101427.35,-16382186379.61,6412.78,14318.25,668.67
7000000.00,670672301869.26,-282729733767.53,-16247418724.01,6399.63,14295.11,679.03
7200000.00,671950831243.32,-279873046658.33,-16110624847.72,6385.33,14271.44,688.93
7400000.00,673226387744.74,-277021142094.19,-15971894600.26,6369.89,14247.28,698.39
7600000.00,674498746635.25,-274174117390.37,-15831316392.99,6353.34,14222.64,707.41
7800000.00,675767686837.71,-271332065465.18,-15688977207.29,6335.70,14197.55,716.00
8000000.00,677032990900.65,-268495075121.39,-15544962610.81,6316.98,14172.03,724.16
8200000.00,678294444908.58,-265663231262.30,-15399356793.88,6297.19,14146.09,731.91
8400000.00,679551838424.85,-262836615037.69,-15252242612.26,6276.36,14119.75,739.24
8600000.00,680804964501.06,-260015304048.44,-15103701607.74,6254.51,14093.03,746.17
8800000.00,682053619648.91,-257199372605.51,-14953814024.09,6231.65,14065.95,752.70
9000000.00,683297603754.55,-254388891943.64,-14802658838.43,6207.79,14038.52,758.84
9200000.00,684536719990.26,-251583930382.49,-14650313800.67,6182.96,14010.76,764.60
9400000.00,685770774746.50,-248784553477.59,-14496855471.00,6157.17,13982.68,769.97
9600000.00,686999577573.81,-245990824182.50,-14342359253.56,6130.43,13954.28,774.98
9800000.00,688222941117.79,-243202803018.72,-14186899429.33,6102.77,13925.59,779.61
