0.00,628665984251.81,-367111981238.00,-3092733102.61,8334.12,12686.05,-0.10
100000.00,629498902512.48,-365843491707.03,-3093127315.50,8323.97,12683.65,-7.99
200000.00,630330800553.44,-364575250830.42,-3094312308.96,8313.71,12681.07,-15.91
300000.00,631161666608.78,-363307277259.99,-3096291631.62,8303.33,12678.30,-23.88
400000.00,631991488811.60,-362039589722.35,-3099068825.23,8292.83,12675.34,-31.87
500000.00,632820255190.93,-360772207017.24,-3102647422.64,8282.21,12672.20,-39.91
600000.00,633647953670.90,-359505148017.95,-3107030948.17,8271.47,12668.87,-47.97
700000.00,634474572069.44,-358238431672.67,-3112222918.31,8260.61,12665.34,-56.08
800000.00,635300098095.91,-356972077007.22,-3118226842.87,8249.62,12661.63,-64.21
900000.00,636124519346.63,-355706103125.90,-3125046224.09,8238.51,12657.72,-72.39
1000000.00,636947823302.08,-354440529210.59,-3132684555.29,8227.27,12653.62,-80.59
1100000.00,637769997325.73,-353175374521.87,-3141145321.68,8215.91,12649.33,-88.83
1200000.00,638591028661.05,-351910658401.80,-3150432001.35,8204.41,12644.85,-97.11
1300000.00,639410904426.25,-350646400274.44,-3160548063.90,8192.79,12640.17,-105.42
1400000.00,640229611610.92,-349382619643.94,-3171496968.20,8181.04,12635.29,-113.77
1500000.00,641047137075.58,-348119336094.56,-3183282162.64,8169.15,12630.22,-122.15
1600000.00,641863467550.32,-346856569293.92,-3195907087.24,8157.13,12624.95,-130.56
1700000.00,642678589630.67,-345594338996.05,-3209375174.55,8144.98,12619.48,-139.01
1800000.00,643492489772.15,-344332665042.60,-3223689848.79,8132.69,12613.82,-147.50
1900000.00,644305154285.37,-343071567362.22,-3238854523.94,8120.26,12607.95,-156.01
2000000.00,645116569332.78,-341811065969.41,-3254872602.23,8107.70,12601.89,-164.57
2100000.00,645926720926.99,-340551180965.25,-3271747474.38,8094.99,12595.62,-173.15
2200000.00,646735594927.96,-339291932540.17,-3289482520.95,8082.14,12589.15,-181.77
2300000.00,647543177037.84,-338033340975.89,-3308081112.26,8069.15,12582.48,-190.42
2400000.00,648349452795.93,-336775426645.54,-3327546606.94,8056.01,12575.60,-199.11
2500000.00,649154407574.90,-335518210013.38,-3347882350.89,8042.73,12568.52,-207.83
2600000.00,649958026577.63,-334261711635.80,-3369091677.33,8029.29,12561.23,-216.58
2700000.00,650760294833.35,-333005952163.34,-3391177907.37,8015.71,12553.74,-225.37
2800000.00,651561197192.60,-331750952342.58,-3414144350.00,8001.97,12546.03,-234.19
2900000.00,652360718321.73,-330496733017.18,-3437994301.46,7988.08,12538.12,-243.04
3000000.00,653158842697.34,-329243315128.39,-3462731044.13,7974.03,12530.00,-251.92
3100000.00,653955554600.90,-327990719715.09,-3488357845.22,7959.83,12521.67,-260.84
3200000.00,654750838113.77,-326738967913.55,-3514877955.39,7945.46,12513.12,-269.79
3300000.00,655544677113.09,-325488080957.72,-3542294607.99,7930.93,12504.36,-278.77
3400000.00,656337055267.82,-324238080180.69,-3570611019.26,7916.24,12495.39,-287.79
3500000.00,657127956033.66,-322988987017.23,-3599830389.04,7901.38,12486.21,-296.83
3600000.00,657917362646.38,-321740823005.80,-3629955900.64,7886.35,12476.80,-305.91
3700000.00,658705258114.63,-320493609789.48,-3660990719.70,7871.15,12467.18,-315.02
3800000.00,659491625212.92,-319247369115.86,-3692937992.57,7855.78,12457.35,-324.16
3900000.00,660276446475.21,-318002122836.63,-3725800844.44,7840.23,12447.29,-333.33
4000000.00,661059704188.97,-316757892907.40,-3759582377.95,7824.50,12437.01,-342.53
4100000.00,661841380389.42,-315514701388.17,-3794285672.31,7808.59,12426.52,-351.77
4200000.00,662621456853.42,-314272570444.48,-3829913782.78,7792.50,12415.80,-361.03
4300000.00,663399915092.70,-313031522348.72,-3866469740.10,7776.22,12404.85,-370.33
4400000.00,664176736346.62,-311791579481.37,-3903956549.88,7759.76,12393.69,-379.65
4500000.00,664951901574.21,-310552764332.04,-3942377191.72,7743.10,12382.29,-389.00
4600000.00,665725391445.73,-309315099500.06,-3981734617.88,7726.24,12370.67,-398.39
4700000.00,666497186334.04,-308078607694.42,-4022031751.46,7709.19,12358.83,-407.80
4800000.00,667267266306.11,-306843311733.25,-4063271484.35,7691.94,12346.75,-417.24
4900000.00,668035611114.96,-305609234543.35,-4105456675.23,7674.48,12334.45,-426.71
