0.00,644213180239.84,-367899397939.67,-4622289218.90,8912.13,12209.46,-1293.80
1200.00,644223874793.28,-367884746588.00,-4623841782.01,8911.84,12209.23,-1293.98
2400.00,644234569006.65,-367870095510.04,-4625394552.41,8911.56,12209.00,-1294.15
3600.00,644245262879.87,-367855444705.81,-4626947530.07,8911.28,12208.78,-1294.32
4800.00,644255956412.86,-367840794175.32,-4628500714.96,8910.99,12208.55,-1294.49
6000.00,644266649605.56,-367826143918.59,-4630054107.03,8910.71,12208.32,-1294.67
7200.00,644277342457.89,-367811493935.63,-4631607706.25,8910.43,12208.09,-1294.84
8400.00,644288034969.78,-367796844226.46,-4633161512.59,8910.14,12207.86,-1295.01
9600.00,644298727141.14,-367782194791.09,-4634715525.99,8909.86,12207.63,-1295.18
10800.00,644309418971.91,-367767545629.53,-4636269746.44,8909.58,12207.41,-1295.36
12000.00,644320110462.01,-367752896741.80,-4637824173.88,8909.29,12207.18,-1295.53
13200.00,644330801611.36,-367738248127.91,-4639378808.28,8909.01,12206.95,-1295.70
14400.00,644341492419.90,-367723599787.88,-4640933649.61,8908.72,12206.72,-1295.87
15600.00,644352182887.55,-367708951721.71,-4642488697.82,8908.44,12206.49,-1296.05
16800.00,644362873014.23,-367694303929.43,-4644043952.89,8908.15,12206.27,-1296.22
18000.00,644373562799.86,-367679656411.05,-4645599414.76,8907.87,12206.04,-1296.39
19200.00,644384252244.39,-367665009166.57,-4647155083.41,8907.59,12205.81,-1296.56
20400.00,644394941347.72,-367650362196.03,-4648710958.79,8907.30,12205.58,-1296.74
21600.00,644405630109.78,-367635715499.42,-4650267040.88,8907.02,12205.35,-1296.91
22800.00,644416318530.51,-367621069076.76,-4651823329.62,8906.73,12205.12,-1297.08
24000.00,644427006609.83,-367606422928.07,-4653379824.99,8906.45,12204.90,-1297.25
25200.00,644437694347.66,-367591777053.36,-4654936526.95,8906.16,12204.67,-1297.42
26400.00,644448381743.92,-367577131452.65,-4656493435.45,8905.88,12204.44,-1297.60
27600.00,644459068798.55,-367562486125.94,-4658050550.47,8905.59,12204.21,-1297.77
28800.00,644469755511.47,-367547841073.26,-4659607871.96,8905.31,12203.98,-1297.94
30000.00,644480441882.60,-367533196294.61,-4661165399.89,8905.02,12203.75,-1298.11
31200.00,644491127911.88,-367518551790.01,-4662723134.21,8904.74,12203.53,-1298.28
32400.00,644501813599.22,-367503907559.47,-4664281074.90,8904.45,12203.30,-1298.46
33600.00,644512498944.55,-367489263603.01,-4665839221.91,8904.17,12203.07,-1298.63
34800.00,644523183947.79,-367474619920.64,-4667397575.21,8903.88,12202.84,-1298.80
36000.00,644533868608.89,-367459976512.38,-4668956134.75,8903.60,12202.61,-1298.97
37200.00,644544552927.75,-367445333378.23,-4670514900.51,8903.31,12202.38,-1299.14
38400.00,644555236904.30,-367430690518.21,-4672073872.44,8903.03,12202.15,-1299.32
39600.00,644565920538.47,-367416047932.34,-4673633050.50,8902.74,12201.93,-1299.49
40800.00,644576603830.19,-367401405620.63,-4675192434.67,8902.46,12201.70,-1299.66
42000.00,644587286779.38,-367386763583.10,-4676752024.89,8902.17,12201.47,-1299.83
43200.00,644597969385.97,-367372121819.74,-4678311821.14,8901.89,12201.24,-1300.00
44400.00,644608651649.88,-367357480330.59,-4679871823.37,8901.60,12201.01,-1300.17
45600.00,644619333571.04,-367342839115.65,-4681432031.55,8901.32,12200.78,-1300.35
46800.00,644630015149.37,-367328198174.94,-4682992445.65,8901.03,12200.56,-1300.52
48000.00,644640696384.80,-367313557508.47,-4684553065.61,8900.74,12200.33,-1300.69
49200.00,644651377277.26,-367298917116.25,-4686113891.41,8900.46,12200.10,-1300.86
50400.00,644662057826.66,-367284276998.30,-4687674923.01,8900.17,12199.87,-1301.03
51600.00,644672738032.95,-367269637154.64,-4689236160.36,8899.89,12199.64,-1301.20
52800.00,644683417896.03,-367254997585.26,-4690797603.44,8899.60,12199.41,-1301.37
54000.00,644694097415.85,-367240358290.20,-4692359252.20,8899.31,12199.18,-1301.55
55200.00,644704776592.31,-367225719269.46,-4693921106.61,8899.03,12198.96,-1301.72
56400.00,644715455425.36,-367211080523.05,-4695483166.63,8898.74,12198.73,-1301.89
57600.00,644726133914.91,-367196442050.99,-4697045432.22,8898.45,12198.50,-1302.06
58800.00,644736812060.89,-367181803853.30,-4698607903.35,8898.17,12198.27,-1302.23
60000.00,644747489863.23,-367167165929.97,-4700170579.97,8897.88,12198.04,-1302.40
61200.00,644758167321.85,-367152528281.04,-4701733462.05,8897.60,12197.81,-1302.57
62400.00,644768844436.68,-367137890906.52,-4703296549.55,8897.31,12197.58,-1302.74
63600.00,644779521207.64,-367123253806.40,-4704859842.44,8897.02,12197.35,-1302.92
64800.00,644790197634.67,-367108616980.72,-4706423340.67,8896.74,12197.13,-1303.09
66000.00,644800873717.67,-367093980429.48,-4707987044.20,8896.45,12196.90,-1303.26
67200.00,644811549456.59,-367079344152.70,-4709550953.01,8896.16,12196.67,-1303.43
68400.00,644822224851.34,-367064708150.38,-4711115067.05,8895.88,12196.44,-1303.60
69600.00,644832899901.86,-367050072422.55,-4712679386.29,8895.59,12196.21,-1303.77
70800.00,644843574608.06,-367035436969.22,-4714243910.68,8895.30,12195.98,-1303.94
72000.00,644854248969.88,-367020801790.39,-4715808640.19,8895.01,12195.75,-1304.11
73200.00,644864922987.24,-367006166886.09,-4717373574.78,8894.73,12195.52,-1304.28
74400.00,644875596660.06,-366991532256.32,-4718938714.42,8894.44,12195.30,-1304.45
75600.00,644886269988.27,-366976897901.10,-4720504059.06,8894.15,12195.07,-1304.62
76800.00,644896942971.80,-366962263820.45,-4722069608.67,8893.87,12194.84,-1304.80
78000.00,644907615610.58,-366947630014.37,-4723635363.22,8893.58,12194.61,-1304.97
79200.00,644918287904.52,-366932996482.88,-4725201322.65,8893.29,12194.38,-1305.14
80400.00,644928959853.55,-366918363226.00,-4726767486.94,8893.00,12194.15,-1305.31
81600.00,644939631457.61,-366903730243.73,-4728333856.05,8892.72,12193.92,-1305.48
82800.00,644950302716.61,-366889097536.08,-4729900429.94,8892.43,12193.69,-1305.65
84000.00,644960973630.48,-366874465103.08,-4731467208.57,8892.14,12193.47,-1305.82
85200.00,644971644199.15,-366859832944.74,-4733034191.90,8891.85,12193.24,-1305.99
