0.00,620812528317.55,-398763516071.01,-8594966421.24,5327.65,13371.29,-0.00
426082.00,623078259578.72,-393045743236.78,-8597429015.43,5307.56,13467.05,-11.53
852164.00,625335446986.61,-387287808769.86,-8604773230.34,5287.54,13559.80,-22.91
1278246.00,627584113047.28,-381490994020.51,-8616932203.83,5267.55,13649.55,-34.13
1704328.00,629824261581.20,-375656578197.29,-8633837001.42,5247.55,13736.30,-45.19
2130410.00,632055878641.96,-369785839957.59,-8655416531.25,5227.50,13820.05,-56.08
2556492.00,634278933245.34,-363880058838.53,-8681597450.06,5207.35,13900.79,-66.79
2982574.00,636493377864.36,-357940516603.15,-8712304037.47,5187.08,13978.52,-77.32
3408656.00,638699148818.28,-351968498448.01,-8747458080.89,5166.63,14053.23,-87.66
3834738.00,640896166467.05,-345965294053.39,-8786978741.46,5145.98,14124.90,-97.81
4260820.00,643084335275.67,-339932198536.26,-8830782412.35,5125.09,14193.53,-107.76
4686902.00,645263543789.92,-333870513207.42,-8878782589.02,5103.92,14259.10,-117.51
5112984.00,647433664460.01,-327781546205.02,-8930889725.18,5082.43,14321.59,-127.04
5539066.00,649594553424.84,-321666612978.08,-8987011103.90,5060.58,14380.98,-136.35
5965148.00,651746050191.26,-315527036578.18,-9047050707.30,5038.33,14437.26,-145.43
6391230.00,653887977263.68,-309364147839.43,-9110909096.55,5015.65,14490.40,-154.27
6817312.00,656020139760.60,-303179285364.67,-9178483308.45,4992.49,14540.40,-162.87
7243394.00,658142324950.70,-296973795368.19,-9249666749.54,4968.81,14587.22,-171.21
7669476.00,660254301838.03,-290749031382.31,-9324349121.77,4944.57,14630.86,-179.29
8095558.00,662355820719.29,-284506353781.71,-9402416354.01,4919.71,14671.31,-187.10
8521640.00,664446612749.44,-278247129209.60,-9483750548.47,4894.21,14708.53,-194.63
8947722.00,666526389584.95,-271972729842.49,-9568229956.64,4868.00,14742.53,-201.86
9373804.00,668594843015.21,-265684532539.21,-9655728961.62,4841.05,14773.30,-208.80
9799886.00,670651644694.28,-259383917905.37,-9746118089.87,4813.30,14800.82,-215.43
10225968.00,672696445918.24,-253072269217.41,-9839264036.53,4784.71,14825.09,-221.74
10652050.00,674728877467.15,-246750971309.50,-9935029712.28,4755.23,14846.11,-227.72
11078132.00,676748549565.76,-240421409373.65,-10033274313.63,4724.81,14863.88,-233.37
11504214.00,678755051871.68,-234084967699.29,-10133853400.14,4693.41,14878.41,-238.68
11930296.00,680747953604.00,-227743028419.87,-10236619001.60,4660.96,14889.69,-243.64
12356378.00,682726803738.51,-221396970199.65,-10341419732.49,4627.44,14897.74,-248.23
12782460.00,684691131265.02,-215048166957.85,-10448100918.63,4592.79,14902.58,-252.46
13208542.00,686640445581.87,-208697986605.44,-10556504742.53,4556.96,14904.21,-256.32
13634624.00,688574236907.56,-202347789801.15,-10666470388.33,4519.92,14902.66,-259.79
14060706.00,690491976796.22,-195998928802.21,-10777834199.83,4481.61,14897.94,-262.88
14486788.00,692393118705.49,-189652746335.45,-10890429837.10,4442.00,14890.09,-265.57
14912870.00,694277098584.91,-183310574585.99,-11004088435.03,4401.05,14879.12,-267.87
15338952.00,696143335542.58,-176973734277.02,-11118638761.63,4358.71,14865.07,-269.76
15765034.00,697991232474.77,-170643533817.90,-11233907364.20,4314.95,14847.96,-271.24
16191116.00,699820176738.35,-164321268621.58,-11349718714.84,4269.74,14827.82,-272.30
16617198.00,701629540801.40,-158008220488.44,-11465895339.40,4223.04,14804.70,-272.95
17043280.00,703418682827.58,-151705657131.44,-11582257933.25,4174.82,14778.62,-273.18
17469362.00,705186947271.06,-145414831840.83,-11698625463.11,4125.04,14749.61,-272.97
17895444.00,706933665349.92,-139136983227.57,-11814815246.59,4073.67,14717.71,-272.34
18321526.00,708658155461.29,-132873335139.67,-11930643014.17,4020.69,14682.96,-271.27
18747608.00,710359723507.43,-126625096648.84,-12045922945.82,3966.07,14645.38,-269.77
19173690.00,712037663065.83,-120393462165.59,-12160467685.44,3909.78,14605.02,-267.82
19599772.00,713691255477.11,-114179611674.54,-12274088328.70,3851.78,14561.91,-265.43
20025854.00,715319769739.39,-107984711004.96,-12386594384.34,3792.06,14516.08,-262.59
20451936.00,716922462263.07,-101809912250.88,-12497793708.86,3730.57,14467.56,-259.30
20878018.00,718498576459.55,-95656354210.72,-12607492411.28,3667.30,14416.38,-255.55
21304100.00,720047342095.99,-89525162881.51,-12715494733.13,3602.20,14362.58,-251.33
21730182.00,721567974504.92,-83417452034.31,-12821602895.47,3535.24,14306.17,-246.65
22156264.00,723059673533.95,-77334323745.03,-12925616921.59,3466.38,14247.19,-241.50
22582346.00,724521622277.67,-71276868987.25,-13027334430.56,3395.58,14185.67,-235.87
23008428.00,725952985598.52,-65246168172.83,-13126550402.04,3322.80,14121.62,-229.76
23434510.00,727352908346.85,-59243291650.83,-13223056919.05,3247.99,14055.06,-223.15
23860592.00,728720513370.21,-53269300185.28,-13316642879.34,3171.10,13986.03,-216.05
24286674.00,730054899221.02,-47325245271.19,-13407093691.42,3092.06,13914.55,-208.44
24712756.00,731355137579.91,-41412169405.78,-13494190942.44,3010.80,13840.62,-200.31
25138838.00,732620270421.02,-35531106172.52,-13577712047.62,2927.26,13764.29,-191.65
25564920.00,733849306823.78,-29683080118.92,-13657429891.83,2841.35,13685.55,-182.45
25991002.00,735041219524.86,-23869106479.35,-13733112444.63,2752.99,13604.45,-172.70
26417084.00,736194941131.32,-18090190546.37,-13804522379.94,2662.07,13521.00,-162.39
26843166.00,737309359997.29,-12347326784.64,-13871416687.25,2568.48,13435.23,-151.51
27269248.00,738383315827.97,-6641497555.96,-13933546284.23,2472.12,13347.17,-140.03
27695330.00,739415594902.73,-973671379.28,-13990655649.36,2372.83,13256.85,-127.94
28121412.00,740404925026.24,4655199244.26,-14042482461.80,2270.49,13164.32,-115.23
28547494.00,741349970178.59,10244180671.50,-14088757290.68,2164.94,13069.62,-101.88
28973576.00,742249324848.30,15792361555.51,-14129203315.72,2055.99,12972.82,-87.86
29399658.00,743101508183.41,21298857058.71,-14163536111.74,1943.48,12873.97,-73.18
29825740.00,743904957891.14,26762813981.35,-14191463530.32,1827.21,12773.16,-57.79
30251822.00,744658024028.70,32183416765.90,-14212685657.63,1706.95,12670.48,-41.70
30677904.00,745358962768.97,37559894691.23,-14226894926.86,1582.49,12566.06,-24.87
31103986.00,746005930173.25,42891530236.84,-14233776381.43,1453.57,12460.02,-7.30
