0.00,645936505836.36,-407659238559.80,-18118099133.72,4764.08,10959.91,0.08
432000.00,647974039981.66,-402892651080.44,-18112655960.37,4668.84,11108.29,25.16
864000.00,649971093774.25,-398062378330.00,-18096532894.12,4576.66,11254.74,49.53
1296000.00,651928941146.87,-393169250271.00,-18070030470.89,4487.31,11399.28,73.21
1728000.00,653848768800.04,-388214081271.22,-18033437433.63,4400.63,11541.96,96.24
2160000.00,655731685897.99,-383197668318.89,-17987031204.12,4316.42,11682.81,118.65
2592000.00,657578733204.43,-378120789924.82,-17931078464.58,4234.55,11821.89,140.44
3024000.00,659390891354.82,-372984205346.61,-17865835733.28,4154.89,11959.23,161.65
3456000.00,661169088643.40,-367788654284.25,-17791549999.77,4077.33,12094.88,182.31
3888000.00,662914208234.65,-362534856809.09,-17708459366.01,4001.75,12228.88,202.42
4320000.00,664627094997.13,-357223513601.41,-17616793707.82,3928.10,12361.29,222.01
4752000.00,666308561794.35,-351855306530.53,-17516775394.90,3856.29,12492.14,241.09
5184000.00,667959395534.61,-346430899023.15,-17408619890.77,3786.28,12621.47,259.68
5616000.00,669580363058.16,-340950937120.59,-17292536529.21,3718.03,12749.33,277.79
6048000.00,671172216516.29,-335416050380.65,-17168729225.39,3651.50,12875.75,295.43
6480000.00,672735698856.50,-329826853007.72,-17037397197.50,3586.69,13000.77,312.62
6912000.00,674271548883.94,-324183945164.89,-16898735738.09,3523.59,13124.41,329.37
7344000.00,675780506459.61,-318487914186.68,-16752936936.55,3462.20,13246.70,345.66
7776000.00,677263317657.28,-312739336250.78,-16600190508.06,3402.56,13367.67,361.53
8208000.00,678720739709.77,-306938778176.98,-16440684668.80,3344.68,13487.34,376.96
8640000.00,680153546106.89,-301086799303.31,-16274607016.37,3288.62,13605.73,391.95
9072000.00,681562531625.04,-295183953523.52,-16102145449.81,3234.42,13722.83,406.51
9504000.00,682948517734.98,-289230791534.32,-15923489121.82,3182.16,13838.66,420.63
9936000.00,684312357808.71,-283227863512.12,-15738829546.70,3131.92,13953.22,434.30
10368000.00,685654942777.98,-277175721811.40,-15548361694.55,3083.79,14066.49,447.51
10800000.00,686977206924.49,-271074924356.52,-15352285260.45,3037.88,14178.47,460.26
11232000.00,688280133689.17,-264926038453.27,-15150806073.89,2994.30,14289.11,472.52
11664000.00,689564761755.08,-258729644686.65,-14944137557.47,2953.20,14398.39,484.27
12096000.00,690832191909.54,-252486341412.72,-14732502292.19,2914.73,14506.27,495.50
12528000.00,692083593815.02,-246196750384.65,-14516133880.23,2879.04,14612.67,506.18
12960000.00,693320213032.72,-239861522693.92,-14295278956.80,2846.34,14717.52,516.26
13392000.00,694543378938.46,-233481345521.43,-14070199375.77,2816.82,14820.74,525.73
13824000.00,695754512762.84,-227056950561.42,-13841174754.39,2790.70,14922.20,534.52
14256000.00,696955135496.77,-220589123518.38,-13608505348.22,2768.22,15021.78,542.59
14688000.00,698146876728.91,-214078714453.18,-13372515169.15,2749.65,15119.30,549.87
15120000.00,699331483939.82,-207526650441.52,-13133555540.96,2735.27,15214.57,556.32
15552000.00,700510831472.07,-200933950209.92,-12892009143.32,2725.38,15307.37,561.83
15984000.00,701686930136.44,-194301740746.39,-12648294532.95,2720.32,15397.42,566.33
16416000.00,702861936941.25,-187631276965.73,-12402871276.82,2720.42,15484.40,569.72
16848000.00,704038164365.11,-180923964911.37,-12156245762.17,2726.07,15567.92,571.87
17280000.00,705218088416.68,-174181388783.83,-11908977746.26,2737.64,15647.55,572.66
17712000.00,706404356264.11,-167405341578.89,-11661687721.15,2755.55,15722.76,571.93
18144000.00,707599792778.48,-160597861750.06,-11415065206.94,2780.20,15792.93,569.53
18576000.00,708807402744.97,-153761276062.75,-11169877954.13,2812.02,15857.34,565.24
19008000.00,710030369756.68,-146898247895.15,-10926982148.17,2851.42,15915.15,558.86
19440000.00,711272051134.14,-140011833211.13,-10687333744.57,2898.78,15965.38,550.15
19872000.00,712535965879.55,-133105545706.26,-10452000892.97,2954.46,16006.89,538.82
20304000.00,713825771180.64,-126183432320.28,-10222177065.36,3018.74,16038.34,524.57
20736000.00,715145222718.74,-119250156603.39,-9999194273.90,3091.79,16058.22,507.07
21168000.00,716498121552.52,-112311088961.92,-9784536949.01,3173.64,16064.76,485.94
21600000.00,717888239472.29,-105372409453.70,-9579855494.48,3264.10,16055.96,460.79
22032000.00,719319208180.19,-98441216029.94,-9386976571.22,3362.71,16029.59,431.20
22464000.00,720794372098.37,-91525628778.22,-9207909221.52,3468.58,15983.15,396.74
22896000.00,722316601091.72,-84634887501.27,-9044845614.56,3580.37,15913.94,357.00
23328000.00,723888051415.74,-77779432531.22,-8900152561.64,3696.09,15819.13,311.60
23760000.00,725509865369.79,-70970950671.13,-8776348615.77,3813.01,15695.81,260.21
24192000.00,727181804383.40,-64222355664.93,-8676059054.31,3927.44,15541.24,202.68
24624000.00,728901835706.13,-57547670723.77,-8601946273.77,4034.75,15353.07,139.00
25056000.00,730665691207.87,-50961793520.79,-8556613449.28,4129.21,15129.66,69.47
25488000.00,732466421078.66,-44480097611.34,-8542471292.27,4204.14,14870.55,-5.29
25920000.00,734294016117.20,-38117838131.43,-8561570723.38,4252.13,14576.83,-84.24
26352000.00,736135182598.32,-31889372356.04,-8615414040.48,4265.47,14251.63,-165.87
26784000.00,737973359448.62,-25807226736.36,-8704759046.66,4236.87,13900.34,-248.25
27216000.00,739789057734.88,-19881107741.83,-8829448373.27,4160.21,13530.62,-329.09
27648000.00,741560553895.72,-14116967618.87,-8988287120.16,4031.42,13152.12,-405.90
28080000.00,743264943518.81,-8516287549.82,-9179002759.63,3849.22,12775.73,-476.24
28512000.00,744879429357.43,-3075767216.01,-9398321751.23,3615.41,12412.53,-537.95
28944000.00,746382642333.68,2212530733.74,-9642146653.26,3334.77,12072.73,-589.40
29376000.00,747755827962.53,7360597835.23,-9905807487.81,3014.53,11764.73,-629.60
29808000.00,748983719206.12,12383531282.49,-10184356845.69,2663.44,11494.42,-658.26
30240000.00,750054985887.01,17298398107.55,-10472859830.03,2290.82,11265.01,-675.71
30672000.00,750962268328.01,22123101467.36,-10766638123.67,1905.60,11077.21,-682.78
31104000.00,751701876751.62,26875397713.54,-11061446465.52,1515.74,10929.70,-680.63
