0.00,628192994532.82,-367252727712.88,-21024351145.92,8096.98,12961.90,0.11
432000.00,631682302570.34,-361656070863.28,-21017049423.08,8056.50,12947.96,33.94
864000.00,635153540572.34,-356066070710.15,-20995114590.43,8013.30,12931.06,67.86
1296000.00,638605530477.34,-350484007550.94,-20958507732.60,7967.37,12911.20,101.86
1728000.00,642037085857.69,-344911164124.37,-20907197197.76,7918.68,12888.36,135.93
2160000.00,645447009742.84,-339348827189.98,-20841158492.17,7867.20,12862.53,170.04
2592000.00,648834092058.04,-333798289344.94,-20760374172.39,7812.90,12833.71,204.19
3024000.00,652197106790.11,-328260850691.91,-20664833859.36,7755.75,12801.86,238.35
3456000.00,655534808699.87,-322737820662.55,-20554534284.56,7695.69,12766.98,272.52
3888000.00,658845929635.99,-317230519827.65,-20429479451.61,7632.66,12729.02,306.66
4320000.00,662129174354.38,-311740281793.52,-20289680861.36,7566.60,12687.96,340.77
4752000.00,665383215628.04,-306268454930.75,-20135157982.14,7497.42,12643.75,374.83
5184000.00,668606689130.10,-300816404216.31,-19965938714.02,7425.04,12596.37,408.81
5616000.00,671798187117.91,-295385513179.46,-19782060051.38,7349.35,12545.76,442.69
6048000.00,674956251669.46,-289977185316.80,-19583569135.94,7270.21,12491.88,476.45
6480000.00,678079366893.15,-284592845893.48,-19370524254.19,7187.49,12434.68,510.06
6912000.00,681165950105.70,-279233943018.67,-19142996438.85,7101.03,12374.09,543.50
7344000.00,684214342205.21,-273901948858.01,-18901071142.03,7010.62,12310.07,576.71
7776000.00,687222796237.22,-268598360435.44,-18644850379.44,6916.06,12242.55,609.67
8208000.00,690189464885.45,-263324699535.07,-18374455515.74,6817.10,12171.48,642.32
8640000.00,693112386218.51,-258082512173.30,-18090030440.90,6713.45,12096.80,674.61
9072000.00,695989467806.92,-252873366983.04,-17791745524.00,6604.79,12018.47,706.47
9504000.00,698818468619.30,-247698852645.23,-17479802247.62,6490.75,11936.45,737.83
9936000.00,701596978783.61,-242560573366.16,-17154438957.36,6370.92,11850.69,768.58
10368000.00,704322396871.64,-237460142592.34,-16815937649.09,6244.83,11761.20,798.63
10800000.00,706991904192.00,-232399174073.76,-16464632070.88,6111.93,11667.97,827.83
11232000.00,709602436344.92,-227379268784.78,-16100917694.22,5971.64,11571.07,856.04
11664000.00,712150652242.66,-222401998126.43,-15725263408.19,5823.26,11470.59,883.07
12096000.00,714632899154.74,-217468881983.88,-15338225288.68,5666.03,11366.66,908.69
12528000.00,717045174820.24,-212581358727.61,-14940463302.15,5499.10,11259.53,932.66
12960000.00,719383087865.51,-207740746366.58,-14532761095.35,5321.52,11149.53,954.64
13392000.00,721641815179.71,-202948194279.24,-14116048797.43,5132.24,11037.11,974.29
13824000.00,723816058274.03,-198204618933.00,-13691430114.79,4930.11,10922.89,991.15
14256000.00,725900003451.90,-193510622640.18,-13260213789.01,4713.89,10807.73,1004.72
14688000.00,727887285770.55,-188866394220.21,-12823949007.99,4482.27,10692.69,1014.39
15120000.00,729770961526.15,-184271584339.84,-12384465161.94,4233.89,10579.21,1019.46
15552000.00,731543500814.52,-179725151122.34,-11943915285.82,3967.41,10469.09,1019.14
15984000.00,733196807171.24,-175225179670.46,-11504821068.52,3681.56,10364.57,1012.52
16416000.00,734722272942.15,-170768670228.69,-11070116989.16,3375.26,10268.44,998.60
16848000.00,736110894397.84,-166351296019.44,-10643188688.23,3047.80,10184.08,976.28
17280000.00,737353463624.50,-161967145270.43,-10227898316.35,2698.98,10115.44,944.47
17712000.00,738440852513.43,-157608466434.62,-9828587921.47,2329.41,10067.09,902.06
18144000.00,739364403786.33,-153265442497.01,-9450049394.55,1940.72,10044.00,848.08
18576000.00,740116446694.20,-148926034972.65,-9097444390.80,1535.90,10051.42,781.82
19008000.00,740690922038.01,-144575969552.45,-8776162249.60,1119.45,10094.38,702.97
19440000.00,741084056175.81,-140198910308.85,-8491616925.57,697.47,10177.30,611.76
19872000.00,741295040296.96,-135776865865.38,-8248975520.05,277.55,10303.32,509.11
20304000.00,741326607936.73,-131290869184.94,-8052836314.35,-131.58,10473.70,396.75
20736000.00,741185378308.04,-126721899984.05,-7906897387.55,-520.78,10687.35,277.12
21168000.00,740881861713.40,-122051947553.81,-7813667924.65,-881.34,10940.67,153.24
21600000.00,740430096974.12,-117265077028.84,-7774261844.21,-1205.78,11227.69,28.51
22032000.00,739846935121.90,-112348361081.10,-7788306455.43,-1488.68,11540.56,-93.64
22464000.00,739151042683.76,-107292511677.37,-7854006321.30,-1727.11,11870.42,-210.12
22896000.00,738361818455.85,-102092129096.21,-7968332741.82,-1920.60,12208.27,-318.34
23328000.00,737498367467.56,-96745604056.25,-8127289213.34,-2070.92,12545.69,-416.42
23760000.00,736578645626.34,-91254722450.96,-8326220107.83,-2181.53,12875.45,-503.19
24192000.00,735618852564.10,-85624080368.18,-8560113237.50,-2257.02,13191.81,-578.17
24624000.00,734633078802.72,-79860423173.15,-8823862881.81,-2302.48,13490.57,-641.39
25056000.00,733633177907.16,-73971995424.03,-9112478853.00,-2323.11,13768.97,-693.32
25488000.00,732628809510.37,-67967967320.55,-9421233501.05,-2323.82,14025.45,-734.69
25920000.00,731627594622.78,-61857955834.77,-9745756066.89,-2309.10,14259.45,-766.41
26352000.00,730635342329.19,-55651655583.67,-10082082300.27,-2282.86,14471.15,-789.44
26784000.00,729656297880.18,-49358576421.17,-10426668539.79,-2248.41,14661.21,-804.76
27216000.00,728693387747.40,-42987862828.65,-10776383428.37,-2208.54,14830.62,-813.29
27648000.00,727748450434.90,-36548179593.27,-11128485389.95,-2165.52,14980.59,-815.91
28080000.00,726822442912.58,-30047649675.16,-11480591678.24,-2121.17,15112.42,-813.40
28512000.00,725915618671.97,-23493830021.79,-11830643743.22,-2076.92,15227.41,-806.48
28944000.00,725027676692.57,-16893712985.59,-12176872156.79,-2033.92,15326.87,-795.77
29376000.00,724157885118.00,-10253742693.25,-12517762916.67,-1993.03,15412.02,-781.83
29808000.00,723305185057.02,-3579840719.27,-12852025772.29,-1954.90,15484.06,-765.15
30240000.00,722468276882.23,3122560676.95,-13178565048.68,-1920.01,15544.06,-746.13
30672000.00,721645688106.11,9848480428.41,-13496453805.23,-1888.68,15593.02,-725.14
31104000.00,720835825797.61,16593350980.85,-13804911314.64,-1861.14,15631.87,-702.50
