0.00,660648185428.72,-361931041108.65,-7097588171.06,7948.17,10953.95,-0.00
7200.00,660705404784.86,-361852172640.48,-7097588805.48,7946.09,10953.96,-0.18
14400.00,660762609167.90,-361773304045.00,-7097590708.63,7944.01,10953.98,-0.35
21600.00,660819798575.50,-361694435321.59,-7097593880.37,7941.93,10954.00,-0.53
28800.00,660876973005.35,-361615566469.63,-7097598320.54,7939.85,10954.02,-0.70
36000.00,660934132455.11,-361536697488.51,-7097604028.98,7937.77,10954.03,-0.88
43200.00,660991276922.44,-361457828377.60,-7097611005.56,7935.69,10954.05,-1.06
50400.00,661048406405.02,-361378959136.29,-7097619250.10,7933.61,10954.07,-1.23
57600.00,661105520900.52,-361300089763.97,-7097628762.47,7931.53,10954.09,-1.41
64800.00,661162620406.61,-361221220260.01,-7097639542.52,7929.44,10954.11,-1.59
72000.00,661219704920.96,-361142350623.80,-7097651590.08,7927.36,10954.13,-1.76
79200.00,661276774441.25,-361063480854.72,-7097664905.00,7925.28,10954.14,-1.94
86400.00,661333828965.14,-360984610952.16,-7097679487.14,7923.20,10954.16,-2.11
93600.00,661390868490.30,-360905740915.51,-7097695336.35,7921.11,10954.18,-2.29
100800.00,661447893014.42,-360826870744.15,-7097712452.47,7919.03,10954.20,-2.47
108000.00,661504902535.17,-360748000437.47,-7097730835.34,7916.95,10954.22,-2.64
115200.00,661561897050.21,-360669129994.86,-7097750484.83,7914.86,10954.24,-2.82
122400.00,661618876557.22,-360590259415.70,-7097771400.78,7912.78,10954.26,-2.99
129600.00,661675841053.88,-360511388699.38,-7097793583.03,7910.69,10954.28,-3.17
136800.00,661732790537.87,-360432517845.30,-7097817031.43,7908.61,10954.29,-3.34
144000.00,661789725006.85,-360353646852.84,-7097841745.85,7906.52,10954.31,-3.52
151200.00,661846644458.51,-360274775721.39,-7097867726.11,7904.43,10954.33,-3.70
158400.00,661903548890.52,-360195904450.34,-7097894972.08,7902.35,10954.35,-3.87
165600.00,661960438300.56,-360117033039.08,-7097923483.60,7900.26,10954.37,-4.05
172800.00,662017312686.31,-360038161487.02,-7097953260.52,7898.18,10954.39,-4.22
180000.00,662074172045.44,-359959289793.53,-7097984302.69,7896.09,10954.41,-4.40
187200.00,662131016375.63,-359880417958.01,-7098016609.96,7894.00,10954.43,-4.58
194400.00,662187845674.56,-359801545979.86,-7098050182.17,7891.91,10954.45,-4.75
201600.00,662244659939.92,-359722673858.46,-7098085019.19,7889.82,10954.47,-4.93
208800.00,662301459169.37,-359643801593.22,-7098121120.85,7887.74,10954.49,-5.10
216000.00,662358243360.60,-359564929183.53,-7098158487.01,7885.65,10954.51,-5.28
223200.00,662415012511.30,-359486056628.78,-7098197117.52,7883.56,10954.53,-5.45
230400.00,662471766619.13,-359407183928.37,-7098237012.22,7881.47,10954.55,-5.63
237600.00,662528505681.79,-359328311081.70,-7098278170.98,7879.38,10954.57,-5.80
244800.00,662585229696.95,-359249438088.16,-7098320593.62,7877.29,10954.59,-5.98
252000.00,662641938662.30,-359170564947.16,-7098364280.02,7875.20,10954.61,-6.16
259200.00,662698632575.51,-359091691658.08,-7098409230.01,7873.11,10954.63,-6.33
266400.00,662755311434.28,-359012818220.33,-7098455443.44,7871.02,10954.65,-6.51
273600.00,662811975236.29,-358933944633.31,-7098502920.18,7868.93,10954.68,-6.68
280800.00,662868623979.22,-358855070896.42,-7098551660.06,7866.83,10954.70,-6.86
288000.00,662925257660.74,-358776197009.06,-7098601662.93,7864.74,10954.72,-7.03
295200.00,662981876278.56,-358697322970.63,-7098652928.66,7862.65,10954.74,-7.21
302400.00,663038479830.35,-358618448780.52,-7098705457.08,7860.56,10954.76,-7.38
309600.00,663095068313.79,-358539574438.15,-7098759248.06,7858.46,10954.78,-7.56
316800.00,663151641726.58,-358460699942.92,-7098814301.43,7856.37,10954.80,-7.73
324000.00,663208200066.40,-358381825294.23,-7098870617.05,7854.28,10954.82,-7.91
331200.00,663264743330.94,-358302950491.48,-7098928194.78,7852.18,10954.84,-8.08
338400.00,663321271517.88,-358224075534.08,-7098987034.45,7850.09,10954.87,-8.26
345600.00,663377784624.92,-358145200421.43,-7099047135.93,7847.99,10954.89,-8.44
352800.00,663434282649.73,-358066325152.94,-7099108499.07,7845.90,10954.91,-8.61
360000.00,663490765590.00,-357987449728.01,-7099171123.71,7843.80,10954.93,-8.79
367200.00,663547233443.43,-357908574146.06,-7099235009.71,7841.71,10954.95,-8.96
374400.00,663603686207.70,-357829698406.49,-7099300156.92,7839.61,10954.97,-9.14
381600.00,663660123880.51,-357750822508.70,-7099366565.19,7837.52,10955.00,-9.31
388800.00,663716546459.53,-357671946452.11,-7099434234.37,7835.42,10955.02,-9.49
396000.00,663772953942.46,-357593070236.12,-7099503164.32,7833.32,10955.04,-9.66
403200.00,663829346326.99,-357514193860.14,-7099573354.88,7831.23,10955.06,-9.84
410400.00,663885723610.81,-357435317323.59,-7099644805.90,7829.13,10955.09,-10.01
417600.00,663942085791.61,-357356440625.86,-7099717517.25,7827.03,10955.11,-10.19
424800.00,663998432867.08,-357277563766.39,-7099791488.77,7824.93,10955.13,-10.36
432000.00,664054764834.91,-357198686744.56,-7099866720.32,7822.83,10955.15,-10.54
439200.00,664111081692.79,-357119809559.80,-7099943211.73,7820.73,10955.18,-10.71
446400.00,664167383438.41,-357040932211.52,-7100020962.88,7818.64,10955.20,-10.89
453600.00,664223670069.47,-356962054699.13,-7100099973.61,7816.54,10955.22,-11.06
460800.00,664279941583.66,-356883177022.05,-7100180243.77,7814.44,10955.24,-11.24
468000.00,664336197978.67,-356804299179.68,-7100261773.22,7812.34,10955.27,-11.41
475200.00,664392439252.20,-356725421171.44,-7100344561.80,7810.24,10955.29,-11.59
482400.00,664448665401.93,-356646542996.75,-7100428609.38,7808.14,10955.31,-11.76
489600.00,664504876425.56,-356567664655.02,-7100513915.79,7806.03,10955.34,-11.94
496800.00,664561072320.79,-356488786145.66,-7100600480.91,7803.93,10955.36,-12.11
504000.00,664617253085.30,-356409907468.10,-7100688304.57,7801.83,10955.38,-12.29
511200.00,664673418716.80,-356331028621.75,-7100777386.63,7799.73,10955.41,-12.46
518400.00,664729569212.98,-356252149606.02,-7100867726.95,7797.63,10955.43,-12.63
