0.00,665899337151.14,-393167360431.12,-18500139186.96,6285.97,9687.60,0.00
7200.00,665944586464.08,-393097605188.86,-18500137877.04,6283.28,9688.86,0.36
14400.00,665989816385.76,-393027840874.29,-18500133947.83,6280.59,9690.12,0.73
21600.00,666035026919.84,-392958067483.40,-18500127400.19,6277.89,9691.38,1.09
28800.00,666080218070.02,-392888285012.18,-18500118234.96,6275.20,9692.64,1.45
36000.00,666125389839.99,-392818493456.61,-18500106452.99,6272.51,9693.90,1.82
43200.00,666170542233.42,-392748692812.69,-18500092055.11,6269.82,9695.17,2.18
50400.00,666215675254.02,-392678883076.43,-18500075042.18,6267.13,9696.43,2.54
57600.00,666260788905.46,-392609064243.82,-18500055415.05,6264.44,9697.69,2.91
64800.00,666305883191.45,-392539236310.87,-18500033174.56,6261.75,9698.96,3.27
72000.00,666350958115.66,-392469399273.61,-18500008321.56,6259.06,9700.22,3.63
79200.00,666396013681.79,-392399553128.05,-18499980856.90,6256.37,9701.49,4.00
86400.00,666441049893.53,-392329697870.21,-18499950781.42,6253.68,9702.75,4.36
93600.00,666486066754.58,-392259833496.13,-18499918095.99,6251.00,9704.02,4.72
100800.00,666531064268.63,-392189960001.84,-18499882801.44,6248.31,9705.29,5.08
108000.00,666576042439.36,-392120077383.37,-18499844898.63,6245.62,9706.55,5.45
115200.00,666621001270.49,-392050185636.77,-18499804388.40,6242.94,9707.82,5.81
122400.00,666665940765.69,-391980284758.09,-18499761271.62,6240.25,9709.09,6.17
129600.00,666710860928.67,-391910374743.38,-18499715549.13,6237.57,9710.36,6.53
136800.00,666755761763.13,-391840455588.69,-18499667221.79,6234.88,9711.63,6.89
144000.00,666800643272.76,-391770527290.10,-18499616290.44,6232.20,9712.90,7.25
151200.00,666845505461.25,-391700589843.66,-18499562755.94,6229.52,9714.17,7.62
158400.00,666890348332.31,-391630643245.45,-18499506619.15,6226.83,9715.44,7.98
165600.00,666935171889.63,-391560687491.54,-18499447880.91,6224.15,9716.71,8.34
172800.00,666979976136.92,-391490722578.02,-18499386542.09,6221.47,9717.99,8.70
180000.00,667024761077.87,-391420748500.97,-18499322603.53,6218.79,9719.26,9.06
187200.00,667069526716.19,-391350765256.47,-18499256066.09,6216.11,9720.53,9.42
194400.00,667114273055.57,-391280772840.63,-18499186930.63,6213.43,9721.81,9.78
201600.00,667159000099.72,-391210771249.55,-18499115198.01,6210.75,9723.08,10.14
208800.00,667203707852.33,-391140760479.32,-18499040869.08,6208.07,9724.36,10.50
216000.00,667248396317.12,-391070740526.06,-18498963944.69,6205.39,9725.63,10.86
223200.00,667293065497.78,-391000711385.88,-18498884425.71,6202.71,9726.91,11.22
230400.00,667337715398.03,-390930673054.89,-18498802312.99,6200.03,9728.19,11.58
237600.00,667382346021.55,-390860625529.23,-18498717607.40,6197.36,9729.46,11.94
244800.00,667426957372.07,-390790568805.01,-18498630309.78,6194.68,9730.74,12.30
252000.00,667471549453.27,-390720502878.38,-18498540421.00,6192.00,9732.02,12.66
259200.00,667516122268.88,-390650427745.46,-18498447941.92,6189.33,9733.30,13.02
266400.00,667560675822.59,-390580343402.40,-18498352873.40,6186.65,9734.58,13.38
273600.00,667605210118.12,-390510249845.34,-18498255216.30,6183.98,9735.86,13.74
280800.00,667649725159.16,-390440147070.43,-18498154971.47,6181.31,9737.14,14.10
288000.00,667694220949.44,-390370035073.83,-18498052139.79,6178.63,9738.42,14.46
295200.00,667738697492.65,-390299913851.70,-18497946722.11,6175.96,9739.70,14.82
302400.00,667783154792.50,-390229783400.19,-18497838719.29,6173.29,9740.98,15.18
309600.00,667827592852.71,-390159643715.49,-18497728132.20,6170.62,9742.27,15.54
316800.00,667872011677.00,-390089494793.75,-18497614961.69,6167.94,9743.55,15.90
324000.00,667916411269.05,-390019336631.17,-18497499208.64,6165.27,9744.83,16.26
331200.00,667960791632.60,-389949169223.91,-18497380873.91,6162.60,9746.12,16.61
338400.00,668005152771.35,-389878992568.17,-18497259958.36,6159.93,9747.40,16.97
345600.00,668049494689.02,-389808806660.14,-18497136462.85,6157.26,9748.69,17.33
352800.00,668093817389.32,-389738611496.01,-18497010388.25,6154.59,9749.97,17.69
360000.00,668138120875.96,-389668407071.98,-18496881735.43,6151.93,9751.26,18.05
367200.00,668182405152.66,-389598193384.27,-18496750505.25,6149.26,9752.55,18.41
374400.00,668226670223.13,-389527970429.07,-18496616698.58,6146.59,9753.83,18.76
381600.00,668270916091.09,-389457738202.61,-18496480316.28,6143.92,9755.12,19.12
388800.00,668315142760.27,-389387496701.10,-18496341359.23,6141.26,9756.41,19.48
396000.00,668359350234.37,-389317245920.77,-18496199828.29,6138.59,9757.70,19.84
403200.00,668403538517.11,-389246985857.84,-18496055724.33,6135.93,9758.99,20.19
410400.00,668447707612.21,-389176716508.55,-18495909048.22,6133.26,9760.28,20.55
417600.00,668491857523.39,-389106437869.14,-18495759800.82,6130.60,9761.57,20.91
424800.00,668535988254.38,-389036149935.84,-18495607983.01,6127.93,9762.86,21.26
432000.00,668580099808.88,-388965852704.91,-18495453595.66,6125.27,9764.15,21.62
439200.00,668624192190.62,-388895546172.59,-18495296639.64,6122.61,9765.44,21.98
446400.00,668668265403.33,-388825230335.14,-18495137115.82,6119.95,9766.74,22.33
453600.00,668712319450.72,-388754905188.83,-18494975025.06,6117.29,9768.03,22.69
460800.00,668756354336.52,-388684570729.91,-18494810368.25,6114.62,9769.32,23.05
468000.00,668800370064.44,-388614226954.67,-18494643146.25,6111.96,9770.62,23.40
475200.00,668844366638.21,-388543873859.36,-18494473359.94,6109.30,9771.91,23.76
482400.00,668888344061.56,-388473511440.27,-18494301010.19,6106.64,9773.21,24.12
489600.00,668932302338.21,-388403139693.69,-18494126097.87,6103.98,9774.50,24.47
496800.00,668976241471.88,-388332758615.91,-18493948623.86,6101.33,9775.80,24.83
504000.00,669020161466.29,-388262368203.20,-18493768589.03,6098.67,9777.10,25.18
511200.00,669064062325.18,-388191968451.88,-18493585994.25,6096.01,9778.39,25.54
518400.00,669107944052.27,-388121559358.25,-18493400840.40,6093.35,9779.69,25.89
