0.00,651054611145.19,-403408777262.62,-3150058080.04,4504.95,11005.93,-933.52
1200.00,651060017090.73,-403395570152.13,-3151178306.14,4504.61,11006.32,-933.65
2400.00,651065422620.60,-403382362568.00,-3152298691.33,4504.26,11006.71,-933.79
3600.00,651070827734.82,-403369154510.19,-3153419235.62,4503.92,11007.11,-933.92
4800.00,651076232433.43,-403355945978.68,-3154539939.00,4503.57,11007.50,-934.05
6000.00,651081636716.44,-403342736973.42,-3155660801.46,4503.22,11007.90,-934.18
7200.00,651087040583.89,-403329527494.38,-3156781823.00,4502.88,11008.29,-934.32
8400.00,651092444035.80,-403316317541.53,-3157903003.61,4502.53,11008.69,-934.45
9600.00,651097847072.19,-403303107114.84,-3159024343.30,4502.18,11009.08,-934.58
10800.00,651103249693.10,-403289896214.27,-3160145842.06,4501.84,11009.48,-934.71
12000.00,651108651898.55,-403276684839.80,-3161267499.88,4501.49,11009.87,-934.85
13200.00,651114053688.57,-403263472991.38,-3162389316.76,4501.15,11010.27,-934.98
14400.00,651119455063.17,-403250260668.98,-3163511292.69,4500.80,11010.66,-935.11
15600.00,651124856022.41,-403237047872.57,-3164633427.68,4500.45,11011.06,-935.25
16800.00,651130256566.28,-403223834602.12,-3165755721.71,4500.11,11011.45,-935.38
18000.00,651135656694.83,-403210620857.60,-3166878174.78,4499.76,11011.85,-935.51
19200.00,651141056408.08,-403197406638.96,-3168000786.90,4499.41,11012.24,-935.64
20400.00,651146455706.06,-403184191946.18,-3169123558.05,4499.07,11012.64,-935.78
21600.00,651151854588.79,-403170976779.22,-3170246488.23,4498.72,11013.03,-935.91
22800.00,651157253056.30,-403157761138.06,-3171369577.43,4498.38,11013.43,-936.04
24000.00,651162651108.62,-403144545022.65,-3172492825.66,4498.03,11013.82,-936.17
25200.00,651168048745.77,-403131328432.97,-3173616232.90,4497.69,11014.22,-936.31
26400.00,651173445967.78,-403118111368.97,-3174739799.16,4497.34,11014.62,-936.44
27600.00,651178842774.67,-403104893830.64,-3175863524.43,4496.99,11015.01,-936.57
28800.00,651184239166.48,-403091675817.92,-3176987408.71,4496.65,11015.41,-936.70
30000.00,651189635143.23,-403078457330.80,-3178111451.99,4496.30,11015.80,-936.84
31200.00,651195030704.95,-403065238369.23,-3179235654.26,4495.96,11016.20,-936.97
32400.00,651200425851.66,-403052018933.19,-3180360015.53,4495.61,11016.59,-937.10
33600.00,651205820583.38,-403038799022.64,-3181484535.78,4495.26,11016.99,-937.23
34800.00,651211214900.16,-403025578637.55,-3182609215.02,4494.92,11017.38,-937.37
36000.00,651216608802.01,-403012357777.88,-3183734053.24,4494.57,11017.78,-937.50
37200.00,651222002288.96,-402999136443.60,-3184859050.44,4494.23,11018.17,-937.63
38400.00,651227395361.03,-402985914634.68,-3185984206.61,4493.88,11018.57,-937.76
39600.00,651232788018.26,-402972692351.08,-3187109521.75,4493.54,11018.97,-937.90
40800.00,651238180260.67,-402959469592.77,-3188234995.85,4493.19,11019.36,-938.03
42000.00,651243572088.28,-402946246359.72,-3189360628.91,4492.84,11019.76,-938.16
43200.00,651248963501.13,-402933022651.89,-3190486420.93,4492.50,11020.15,-938.29
44400.00,651254354499.24,-402919798469.26,-3191612371.90,4492.15,11020.55,-938.42
45600.00,651259745082.64,-402906573811.78,-3192738481.81,4491.81,11020.94,-938.56
46800.00,651265135251.35,-402893348679.43,-3193864750.67,4491.46,11021.34,-938.69
48000.00,651270525005.40,-402880123072.16,-3194991178.47,4491.12,11021.74,-938.82
49200.00,651275914344.81,-402866896989.96,-3196117765.20,4490.77,11022.13,-938.95
50400.00,651281303269.63,-402853670432.78,-3197244510.86,4490.43,11022.53,-939.09
51600.00,651286691779.86,-402840443400.59,-3198371415.44,4490.08,11022.92,-939.22
52800.00,651292079875.54,-402827215893.36,-3199498478.95,4489.73,11023.32,-939.35
54000.00,651297467556.69,-402813987911.05,-3200625701.38,4489.39,11023.71,-939.48
55200.00,651302854823.35,-402800759453.63,-3201753082.72,4489.04,11024.11,-939.62
56400.00,651308241675.53,-402787530521.07,-3202880622.96,4488.70,11024.51,-939.75
57600.00,651313628113.27,-402774301113.33,-3204008322.12,4488.35,11024.90,-939.88
58800.00,651319014136.59,-402761071230.39,-3205136180.17,4488.01,11025.30,-940.01
60000.00,651324399745.52,-402747840872.20,-3206264197.12,4487.66,11025.69,-940.15
61200.00,651329784940.08,-402734610038.74,-3207392372.96,4487.32,11026.09,-940.28
62400.00,651335169720.31,-402721378729.97,-3208520707.69,4486.97,11026.49,-940.41
63600.00,651340554086.22,-402708146945.86,-3209649201.30,4486.63,11026.88,-940.54
64800.00,651345938037.86,-402694914686.37,-3210777853.79,4486.28,11027.28,-940.68
66000.00,651351321575.23,-402681681951.47,-3211906665.16,4485.94,11027.68,-940.81
67200.00,651356704698.37,-402668448741.13,-3213035635.40,4485.59,11028.07,-940.94
68400.00,651362087407.31,-402655215055.31,-3214164764.50,4485.25,11028.47,-941.07
69600.00,651367469702.07,-402641980893.99,-3215294052.47,4484.90,11028.86,-941.21
70800.00,651372851582.69,-402628746257.12,-3216423499.29,4484.56,11029.26,-941.34
72000.00,651378233049.18,-402615511144.68,-3217553104.97,4484.21,11029.66,-941.47
73200.00,651383614101.57,-402602275556.63,-3218682869.50,4483.87,11030.05,-941.60
74400.00,651388994739.89,-402589039492.94,-3219812792.87,4483.52,11030.45,-941.74
75600.00,651394374964.18,-402575802953.57,-3220942875.08,4483.18,11030.85,-941.87
76800.00,651399754774.44,-402562565938.50,-3222073116.13,4482.83,11031.24,-942.00
78000.00,651405134170.72,-402549328447.68,-3223203516.01,4482.49,11031.64,-942.13
79200.00,651410513153.04,-402536090481.08,-3224334074.72,4482.14,11032.04,-942.26
80400.00,651415891721.42,-402522852038.68,-3225464792.25,4481.80,11032.43,-942.40
81600.00,651421269875.89,-402509613120.44,-3226595668.60,4481.45,11032.83,-942.53
82800.00,651426647616.49,-402496373726.32,-3227726703.77,4481.11,11033.23,-942.66
84000.00,651432024943.23,-402483133856.29,-3228857897.75,4480.76,11033.62,-942.79
85200.00,651437401856.14,-402469893510.32,-3229989250.53,4480.42,11034.02,-942.93
