0.00,625769795494.79,-406206207062.79,-19300317322.84,5432.01,13298.79,0.04
200000.00,626854243505.59,-403541417137.41,-19299415607.49,5412.32,13349.58,9.07
400000.00,627934783384.87,-400866493553.23,-19296700450.84,5392.94,13400.12,18.18
600000.00,629011477216.76,-398181484765.37,-19292156735.65,5373.86,13450.43,27.36
800000.00,630084388638.74,-395486440431.02,-19285769204.28,5355.12,13500.48,36.62
1000000.00,631153582890.30,-392781411491.46,-19277522465.63,5336.70,13550.27,45.95
1200000.00,632219126867.69,-390066450244.69,-19267400996.87,5318.62,13599.80,55.37
1400000.00,633281089173.23,-387341610415.82,-19255389145.66,5300.89,13649.05,64.86
1600000.00,634339540191.80,-384606947236.78,-19241471127.04,5283.51,13698.02,74.43
1800000.00,635394552131.40,-381862517549.15,-19225631036.96,5266.50,13746.71,84.08
2000000.00,636446199077.49,-379108379884.28,-19207852853.83,5249.87,13795.10,93.81
2200000.00,637494557052.46,-376344594556.61,-19188120442.74,5233.62,13843.18,103.62
2400000.00,638539704075.29,-373571223762.63,-19166417560.68,5217.76,13890.95,113.52
2600000.00,639581720216.87,-370788331694.07,-19142727866.04,5202.31,13938.39,123.49
2800000.00,640620687643.89,-367995984652.40,-19117034931.60,5187.28,13985.49,133.55
3000000.00,641656690668.85,-365194251157.98,-19089322252.91,5172.68,14032.25,143.69
3200000.00,642689815807.29,-362383202063.84,-19059573255.24,5158.51,14078.64,153.91
3400000.00,643720151842.54,-359562910685.36,-19027771301.63,5144.79,14124.67,164.22
3600000.00,644747789861.42,-356733452956.26,-18993899716.79,5131.53,14170.30,174.61
3800000.00,645772823279.00,-353894907560.28,-18957941807.03,5118.75,14215.54,185.09
4000000.00,646795347898.19,-351047356058.77,-18919880867.03,5106.45,14260.36,195.64
4200000.00,647815461965.31,-348190883053.28,-18879700195.54,5094.65,14304.74,206.28
4400000.00,648833266193.99,-345325576364.48,-18837383124.60,5083.36,14348.69,217.01
4600000.00,649848863780.78,-342451527192.13,-18792913045.91,5072.59,14392.16,227.81
4800000.00,650862360452.00,-339568830275.12,-18746273425.66,5062.36,14435.16,238.70
5000000.00,651873864493.36,-336677584092.25,-18697447834.20,5052.68,14477.65,249.68
5200000.00,652883486747.61,-333777891057.42,-18646419984.17,5043.55,14519.62,260.73
5400000.00,653891340634.23,-330869857704.14,-18593173756.29,5035.00,14561.04,271.86
5600000.00,654897542166.07,-327953594900.99,-18537693231.51,5027.04,14601.90,283.07
5800000.00,655902209935.09,-325029218079.54,-18479962735.41,5019.67,14642.17,294.36
6000000.00,656905465086.99,-322096847453.81,-18419966883.60,5012.92,14681.83,305.72
6200000.00,657907431309.57,-319156608233.06,-18357690619.25,5006.79,14720.85,317.16
6400000.00,658908234837.27,-316208630863.46,-18293119248.28,5001.30,14759.20,328.68
6600000.00,659908004403.39,-313253051317.65,-18226238500.48,4996.46,14796.86,340.26
6800000.00,660906871132.45,-310290011360.45,-18157034606.88,4992.28,14833.79,351.91
7000000.00,661904968471.99,-307319658772.32,-18085494352.72,4988.77,14869.97,363.62
7200000.00,662902432160.10,-304342147612.64,-18011605121.29,4985.95,14905.36,375.40
7400000.00,663899400142.54,-301357638530.44,-17935354961.29,4983.82,14939.93,387.23
7600000.00,664896012434.21,-298366299075.02,-17856732671.53,4982.40,14973.65,399.12
7800000.00,665892410958.42,-295368303989.54,-17775727888.29,4981.70,15006.48,411.06
8000000.00,666888739388.11,-292363835489.93,-17692331167.47,4981.71,15038.37,423.04
8200000.00,667885143008.72,-289353083551.26,-17606534057.12,4982.46,15069.29,435.06
8400000.00,668881768559.41,-286336246243.76,-17518329180.24,4983.94,15099.21,447.11
8600000.00,669878763982.30,-283313530089.01,-17427710349.90,4986.16,15128.06,459.20
8800000.00,670876278125.91,-280285150368.35,-17334672691.73,4989.13,15155.82,471.30
9000000.00,671874460477.75,-277251331408.70,-17239212748.39,4992.85,15182.44,483.42
9200000.00,672873460893.10,-274212306894.31,-17141328583.63,4997.32,15207.86,495.54
9400000.00,673873429276.56,-271168320195.50,-17041019899.96,5002.54,15232.04,507.66
9600000.00,674874515211.56,-268119624694.59,-16938288168.98,5008.50,15254.93,519.77
9800000.00,675876867545.42,-265066484095.72,-16833136770.31,5015.21,15276.47,531.86
