0.00,980515780547.23,-1092370725207.47,-26767652488.47,7628.99,6641.72,0.00
432000.00,983807180563.79,-1089501654006.82,-26766330079.72,7608.91,6641.05,6.11
864000.00,987089841391.00,-1086632826702.36,-26762391588.46,7588.53,6640.59,12.11
1296000.00,990363631407.97,-1083764156569.98,-26755879194.78,7567.85,6640.32,18.02
1728000.00,993628422919.26,-1080895560117.96,-26746833883.80,7546.87,6640.25,23.84
2160000.00,996884091899.13,-1078026957001.47,-26735295489.98,7525.61,6640.35,29.57
2592000.00,1000130517767.47,-1075158269920.93,-26721302745.30,7504.08,6640.63,35.20
3024000.00,1003367583175.35,-1072289424546.14,-26704893317.70,7482.28,6641.08,40.75
3456000.00,1006595173792.60,-1069420349422.13,-26686103855.25,7460.22,6641.70,46.22
3888000.00,1009813178125.98,-1066550975884.80,-26664970025.36,7437.90,6642.47,51.61
4320000.00,1013021487327.66,-1063681237988.23,-26641526549.90,7415.33,6643.38,56.92
4752000.00,1016219995026.78,-1060811072412.59,-26615807245.85,7392.52,6644.44,62.14
5184000.00,1019408597173.57,-1057940418395.29,-26587845057.62,7369.47,6645.64,67.30
5616000.00,1022587191873.97,-1055069217654.37,-26557672092.01,7346.19,6646.97,72.38
6048000.00,1025755679252.38,-1052197414310.26,-26525319651.88,7322.68,6648.43,77.39
6480000.00,1028913961311.32,-1049324954827.29,-26490818263.44,7298.95,6650.01,82.33
6912000.00,1032061941793.01,-1046451787934.08,-26454197710.34,7274.99,6651.71,87.20
7344000.00,1035199526062.85,-1043577864557.29,-26415487062.20,7250.82,6653.51,92.01
7776000.00,1038326620981.51,-1040703137767.45,-26374714699.30,7226.43,6655.43,96.75
8208000.00,1041443134791.47,-1037827562702.85,-26331908344.24,7201.83,6657.44,101.42
8640000.00,1044548977014.79,-1034951096513.21,-26287095086.39,7177.02,6659.55,106.04
9072000.00,1047644058336.43,-1032073698307.57,-26240301405.14,7152.01,6661.75,110.59
9504000.00,1050728290508.84,-1029195329085.80,-26191553197.83,7126.80,6664.05,115.09
9936000.00,1053801586259.95,-1026315951689.44,-26140875801.18,7101.38,6666.42,119.52
10368000.00,1056863859186.29,-1023435530750.31,-26088294013.48,7075.77,6668.88,123.90
10800000.00,1059915023670.51,-1020554032628.46,-26033832119.51,7049.95,6671.41,128.23
11232000.00,1062954994798.37,-1017671425367.63,-25977513910.18,7023.94,6674.01,132.50
11664000.00,1065983688261.06,-1014787678645.99,-25919362703.68,6997.74,6676.68,136.71
12096000.00,1069001020281.91,-1011902763720.99,-25859401367.78,6971.35,6679.42,140.88
12528000.00,1072006907539.47,-1009016653389.03,-25797652337.61,6944.76,6682.22,144.99
12960000.00,1075001267075.52,-1006129321939.86,-25734137635.10,6917.98,6685.07,149.05
13392000.00,1077984016228.17,-1003240745104.01,-25668878890.00,6891.00,6687.98,153.06
13824000.00,1080955072560.35,-1000350900014.90,-25601897356.73,6863.84,6690.94,157.03
14256000.00,1083914353772.45,-997459765167.84,-25533213931.98,6836.49,6693.95,160.94
14688000.00,1086861777640.37,-994567320368.75,-25462849175.46,6808.95,6697.01,164.81
15120000.00,1089797261947.16,-991673546698.36,-25390823325.91,6781.21,6700.10,168.63
15552000.00,1092720724399.46,-988778426478.39,-25317156316.24,6753.29,6703.24,172.41
15984000.00,1095632082566.57,-985881943218.47,-25241867795.12,6725.18,6706.41,176.14
16416000.00,1098531253813.29,-982984081583.03,-25164977141.61,6696.87,6709.62,179.83
16848000.00,1101418155220.60,-980084827362.55,-25086503478.74,6668.37,6712.86,183.47
17280000.00,1104292703522.13,-977184167417.00,-25006465696.37,6639.68,6716.13,187.07
17712000.00,1107154815038.29,-974282089645.57,-24924882464.73,6610.79,6719.42,190.63
18144000.00,1110004405603.85,-971378582959.68,-24841772248.16,6581.71,6722.74,194.14
18576000.00,1112841390494.26,-968473637229.34,-24757153327.09,6552.43,6726.08,197.61
19008000.00,1115665684362.51,-965567243252.94,-24671043811.67,6522.96,6729.45,201.04
19440000.00,1118477201170.10,-962659392726.23,-24583461657.06,6493.28,6732.83,204.43
19872000.00,1121275854101.15,-959750078199.31,-24494424681.67,6463.40,6736.22,207.77
20304000.00,1124061555504.77,-956839293035.73,-24403950585.26,6433.32,6739.64,211.08
20736000.00,1126834216822.03,-953927031379.56,-24312056964.55,6403.03,6743.06,214.35
21168000.00,1129593748497.48,-951013288126.40,-24218761327.69,6372.53,6746.50,217.57
21600000.00,1132340059915.47,-948098058866.17,-24124081118.38,6341.82,6749.94,220.76
22032000.00,1135073059321.29,-945181339855.64,-24028033729.44,6310.90,6753.39,223.90
22464000.00,1137792653739.84,-942263127988.92,-23930636518.86,6279.76,6756.85,227.01
22896000.00,1140498748886.71,-939343420739.94,-23831906833.49,6248.40,6760.31,230.07
23328000.00,1143191249096.58,-936422216128.25,-23731862025.88,6216.82,6763.78,233.09
23760000.00,1145870057238.28,-933499512679.54,-23630519473.56,6185.01,6767.25,236.08
24192000.00,1148535074609.54,-930575309387.64,-23527896597.30,6152.98,6770.73,239.02
24624000.00,1151186200864.93,-927649605652.72,-23424010888.22,6120.70,6774.20,241.92
25056000.00,1153823333916.41,-924722401247.91,-23318879924.78,6088.19,6777.67,244.79
25488000.00,1156446369835.16,-921793696281.20,-23212521393.26,6055.44,6781.15,247.61
25920000.00,1159055202742.30,-918863491126.91,-23104953116.03,6022.44,6784.62,250.39
26352000.00,1161649724720.84,-915931786380.72,-22996193074.29,5989.18,6788.09,253.13
26784000.00,1164229825705.70,-912998582807.95,-22886259432.58,5955.67,6791.56,255.82
27216000.00,1166795393355.06,-910063881297.55,-22775170562.16,5921.90,6795.02,258.47
27648000.00,1169346312951.51,-907127682775.82,-22662945077.03,5887.86,6798.49,261.08
28080000.00,1171882467277.71,-904189988163.16,-22549601856.93,5853.54,6801.95,263.65
28512000.00,1174403736493.41,-901250798311.80,-22435160077.95,5818.94,6805.41,266.17
28944000.00,1176909997982.58,-898310113929.15,-22319639245.57,5784.06,6808.87,268.64
29376000.00,1179401126245.43,-895367935493.60,-22203059232.75,5748.88,6812.33,271.07
29808000.00,1181876992741.68,-892424263187.77,-22085440311.23,5713.40,6815.79,273.45
30240000.00,1184337465739.92,-889479096824.79,-21966803187.84,5677.61,6819.25,275.79
30672000.00,1186782410153.68,-886532435734.14,-21847169050.56,5641.51,6822.71,278.07
31104000.00,1189211687399.76,-883584278677.13,-21726559609.74,5605.08,6826.17,280.30
