0.00,993696528844.04,-1094005876289.50,-23225631922.08,7664.74,5897.20,0.00
424800.00,996946758228.77,-1091499903293.89,-23225059301.60,7637.53,5901.20,2.70
849600.00,1000185379303.89,-1088992198853.54,-23223345238.92,7610.09,5905.35,5.38
1274400.00,1003412296072.91,-1086482702542.10,-23220495484.13,7582.42,5909.64,8.05
1699200.00,1006627414047.37,-1083971354124.06,-23216515852.11,7554.54,5914.07,10.70
2124000.00,1009830640183.45,-1081458093548.69,-23211412220.72,7526.43,5918.64,13.34
2548800.00,1013021882842.95,-1078942860942.61,-23205190528.47,7498.12,5923.36,15.96
2973600.00,1016201051747.35,-1076425596610.09,-23197856770.76,7469.59,5928.21,18.57
3398400.00,1019368057912.25,-1073906241031.45,-23189416996.20,7440.85,5933.20,21.17
3823200.00,1022522813618.62,-1071384734837.54,-23179877308.98,7411.91,5938.34,23.75
4248000.00,1025665232363.58,-1068861018808.84,-23169243864.16,7382.77,5943.61,26.32
4672800.00,1028795228820.89,-1066335033875.99,-23157522863.83,7353.43,5949.02,28.87
5097600.00,1031912718780.85,-1063806721093.39,-23144720559.27,7323.89,5954.57,31.41
5522400.00,1035017619135.03,-1061276021623.02,-23130843251.03,7294.15,5960.26,33.93
5947200.00,1038109847823.83,-1058742876726.47,-23115897285.39,7264.23,5966.08,36.44
6372000.00,1041189323808.12,-1056207227760.10,-23099889051.96,7234.11,5972.05,38.93
6796800.00,1044255967005.67,-1053669016151.75,-23082824983.82,7203.81,5978.15,41.41
7221600.00,1047309698287.79,-1051128183362.06,-23064711564.09,7173.32,5984.39,43.87
7646400.00,1050350439431.76,-1048584670892.29,-23045555317.48,7142.65,5990.76,46.32
8071200.00,1053378113100.74,-1046038420250.81,-23025362815.30,7111.80,5997.28,48.75
8496000.00,1056392642795.02,-1043489372958.38,-23004140668.66,7080.77,6003.93,51.17
8920800.00,1059393952815.22,-1040937470498.90,-22981895535.78,7049.56,6010.72,53.57
9345600.00,1062381968267.24,-1038382654293.37,-22958634125.82,7018.17,6017.65,55.95
9770400.00,1065356615010.73,-1035824865703.73,-22934363190.55,6986.62,6024.72,58.32
10195200.00,1068317819648.88,-1033264045990.23,-22909089531.69,6954.89,6031.92,60.67
10620000.00,1071265509490.48,-1030700136315.45,-22882819994.55,6922.99,6039.26,63.01
11044800.00,1074199612511.35,-1028133077697.45,-22855561473.59,6890.92,6046.75,65.33
11469600.00,1077120057365.01,-1025562810968.05,-22827320920.82,6858.68,6054.37,67.63
11894400.00,1080026773362.68,-1022989276777.04,-22798105339.88,6826.28,6062.13,69.92
12319200.00,1082919690429.22,-1020412415558.37,-22767921786.77,6793.72,6070.03,72.19
12744000.00,1085798739114.53,-1017832167507.35,-22736777374.41,6760.99,6078.08,74.44
13168800.00,1088663850540.86,-1015248472568.46,-22704679267.80,6728.10,6086.26,76.68
13593600.00,1091514956392.90,-1012661270379.58,-22671634693.26,6695.05,6094.59,78.90
14018400.00,1094351988934.98,-1010070500237.79,-22637650945.49,6661.84,6103.06,81.10
14443200.00,1097174880995.24,-1007476101100.55,-22602735382.53,6628.47,6111.68,83.29
14868000.00,1099983565923.86,-1004878011550.48,-22566895425.48,6594.95,6120.44,85.45
15292800.00,1102777977619.37,-1002276169762.72,-22530138567.16,6561.27,6129.34,87.60
15717600.00,1105558050486.51,-999670513499.25,-22492472365.96,6527.44,6138.40,89.74
16142400.00,1108323719422.93,-997060980054.59,-22453904453.55,6493.46,6147.60,91.85
16567200.00,1111074919839.87,-994447506213.32,-22414442543.88,6459.32,6156.95,93.94
16992000.00,1113811587676.06,-991830028234.30,-22374094435.56,6425.04,6166.45,96.02
17416800.00,1116533659363.57,-989208481845.62,-22332868004.90,6390.60,6176.10,98.08
17841600.00,1119241071824.38,-986582802186.68,-22290771214.26,6356.02,6185.91,100.12
18266400.00,1121933762494.93,-983952923800.00,-22247812115.44,6321.29,6195.87,102.14
18691200.00,1124611669286.19,-981318780606.24,-22203998846.56,6286.42,6205.99,104.14
19116000.00,1127274730593.32,-978680305849.57,-22159339641.51,6251.40,6216.27,106.12
19540800.00,1129922885324.29,-976037432061.11,-22113842838.32,6216.23,6226.70,108.08
19965600.00,1132556072920.43,-973390091041.63,-22067516882.64,6180.93,6237.30,110.03
20390400.00,1135174233339.91,-970738213855.91,-22020370323.05,6145.48,6248.06,111.95
20815200.00,1137777307041.61,-968081730781.38,-21972411814.12,6109.90,6258.99,113.85
21240000.00,1140365235039.31,-965420571281.20,-21923650127.25,6074.18,6270.08,115.73
21664800.00,1142937958874.03,-962754663997.67,-21874094145.17,6038.32,6281.34,117.59
22089600.00,1145495420618.28,-960083936698.11,-21823752869.03,6002.32,6292.77,119.43
22514400.00,1148037562912.55,-957408316234.85,-21772635427.89,5966.19,6304.38,121.24
22939200.00,1150564328999.17,-954727728521.37,-21720751084.99,5929.93,6316.16,123.04
23364000.00,1153075662742.16,-952042098520.71,-21668109239.74,5893.53,6328.12,124.81
23788800.00,1155571508612.12,-949351350232.38,-21614719423.65,5857.01,6340.26,126.56
24213600.00,1158051811698.24,-946655406633.96,-21560591306.86,5820.36,6352.58,128.28
24638400.00,1160516517771.93,-943954189670.94,-21505734707.39,5783.58,6365.09,129.99
25063200.00,1162965573262.98,-941247620244.30,-21450159586.24,5746.67,6377.78,131.67
25488000.00,1165398925282.74,-938535618158.07,-21393876055.41,5709.64,6390.67,133.32
25912800.00,1167816521673.01,-935818102086.42,-21336894387.01,5672.49,6403.74,134.95
26337600.00,1170218311049.55,-933094989554.43,-21279225019.57,5635.22,6417.02,136.56
26762400.00,1172604242835.95,-930366196927.12,-21220878561.48,5597.83,6430.49,138.14
27187200.00,1174974267274.35,-927631639402.27,-21161865790.03,5560.33,6444.16,139.70
27612000.00,1177328335420.30,-924891230972.72,-21102197650.38,5522.71,6458.03,141.23
28036800.00,1179666399222.45,-922144884384.94,-21041885269.64,5484.98,6472.12,142.73
28461600.00,1181988411548.31,-919392511158.02,-20980939955.83,5447.14,6486.41,144.21
28886400.00,1184294326182.79,-916634021543.73,-20919373198.14,5409.19,6500.91,145.66
29311200.00,1186584097886.41,-913869324489.03,-20857196676.70,5371.13,6515.64,147.08
29736000.00,1188857682457.13,-911098327620.07,-20794422270.30,5332.98,6530.58,148.47
30160800.00,1191115036781.98,-908320937236.09,-20731062061.18,5294.72,6545.74,149.84
30585600.00,1193356118877.49,-905537058306.60,-20667128337.78,5256.37,6561.13,151.17
31010400.00,1195580887913.06,-902746594468.15,-20602633594.52,5217.92,6576.74,152.48
