0.00,970058306893.36,-1089484706074.51,-12804260123.38,7535.52,6613.33,-0.01
423360.00,973245702459.56,-1086684036830.34,-12804964724.97,7521.96,6617.36,-3.34
846720.00,976427303468.94,-1083881678219.55,-12807075951.26,7508.15,6621.31,-6.66
1270080.00,979603005731.44,-1081077662256.20,-12810589959.93,7494.09,6625.19,-9.97
1693440.00,982772705662.15,-1078272021256.79,-12815502940.39,7479.79,6628.99,-13.27
2116800.00,985936300254.74,-1075464787861.63,-12821811116.25,7465.25,6632.71,-16.56
2540160.00,989093687025.61,-1072655995053.38,-12829510749.27,7450.46,6636.35,-19.84
2963520.00,992244763979.07,-1069845676170.82,-12838598140.99,7435.44,6639.92,-23.11
3386880.00,995389429561.65,-1067033864906.24,-12849069624.40,7420.17,6643.40,-26.38
3810240.00,998527582641.16,-1064220595338.54,-12860921571.64,7404.67,6646.81,-29.63
4233600.00,1001659122441.03,-1061405901953.85,-12874150399.49,7388.93,6650.13,-32.88
4656960.00,1004783948508.56,-1058589819640.40,-12888752562.12,7372.95,6653.37,-36.12
5080320.00,1007901960664.52,-1055772383716.40,-12904724558.73,7356.74,6656.52,-39.35
5503680.00,1011013058968.70,-1052953629913.62,-12922062918.24,7340.29,6659.59,-42.58
5927040.00,1014117143692.45,-1050133594421.18,-12940764211.88,7323.60,6662.58,-45.79
6350400.00,1017214115251.03,-1047312313907.74,-12960825059.84,7306.68,6665.47,-49.00
6773760.00,1020303874156.42,-1044489825502.38,-12982242118.46,7289.53,6668.28,-52.20
7197120.00,1023386320990.64,-1041666166828.73,-13005012088.96,7272.14,6671.00,-55.39
7620480.00,1026461356335.22,-1038841376006.04,-13029131713.91,7254.51,6673.63,-58.57
8043840.00,1029528880748.54,-1036015491641.56,-13054597764.31,7236.65,6676.17,-61.75
8467200.00,1032588794725.55,-1033188552875.61,-13081407052.41,7218.56,6678.61,-64.92
8890560.00,1035640998628.38,-1030360599403.91,-13109556437.98,7200.23,6680.96,-68.08
9313920.00,1038685392622.86,-1027531671464.85,-13139042819.64,7181.66,6683.21,-71.24
9737280.00,1041721876648.77,-1024701809835.32,-13169863125.83,7162.86,6685.37,-74.38
10160640.00,1044750350365.60,-1021871055881.06,-13202014330.87,7143.82,6687.43,-77.52
10584000.00,1047770713078.10,-1019039451532.53,-13235493440.77,7124.54,6689.39,-80.66
11007360.00,1050782863710.94,-1016207039287.57,-13270297483.11,7105.02,6691.24,-83.78
11430720.00,1053786700755.04,-1013373862253.97,-13306423517.34,7085.26,6693.00,-86.90
11854080.00,1056782122191.75,-1010539964171.86,-13343868640.28,7065.26,6694.65,-90.01
12277440.00,1059769025417.07,-1007705389412.52,-13382629982.13,7045.02,6696.19,-93.12
12700800.00,1062747307179.68,-1004870182961.22,-13422704694.44,7024.53,6697.63,-96.22
13124160.00,1065716863543.06,-1002034390427.60,-13464089944.37,7003.80,6698.96,-99.31
13547520.00,1068677589803.86,-999198058098.54,-13506782931.39,6982.82,6700.18,-102.40
13970880.00,1071629380403.71,-996361232902.11,-13550780869.68,6961.58,6701.29,-105.48
14394240.00,1074572128890.49,-993523962406.54,-13596080973.94,6940.10,6702.28,-108.55
14817600.00,1077505727848.79,-990686294860.35,-13642680466.07,6918.36,6703.16,-111.61
15240960.00,1080430068807.39,-987848279215.81,-13690576579.33,6896.36,6703.93,-114.67
15664320.00,1083345042144.15,-985009965132.38,-13739766555.29,6874.10,6704.57,-117.73
16087680.00,1086250536995.23,-982171402967.77,-13790247635.25,6851.58,6705.10,-120.77
16511040.00,1089146441173.80,-979332643761.56,-13842017047.09,6828.79,6705.50,-123.81
16934400.00,1092032641104.30,-976493739240.85,-13895071995.33,6805.74,6705.78,-126.85
17357760.00,1094909021717.53,-973654741875.50,-13949409673.99,6782.40,6705.94,-129.87
17781120.00,1097775466320.40,-970815704846.41,-14005027254.75,6758.79,6705.97,-132.89
18204480.00,1100631856527.74,-967976682016.45,-14061921861.03,6734.90,6705.87,-135.90
18627840.00,1103478072169.03,-965137727963.63,-14120090566.04,6710.73,6705.64,-138.91
19051200.00,1106313991162.44,-962298898004.94,-14179530393.90,6686.26,6705.28,-141.91
19474560.00,1109139489380.89,-959460248198.15,-14240238314.29,6661.49,6704.79,-144.90
19897920.00,1111954440518.85,-956621835330.68,-14302211231.88,6636.43,6704.16,-147.89
20321280.00,1114758715960.02,-953783716901.15,-14365445972.21,6611.06,6703.40,-150.86
20744640.00,1117552184647.11,-950945951095.50,-14429939264.22,6585.37,6702.50,-153.83
21168000.00,1120334712959.32,-948108596768.20,-14495687720.58,6559.37,6701.45,-156.79
21591360.00,1123106164575.43,-945271713472.65,-14562687831.53,6533.04,6700.27,-159.74
22014720.00,1125866400267.91,-942435361471.77,-14630935967.31,6506.38,6698.94,-162.69
22438080.00,1128615277747.64,-939599601647.71,-14700428340.81,6479.38,6697.47,-165.62
22861440.00,1131352651534.68,-936764495489.92,-14771160979.91,6452.03,6695.85,-168.55
23284800.00,1134078372771.08,-933930105113.54,-14843129718.14,6424.33,6694.09,-171.46
23708160.00,1136792289006.69,-931096493249.21,-14916330182.17,6396.26,6692.17,-174.36
24131520.00,1139494243980.51,-928263723207.58,-14990757771.45,6367.82,6690.11,-177.26
24554880.00,1142184077399.57,-925431858831.84,-15066407632.49,6338.99,6687.89,-180.14
24978240.00,1144861624712.29,-922600964442.13,-15143274629.47,6309.77,6685.53,-183.01
25401600.00,1147526716875.32,-919771104771.98,-15221353311.01,6280.15,6683.00,-185.86
25824960.00,1150179180115.45,-916942344898.53,-15300637873.19,6250.11,6680.33,-188.70
26248320.00,1152818835687.57,-914114750179.78,-15381122120.07,6219.64,6677.50,-191.53
26671680.00,1155445499594.05,-911288386237.94,-15462799434.85,6188.73,6674.51,-194.34
27095040.00,1158058982221.01,-908463318894.85,-15545662757.88,6157.36,6671.37,-197.13
27518400.00,1160659088054.93,-905639613982.99,-15629704520.23,6125.53,6668.08,-199.91
27941760.00,1163245615410.40,-902817337260.65,-15714916582.64,6093.21,6664.63,-202.66
28365120.00,1165818356061.75,-899996554349.87,-15801290193.29,6060.39,6661.02,-205.39
28788480.00,1168377094839.03,-897177330619.41,-15888815938.59,6027.06,6657.26,-208.10
29211840.00,1170921609215.12,-894359731027.15,-15977483682.51,5993.19,6653.35,-210.79
29635200.00,1173451668882.31,-891543819936.73,-16067282496.78,5958.77,6649.28,-213.45
30058560.00,1175967035312.01,-888729660913.51,-16158200583.16,5923.77,6645.07,-216.07
30481920.00,1178467461291.66,-885917316498.75,-16250225188.75,5888.18,6640.71,-218.67
30905280.00,1180952690439.44,-883106847955.75,-16343342512.62,5851.97,6636.21,-221.24
