0.00,983505163365.11,-1101099895634.32,-5929207588.77,5546.42,6814.84,-0.06
423360.00,985848148654.81,-1098215622894.36,-5932938997.60,5522.05,6810.73,-17.67
846720.00,988180947773.69,-1095333129987.86,-5944110604.32,5498.30,6806.43,-35.21
1270080.00,990503825838.42,-1092452492014.30,-5962685580.10,5475.18,6801.97,-52.65
1693440.00,992817047190.12,-1089573778311.32,-5988623277.57,5452.69,6797.34,-69.99
2116800.00,995120875253.96,-1086697052528.68,-6021879336.09,5430.81,6792.58,-87.22
2540160.00,997415572392.33,-1083822372641.53,-6062405710.76,5409.55,6787.68,-104.33
2963520.00,999701399787.92,-1080949791007.84,-6110150760.36,5388.91,6782.67,-121.32
3386880.00,1001978617333.16,-1078079354412.41,-6165059274.08,5368.88,6777.55,-138.17
3810240.00,1004247483506.08,-1075211104157.38,-6227072604.48,5349.46,6772.34,-154.88
4233600.00,1006508255200.33,-1072345076077.81,-6296128699.91,5330.65,6767.05,-171.44
4656960.00,1008761187656.71,-1069481300591.80,-6372162161.48,5312.43,6761.70,-187.84
5080320.00,1011006534305.31,-1066619802757.09,-6455104328.61,5294.81,6756.29,-204.07
5503680.00,1013244546695.01,-1063760602317.05,-6544883293.13,5277.79,6750.85,-220.13
5927040.00,1015475474388.70,-1060903713797.90,-6641424039.86,5261.35,6745.37,-236.01
6350400.00,1017699564795.88,-1058049146556.36,-6744648516.77,5245.49,6739.88,-251.71
6773760.00,1019917063071.86,-1055196904797.41,-6854475640.71,5230.21,6734.39,-267.20
7197120.00,1022128212053.18,-1052346987660.44,-6970821421.21,5215.50,6728.90,-282.50
7620480.00,1024333252087.28,-1049499389272.54,-7093599008.44,5201.35,6723.44,-297.58
8043840.00,1026532420982.15,-1046654098790.66,-7222718709.94,5187.77,6718.00,-312.46
8467200.00,1028725953931.99,-1043811100499.92,-7358088121.59,5174.73,6712.61,-327.11
8890560.00,1030914083381.32,-1040970373896.65,-7499612231.07,5162.24,6707.27,-341.53
9313920.00,1033097038885.01,-1038131893735.68,-7647193459.06,5150.29,6702.00,-355.72
9737280.00,1035275047039.13,-1035295630055.87,-7800731682.74,5138.87,6696.80,-369.67
10160640.00,1037448331426.27,-1032461548289.57,-7960124383.34,5127.98,6691.70,-383.37
10584000.00,1039617112447.71,-1029629609336.52,-8125266693.73,5117.60,6686.68,-396.83
11007360.00,1041781607264.83,-1026799769593.46,-8296051404.45,5107.73,6681.78,-410.03
11430720.00,1043942029759.69,-1023971981041.55,-8472369070.95,5098.36,6677.00,-422.96
11854080.00,1046098590449.34,-1021146191350.68,-8654108132.86,5089.49,6672.34,-435.63
12277440.00,1048251496373.62,-1018322343974.25,-8841155005.54,5081.10,6667.82,-448.03
12700800.00,1050400950974.20,-1015500378217.09,-9033394131.25,5073.19,6663.45,-460.16
13124160.00,1052547154023.68,-1012680229262.24,-9230708005.27,5065.74,6659.24,-472.01
13547520.00,1054690301618.59,-1009861828278.87,-9432977315.55,5058.76,6655.20,-483.57
13970880.00,1056830586043.60,-1007045102555.44,-9640081040.35,5052.22,6651.33,-494.84
14394240.00,1058968195671.26,-1004229975533.92,-9851896446.77,5046.12,6647.65,-505.82
14817600.00,1061103314935.54,-1001416366868.57,-10068299155.19,5040.45,6644.16,-516.51
15240960.00,1063236124300.20,-998604192524.54,-10289163247.66,5035.21,6640.88,-526.90
15664320.00,1065366800204.18,-995793364893.21,-10514361379.20,5030.38,6637.80,-536.98
16087680.00,1067495514988.92,-992983792907.67,-10743764874.49,5025.95,6634.95,-546.76
16511040.00,1069622436809.45,-990175382144.56,-10977243800.45,5021.91,6632.32,-556.23
16934400.00,1071747729545.96,-987368034877.17,-11214667002.19,5018.25,6629.93,-565.39
17357760.00,1073871552811.39,-984561650128.51,-11455902183.55,5014.97,6627.78,-574.24
17781120.00,1075994061941.45,-981756123845.87,-11700816055.48,5012.04,6625.87,-582.77
18204480.00,1078115407880.80,-978951349011.08,-11949274382.96,5009.47,6624.23,-590.98
18627840.00,1080235737118.93,-976147215688.82,-12201142012.82,5007.24,6622.85,-598.87
19051200.00,1082355191675.12,-973343611091.54,-12456282940.68,5005.34,6621.73,-606.44
19474560.00,1084473909097.22,-970540419675.21,-12714560405.13,5003.76,6620.90,-613.69
19897920.00,1086592022454.68,-967737523256.45,-12975836989.23,5002.49,6620.34,-620.61
20321280.00,1088709660321.63,-964934801139.52,-13239974717.43,5001.51,6620.08,-627.20
20744640.00,1090826946747.30,-962132130244.61,-13506835141.34,5000.83,6620.10,-633.47
21168000.00,1092944001203.10,-959329385220.18,-13776279404.78,5000.42,6620.43,-639.40
21591360.00,1095060938523.12,-956526438491.68,-14048168281.94,5000.27,6621.06,-645.01
22014720.00,1097177868960.11,-953723160322.50,-14322362264.08,5000.38,6622.00,-650.29
22438080.00,1099294898232.08,-950919418994.99,-14598721677.76,5000.74,6623.25,-655.24
22861440.00,1101412127462.08,-948115080938.18,-14877106738.09,5001.33,6624.82,-659.86
23284800.00,1103529653130.05,-945310010797.34,-15157377586.71,5002.14,6626.71,-664.15
23708160.00,1105647567063.43,-942504071494.73,-15439394344.09,5003.16,6628.93,-668.10
24131520.00,1107765956458.17,-939697124304.55,-15723017178.45,5004.39,6631.48,-671.73
24554880.00,1109884903913.98,-936889028945.99,-16008106383.46,5005.80,6634.36,-675.03
24978240.00,1112004487475.15,-934079643692.56,-16294522458.11,5007.39,6637.57,-678.00
25401600.00,1114124780669.29,-931268825493.21,-16582126182.90,5009.15,6641.13,-680.64
25824960.00,1116245852536.59,-928456430099.06,-16870778688.14,5011.07,6645.03,-682.95
26248320.00,1118367767634.58,-925642312184.84,-17160341510.95,5013.13,6649.27,-684.94
26671680.00,1120490585999.04,-922826325421.43,-17450676634.64,5015.33,6653.86,-686.60
27095040.00,1122614363173.22,-920008322491.45,-17741646538.18,5017.66,6658.80,-687.93
27518400.00,1124739150339.86,-917188155205.16,-18033114273.39,5020.11,6664.08,-688.95
27941760.00,1126864994359.75,-914365674646.53,-18324943519.61,5022.65,6669.73,-689.64
28365120.00,1128991937761.98,-911540731268.73,-18616998622.34,5025.30,6675.72,-690.01
28788480.00,1131120018742.95,-908713174963.45,-18909144632.25,5028.03,6682.07,-690.07
29211840.00,1133249271183.74,-905882855119.55,-19201247347.67,5030.83,6688.78,-689.81
29635200.00,1135379724688.90,-903049620679.60,-19493173360.78,5033.70,6695.84,-689.23
30058560.00,1137511404645.00,-900213320202.12,-19784790105.59,5036.62,6703.27,-688.34
30481920.00,1139644332292.14,-897373801932.90,-20075965904.84,5039.59,6711.05,-687.15
30905280.00,1141778524804.33,-894530913885.50,-20366570013.39,5042.60,6719.19,-685.64
