0.00,998589129229.69,-1107606043329.57,-21792949695.36,7160.83,5391.93,0.01
423360.00,1001611920404.04,-1105322170291.14,-21792283299.73,7118.83,5397.44,3.16
846720.00,1004616857752.14,-1103035882049.35,-21790281150.24,7076.48,5403.34,6.32
1270080.00,1007603790556.35,-1100747017559.53,-21786938783.41,7033.77,5409.62,9.49
1693440.00,1010572566957.50,-1098455413783.48,-21782251709.05,6990.71,5416.28,12.67
2116800.00,1013523033857.62,-1096160905391.41,-21776215421.41,6947.27,5423.34,15.87
2540160.00,1016455036880.90,-1093863324521.28,-21768825403.13,6903.48,5430.80,19.07
2963520.00,1019368420271.12,-1091562500502.08,-21760077125.33,6859.31,5438.67,22.28
3386880.00,1022263026792.45,-1089258259597.23,-21749966044.12,6814.77,5446.95,25.51
3810240.00,1025138697679.69,-1086950424634.79,-21738487623.91,6769.85,5455.65,28.74
4233600.00,1027995272656.10,-1084638814740.88,-21725637349.44,6724.56,5464.79,31.99
4656960.00,1030832589792.83,-1082323245035.17,-21711410714.69,6678.87,5474.36,35.24
5080320.00,1033650485526.21,-1080003526296.75,-21695803244.82,6632.80,5484.39,38.51
5503680.00,1036448794528.40,-1077679464626.09,-21678810489.97,6586.34,5494.88,41.79
5927040.00,1039227349748.98,-1075350861007.11,-21660428063.09,6539.48,5505.85,45.08
6350400.00,1041985982478.60,-1073017510971.21,-21640651662.37,6492.22,5517.31,48.37
6773760.00,1044724522246.45,-1070679204259.29,-21619477057.98,6444.56,5529.28,51.68
7197120.00,1047442796845.21,-1068335724335.46,-21596900122.87,6396.48,5541.76,55.00
7620480.00,1050140632365.54,-1065986848034.10,-21572916845.99,6348.00,5554.78,58.33
8043840.00,1052817853141.82,-1063632345047.88,-21547523345.32,6299.09,5568.35,61.66
8467200.00,1055474281901.44,-1061271977407.42,-21520715918.67,6249.77,5582.49,65.00
8890560.00,1058109739903.08,-1058905499028.16,-21492491079.82,6200.02,5597.22,68.36
9313920.00,1060724046975.86,-1056532655262.64,-21462845569.83,6149.85,5612.57,71.72
9737280.00,1063317021507.65,-1054153182307.04,-21431776366.06,6099.24,5628.55,75.08
10160640.00,1065888480725.58,-1051766806605.38,-21399280752.18,6048.20,5645.18,78.45
10584000.00,1068438240752.89,-1049373244339.43,-21365356327.59,5996.73,5662.51,81.83
11007360.00,1070966116763.58,-1046972200699.43,-21330001053.50,5944.82,5680.54,85.21
11430720.00,1073471923312.71,-1044563369210.69,-21293213326.08,5892.47,5699.31,88.60
11854080.00,1075955474655.87,-1042146431090.42,-21254992038.59,5839.68,5718.84,91.99
12277440.00,1078416585041.09,-1039721054591.06,-21215336633.09,5786.45,5739.18,95.37
12700800.00,1080855068934.44,-1037286894277.94,-21174247134.12,5732.78,5760.35,98.76
13124160.00,1083270741355.68,-1034843590119.80,-21131724206.51,5678.68,5782.39,102.14
13547520.00,1085663418526.81,-1032390766735.33,-21087769272.49,5624.15,5805.33,105.53
13970880.00,1088032918182.47,-1029928032595.94,-21042384547.47,5569.19,5829.22,108.90
14394240.00,1090379060150.48,-1027454979001.17,-20995573135.92,5513.80,5854.10,112.26
14817600.00,1092701667127.80,-1024971179159.60,-20947339156.42,5458.00,5880.00,115.62
15240960.00,1095000565471.23,-1022476187283.93,-20897687858.81,5401.80,5906.98,118.96
15664320.00,1097275586022.43,-1019969537655.62,-20846625740.13,5345.20,5935.09,122.28
16087680.00,1099526564972.95,-1017450743645.35,-20794160660.03,5288.22,5964.37,125.59
16511040.00,1101753344757.31,-1014919296633.02,-20740301948.28,5230.88,5994.88,128.87
16934400.00,1103955775197.84,-1012374664759.12,-20685060542.62,5173.20,6026.68,132.12
17357760.00,1106133715060.19,-1009816291955.06,-20628449207.22,5115.19,6059.82,135.34
17781120.00,1108287033216.05,-1007243596892.58,-20570482657.09,5056.88,6094.36,138.52
18204480.00,1110415610242.48,-1004655971658.86,-20511177743.01,4998.31,6130.37,141.66
18627840.00,1112519340369.75,-1002052780665.27,-20450553693.47,4939.51,6167.91,144.75
19051200.00,1114598133516.84,-999433359618.42,-20388632352.69,4880.51,6207.06,147.79
19474560.00,1116651917470.98,-996797014501.53,-20325438424.56,4821.37,6247.89,150.76
19897920.00,1118680640256.76,-994143020579.84,-20260999730.27,4762.13,6290.46,153.66
20321280.00,1120684272704.05,-991470621438.95,-20195347477.37,4702.85,6334.86,156.49
20744640.00,1122662811228.37,-988779028022.11,-20128516534.88,4643.59,6381.17,159.23
21168000.00,1124616281016.68,-986067417638.04,-20060545728.58,4584.44,6429.45,161.87
21591360.00,1126544739929.21,-983334933462.13,-19991478242.17,4525.46,6479.80,164.41
22014720.00,1128448282066.97,-980580684383.15,-19921361976.23,4466.74,6532.30,166.82
22438080.00,1130327041734.94,-977803744379.64,-19850249862.88,4408.40,6587.03,169.11
22861440.00,1132181198290.46,-975003152664.83,-19778200312.15,4350.54,6644.06,171.25
23284800.00,1134010981121.71,-972177914323.79,-19705277661.55,4293.28,6703.49,173.23
23708160.00,1135816674860.29,-969327001291.36,-19631552618.25,4236.77,6765.38,175.04
24131520.00,1137598624907.56,-966449353764.49,-19557102702.32,4181.15,6829.81,176.65
24554880.00,1139357243284.40,-963543882158.24,-19482012694.83,4126.58,6896.85,178.06
24978240.00,1141093014772.30,-960609469678.13,-19406375085.96,4073.26,6966.56,179.23
25401600.00,1142806503332.21,-957644975569.07,-19330290511.61,4021.36,7038.99,180.16
25824960.00,1144498358874.30,-954649239133.92,-19253868163.44,3971.11,7114.18,180.82
26248320.00,1146169324596.90,-951621085023.76,-19177226185.33,3922.73,7192.16,181.19
26671680.00,1147820244050.92,-948559330513.67,-19100492107.79,3876.46,7272.93,181.25
27095040.00,1149452067106.33,-945462792712.56,-19023803121.31,3832.57,7356.49,180.98
27518400.00,1151065857089.56,-942330297066.74,-18947306235.75,3791.34,7442.81,180.34
27941760.00,1152662797276.66,-939160688174.75,-18871158382.52,3753.04,7531.83,179.32
28365120.00,1154244195807.85,-935952842006.81,-18795526434.65,3717.99,7623.45,177.89
28788480.00,1155811489872.25,-932705679609.64,-18720587079.33,3686.49,7717.55,176.04
29211840.00,1157366248670.14,-929418182035.16,-18646526466.32,3658.85,7813.98,173.74
29635200.00,1158910174688.86,-926089406647.34,-18573539650.91,3635.39,7912.53,170.96
30058560.00,1160445102995.57,-922718504690.05,-18501829810.28,3616.43,8012.96,167.70
30481920.00,1161972998241.62,-919304739863.66,-18431607205.53,3602.25,8114.98,163.93
30905280.00,1163495949176.26,-915847507687.00,-18363087848.83,3593.15,8218.25,159.65
