0.00,948350355025.10,-1135908154092.20,-12177199734.65,6144.70,6635.87,-0.00
424800.00,950959507674.50,-1133083674840.63,-12177746121.38,6139.41,6662.12,-2.57
849600.00,953566390729.12,-1130248079165.66,-12179375281.57,6134.01,6688.21,-5.10
1274400.00,956170958565.63,-1127401433877.84,-12182072563.98,6128.51,6714.14,-7.60
1699200.00,958773166463.47,-1124543804375.60,-12185823768.32,6122.90,6739.92,-10.06
2124000.00,961372970586.83,-1121675254725.55,-12190615123.28,6117.19,6765.55,-12.50
2548800.00,963970327967.58,-1118795847726.37,-12196433271.06,6111.38,6791.04,-14.90
2973600.00,966565196493.59,-1115905644972.35,-12203265252.62,6105.48,6816.38,-17.27
3398400.00,969157534898.41,-1113004706923.43,-12211098489.90,6099.47,6841.58,-19.61
3823200.00,971747302738.36,-1110093092961.12,-12219920769.40,6093.37,6866.64,-21.93
4248000.00,974334460385.53,-1107170861444.53,-12229720230.69,6087.18,6891.57,-24.21
4672800.00,976918969021.14,-1104238069760.02,-12240485355.18,6080.90,6916.36,-26.47
5097600.00,979500790619.53,-1101294774385.57,-12252204947.11,6074.53,6941.02,-28.71
5522400.00,982079887933.47,-1098341030929.45,-12264868123.82,6068.08,6965.55,-30.92
5947200.00,984656224489.57,-1095376894180.90,-12278464305.28,6061.53,6989.95,-33.10
6372000.00,987229764582.51,-1092402418148.50,-12292983205.27,6054.91,7014.23,-35.26
6796800.00,989800473268.07,-1089417656116.72,-12308414816.80,6048.20,7038.38,-37.40
7221600.00,992368316339.82,-1086422660682.24,-12324749398.71,6041.42,7062.41,-39.51
7646400.00,994933260336.69,-1083417483789.45,-12341977472.81,6034.55,7086.32,-41.60
8071200.00,997495272527.51,-1080402176770.08,-12360089811.30,6027.61,7110.10,-43.67
8496000.00,1000054320918.84,-1077376790376.99,-12379077432.23,6020.60,7133.77,-45.72
8920800.00,1002610374239.63,-1074341374833.54,-12398931583.71,6013.51,7157.32,-47.75
9345600.00,1005163401926.28,-1071295979857.22,-12419643735.66,6006.36,7180.76,-49.76
9770400.00,1007713374135.04,-1068240654691.27,-12441205578.63,5999.13,7204.07,-51.75
10195200.00,1010260261726.37,-1065175448139.53,-12463609011.65,5991.83,7227.28,-53.73
10620000.00,1012804036274.60,-1062100408590.96,-12486846140.17,5984.47,7250.37,-55.68
11044800.00,1015344670062.14,-1059015584063.55,-12510909264.10,5977.05,7273.35,-57.62
11469600.00,1017882136060.12,-1055921022230.99,-12535790866.22,5969.56,7296.21,-59.53
11894400.00,1020416407938.56,-1052816770437.95,-12561483613.44,5962.01,7318.97,-61.43
12319200.00,1022947460068.40,-1049702875738.54,-12587980349.44,5954.40,7341.61,-63.32
12744000.00,1025475267513.15,-1046579384914.48,-12615274088.00,5946.73,7364.15,-65.19
13168800.00,1027999806043.72,-1043446344503.64,-12643358010.87,5939.01,7386.57,-67.04
13593600.00,1030521052128.98,-1040303800837.54,-12672225455.91,5931.23,7408.89,-68.88
14018400.00,1033038982921.69,-1037151800061.39,-12701869908.13,5923.40,7431.10,-70.70
14443200.00,1035553576271.58,-1033990388145.86,-12732285001.89,5915.52,7453.20,-72.50
14868000.00,1038064810733.76,-1030819610922.21,-12763464515.94,5907.59,7475.19,-74.30
15292800.00,1040572665557.66,-1027639514100.01,-12795402365.25,5899.61,7497.07,-76.07
15717600.00,1043077120705.83,-1024450143286.93,-12828092601.70,5891.58,7518.85,-77.84
16142400.00,1045578156854.72,-1021251544023.90,-12861529405.58,5883.51,7540.52,-79.59
16567200.00,1048075755382.85,-1018043761810.08,-12895707075.33,5875.40,7562.09,-81.33
16992000.00,1050569898370.78,-1014826842113.26,-12930620024.76,5867.24,7583.54,-83.05
17416800.00,1053060568625.03,-1011600830387.99,-12966262786.51,5859.05,7604.89,-84.76
17841600.00,1055547749675.42,-1008365772110.28,-13002630003.01,5850.81,7626.13,-86.46
18266400.00,1058031425775.41,-1005121712786.92,-13039716422.86,5842.54,7647.27,-88.15
18691200.00,1060511581923.66,-1001868697979.30,-13077516900.93,5834.24,7668.30,-89.82
19116000.00,1062988203865.53,-998606773335.96,-13116026390.16,5825.90,7689.22,-91.49
19540800.00,1065461278086.04,-995335984615.62,-13155239932.68,5817.54,7710.03,-93.14
19965600.00,1067930791811.98,-992056377698.57,-13195152656.35,5809.14,7730.73,-94.78
20390400.00,1070396733036.52,-988767998600.80,-13235759778.47,5800.72,7751.33,-96.41
20815200.00,1072859090531.50,-985470893509.52,-13277056601.15,5792.27,7771.82,-98.03
21240000.00,1075317853839.01,-982165108799.00,-13319038503.05,5783.80,7792.19,-99.63
21664800.00,1077773013297.26,-978850691045.14,-13361700941.64,5775.30,7812.46,-101.23
22089600.00,1080224560054.53,-975527687058.42,-13405039448.54,5766.79,7832.62,-102.82
22514400.00,1082672486068.71,-972196143912.66,-13449049620.78,5758.26,7852.66,-104.39
22939200.00,1085116784106.96,-968856108964.09,-13493727113.97,5749.71,7872.60,-105.96
23364000.00,1087557447758.26,-965507629863.24,-13539067641.07,5741.14,7892.42,-107.51
23788800.00,1089994471464.67,-962150754575.30,-13585066975.83,5732.57,7912.13,-109.06
24213600.00,1092427850532.73,-958785531419.00,-13631720946.70,5723.99,7931.72,-110.60
24638400.00,1094857581130.16,-955412009081.61,-13679025429.12,5715.39,7951.20,-112.12
25063200.00,1097283660318.16,-952030236637.08,-13726976347.99,5706.80,7970.56,-113.64
25488000.00,1099706086070.29,-948640263582.03,-13775569673.12,5698.19,7989.81,-115.15
25912800.00,1102124857278.04,-945242139868.12,-13824801410.91,5689.59,8008.94,-116.64
26337600.00,1104539973755.42,-941835915926.40,-13874667596.88,5680.99,8027.94,-118.13
26762400.00,1106951436252.44,-938421642685.02,-13925164292.06,5672.39,8046.83,-119.61
27187200.00,1109359246486.14,-934999371588.83,-13976287584.79,5663.79,8065.60,-121.08
27612000.00,1111763407175.06,-931569154638.17,-14028033590.77,5655.20,8084.24,-122.55
28036800.00,1114163922037.75,-928131044426.86,-14080398441.57,5646.63,8102.76,-124.00
28461600.00,1116560795813.03,-924685094155.29,-14133378282.34,5638.06,8121.15,-125.44
28886400.00,1118954034299.71,-921231357665.64,-14186969272.21,5629.51,8139.42,-126.87
29311200.00,1121343644376.11,-917769889485.61,-14241167577.15,5620.98,8157.55,-128.30
29736000.00,1123729634010.60,-914300744866.51,-14295969360.66,5612.47,8175.56,-129.72
30160800.00,1126112012274.33,-910823979813.68,-14351370775.98,5603.98,8193.43,-131.12
30585600.00,1128490789364.68,-907339651112.95,-14407367961.87,5595.51,8211.17,-132.52
31010400.00,1130865976644.34,-903847816360.86,-14463957042.71,5587.08,8228.77,-133.91
