0.00,983320585605.11,-1090150286131.40,-25127767766.67,7666.01,6053.60,0.00
426082.00,986582446047.64,-1087570542359.99,-25126935078.14,7644.89,6055.53,3.91
852164.00,989835239998.26,-1084989986684.11,-25124433012.59,7623.46,6057.41,7.84
1278246.00,993078836489.09,-1082408642947.53,-25120255628.51,7601.72,6059.23,11.77
1704328.00,996313103895.15,-1079826534544.50,-25114397059.02,7579.66,6061.00,15.73
2130410.00,999537909877.30,-1077243684407.10,-25106851511.13,7557.30,6062.71,19.69
2556492.00,1002753121339.45,-1074660114981.67,-25097613266.74,7534.63,6064.38,23.67
2982574.00,1005958604375.56,-1072075848220.16,-25086676679.97,7511.64,6065.99,27.67
3408656.00,1009154224214.31,-1069490905550.43,-25074036179.90,7488.33,6067.55,31.67
3834738.00,1012339845171.89,-1066905307858.67,-25059686269.18,7464.70,6069.06,35.69
4260820.00,1015515330587.15,-1064319075464.75,-25043621525.17,7440.76,6070.53,39.72
4686902.00,1018680542772.73,-1061732228088.74,-25025836602.39,7416.48,6071.95,43.76
5112984.00,1021835342953.38,-1059144784831.07,-25006326231.64,7391.88,6073.33,47.82
5539066.00,1024979591205.20,-1056556764130.33,-24985085224.88,7366.95,6074.66,51.89
5965148.00,1028113146400.13,-1053968183736.13,-24962108475.16,7341.69,6075.95,55.97
6391230.00,1031235866133.15,-1051379060670.03,-24937390960.12,7316.09,6077.21,60.06
6817312.00,1034347606666.14,-1048789411180.98,-24910927745.87,7290.15,6078.43,64.16
7243394.00,1037448222856.80,-1046199250710.69,-24882713988.33,7263.87,6079.61,68.27
7669476.00,1040537568090.73,-1043608593835.22,-24852744940.83,7237.25,6080.76,72.40
8095558.00,1043615494217.79,-1041017454223.27,-24821015956.13,7210.27,6081.87,76.54
8521640.00,1046681851472.05,-1038425844578.43,-24787522493.46,7182.94,6082.96,80.68
8947722.00,1049736488409.00,-1035833776579.30,-24752260124.71,7155.26,6084.03,84.84
9373804.00,1052779251823.95,-1033241260826.54,-24715224538.79,7127.21,6085.06,89.01
9799886.00,1055809986679.01,-1030648306765.13,-24676411552.43,7098.79,6086.08,93.18
10225968.00,1058828536028.61,-1028054922624.03,-24635817114.93,7070.01,6087.08,97.37
10652050.00,1061834740932.38,-1025461115333.63,-24593437319.49,7040.85,6088.07,101.56
11078132.00,1064828440385.87,-1022866890444.63,-24549268412.89,7011.31,6089.04,105.77
11504214.00,1067809471230.19,-1020272252049.85,-24503306804.28,6981.38,6090.01,109.98
11930296.00,1070777668074.65,-1017677202681.05,-24455549080.59,6951.07,6090.97,114.20
12356378.00,1073732863213.19,-1015081743224.12,-24405992015.25,6920.35,6091.94,118.42
12782460.00,1076674886531.51,-1012485872806.20,-24354632584.97,6889.24,6092.90,122.66
13208542.00,1079603565431.14,-1009889588687.23,-24301467983.87,6857.71,6093.88,126.90
13634624.00,1082518724731.46,-1007292886148.03,-24246495638.01,6825.78,6094.87,131.14
14060706.00,1085420186590.36,-1004695758352.92,-24189713227.20,6793.42,6095.88,135.39
14486788.00,1088307770414.42,-1002098196230.72,-24131118699.50,6760.63,6096.91,139.65
14912870.00,1091181292764.91,-999500188322.11,-24070710295.77,6727.41,6097.97,143.91
15338952.00,1094040567279.20,-996901720635.51,-24008486570.15,6693.75,6099.07,148.17
15765034.00,1096885404569.13,-994302776492.35,-23944446412.33,6659.64,6100.21,152.43
16191116.00,1099715612143.65,-991703336346.94,-23878589077.48,6625.08,6101.40,156.70
16617198.00,1102530994316.24,-989103377622.03,-23810914208.55,6590.05,6102.64,160.96
17043280.00,1105331352116.47,-986502874503.91,-23741421871.07,6554.56,6103.95,165.23
17469362.00,1108116483215.94,-983901797749.78,-23670112582.62,6518.58,6105.34,169.49
17895444.00,1110886181832.20,-981300114476.89,-23596987346.09,6482.12,6106.80,173.75
18321526.00,1113640238663.36,-978697787927.51,-23522047690.58,6445.16,6108.36,178.01
18747608.00,1116378440802.27,-976094777246.50,-23445295704.52,6407.69,6110.02,182.26
19173690.00,1119100571665.03,-973491037211.48,-23366734083.74,6369.72,6111.78,186.50
19599772.00,1121806410931.64,-970886517977.89,-23286366172.76,6331.22,6113.67,190.74
20025854.00,1124495734469.74,-968281164794.95,-23204196012.60,6292.19,6115.70,194.96
20451936.00,1127168314298.36,-965674917699.90,-23120228396.50,6252.63,6117.87,199.17
20878018.00,1129823918527.47,-963067711220.57,-23034468918.07,6212.51,6120.21,203.37
21304100.00,1132462311325.33,-960459474025.28,-22946924036.89,6171.83,6122.71,207.55
21730182.00,1135083252894.80,-957850128590.88,-22857601135.66,6130.59,6125.41,211.72
22156264.00,1137686499441.28,-955239590830.05,-22766508586.84,6088.77,6128.31,215.86
22582346.00,1140271803190.38,-952627769700.22,-22673655827.25,6046.37,6131.44,219.98
23008428.00,1142838912380.60,-950014566812.69,-22579053425.43,6003.37,6134.80,224.07
23434510.00,1145387571305.08,-947399875985.47,-22482713169.85,5959.76,6138.42,228.14
23860592.00,1147917520359.91,-944783582818.44,-22384648146.74,5915.54,6142.33,232.17
24286674.00,1150428496097.74,-942165564217.02,-22284872830.71,5870.70,6146.53,236.16
24712756.00,1152920231343.03,-939545687904.63,-22183403182.90,5825.23,6151.05,240.12
25138838.00,1155392455283.82,-936923811926.66,-22080256742.45,5779.12,6155.92,244.03
25564920.00,1157844893638.85,-934299784097.99,-21975452741.57,5732.35,6161.15,247.90
25991002.00,1160277268830.22,-931673441475.57,-21869012208.16,5684.94,6166.79,251.72
26417084.00,1162689300187.37,-929044609770.41,-21760958085.12,5636.86,6172.84,255.47
26843166.00,1165080704227.11,-926413102762.67,-21651315355.76,5588.11,6179.35,259.17
27269248.00,1167451194917.14,-923778721700.98,-21540111163.38,5538.69,6186.34,262.80
27695330.00,1169800484047.62,-921141254654.37,-21427374955.92,5488.60,6193.84,266.36
28121412.00,1172128281606.71,-918500475895.35,-21313138615.70,5437.81,6201.89,269.84
28547494.00,1174434296222.31,-915856145219.11,-21197436608.44,5386.35,6210.52,273.24
28973576.00,1176718235696.19,-913208007287.56,-21080306135.98,5334.19,6219.77,276.55
29399658.00,1178979807539.69,-910555790952.68,-20961787283.01,5281.36,6229.67,279.76
29825740.00,1181218719658.33,-907899208559.20,-20841923188.84,5227.83,6240.27,282.86
30251822.00,1183434681038.19,-905237955290.91,-20720760200.09,5173.63,6251.60,285.85
30677904.00,1185627402543.17,-902571708465.70,-20598348043.61,5118.75,6263.71,288.72
31103986.00,1187796597817.04,-899900126892.11,-20474739997.45,5063.20,6276.65,291.46
