0.00,1002267708208.47,-1110275081173.95,-25116558628.49,6901.99,5413.11,0.02
432000.00,1005241063199.73,-1107934126791.73,-25115395814.40,6863.24,5424.76,5.41
864000.00,1008197624723.96,-1105588082269.19,-25111897400.19,6824.24,5436.67,10.83
1296000.00,1011137280138.17,-1103236838289.04,-25106048202.18,6784.97,5448.84,16.29
1728000.00,1014059914965.46,-1100880283403.84,-25097832729.20,6745.44,5461.26,21.79
2160000.00,1016965412851.10,-1098518303809.23,-25087235193.04,6705.63,5473.96,27.32
2592000.00,1019853655517.23,-1096150783165.23,-25074239501.59,6665.55,5486.92,32.89
3024000.00,1022724522702.71,-1093777602375.80,-25058829254.39,6625.19,5500.16,38.50
3456000.00,1025577892081.73,-1091398639369.43,-25040987730.18,6584.54,5513.69,44.15
3888000.00,1028413639258.95,-1089013768826.95,-25020697914.37,6543.60,5527.52,49.83
4320000.00,1031231637732.44,-1086622861986.36,-24997942492.89,6502.37,5541.64,55.56
4752000.00,1034031758812.66,-1084225786365.37,-24972703841.04,6460.83,5556.08,61.33
5184000.00,1036813871598.32,-1081822405519.98,-24944964030.60,6418.99,5570.84,67.14
5616000.00,1039577842895.54,-1079412578728.14,-24914704824.19,6376.84,5585.93,72.99
6048000.00,1042323537254.56,-1076996160677.60,-24881907715.32,6334.37,5601.36,78.89
6480000.00,1045050816950.20,-1074573001208.82,-24846553931.56,6291.58,5617.14,84.83
6912000.00,1047759541884.25,-1072142944977.78,-24808624410.85,6248.47,5633.29,90.82
7344000.00,1050449569628.58,-1069705831100.76,-24768099842.02,6205.02,5649.82,96.85
7776000.00,1053120755351.65,-1067261492824.74,-24724960649.39,6161.23,5666.74,102.92
8208000.00,1055772951824.62,-1064809757085.18,-24679187023.27,6117.10,5684.07,109.04
8640000.00,1058406009493.80,-1062350444114.39,-24630758968.84,6072.62,5701.83,115.21
9072000.00,1061019776503.98,-1059883367066.92,-24579656328.17,6027.79,5720.02,121.43
9504000.00,1063614098643.21,-1057408331588.21,-24525858767.36,5982.60,5738.68,127.69
9936000.00,1066188819393.14,-1054925135272.62,-24469345814.61,5937.04,5757.81,134.00
10368000.00,1068743780025.42,-1052433567235.36,-24410096910.95,5891.11,5777.44,140.35
10800000.00,1071278819575.00,-1049933407550.15,-24348091410.64,5844.81,5797.59,146.76
11232000.00,1073793774984.73,-1047424426645.31,-24283308656.44,5798.13,5818.29,153.21
11664000.00,1076288481268.52,-1044906384738.37,-24215728054.50,5751.06,5839.55,159.71
12096000.00,1078762771651.23,-1042379031254.89,-24145329135.03,5703.61,5861.41,166.26
12528000.00,1081216477672.07,-1039842104202.11,-24072091592.90,5655.76,5883.88,172.85
12960000.00,1083649429284.72,-1037295329413.17,-23995995319.28,5607.52,5907.01,179.50
13392000.00,1086061455194.09,-1034738419773.83,-23917020533.30,5558.88,5930.81,186.18
13824000.00,1088452383062.91,-1032171074544.15,-23835147854.82,5509.84,5955.33,192.91
14256000.00,1090822039736.24,-1029592978434.15,-23750358375.06,5460.40,5980.60,199.68
14688000.00,1093170251678.73,-1027003800705.94,-23662633812.67,5410.55,6006.65,206.50
15120000.00,1095496845428.66,-1024403194288.14,-23571956667.62,5360.31,6033.52,213.35
15552000.00,1097801648067.78,-1021790794843.86,-23478310372.39,5309.67,6061.26,220.25
15984000.00,1100084487718.76,-1019166219776.37,-23381679445.27,5258.63,6089.90,227.17
16416000.00,1102345194066.15,-1016529067139.37,-23282049637.83,5207.20,6119.50,234.13
16848000.00,1104583599005.23,-1013878914381.65,-23179408105.32,5155.38,6150.10,241.11
17280000.00,1106799537623.99,-1011215317178.80,-23073743709.41,5103.19,6181.76,248.12
17712000.00,1108992848970.56,-1008537808288.40,-22965047234.37,5050.62,6214.52,255.15
18144000.00,1111163377017.49,-1005845896074.72,-22853311631.45,4997.71,6248.46,262.19
18576000.00,1113310971956.22,-1003139063133.32,-22738532386.86,4944.45,6283.62,269.24
19008000.00,1115435491576.38,-1000416764922.79,-22620707903.82,4890.88,6320.08,276.29
19440000.00,1117536802765.83,-997678428336.08,-22499839904.44,4837.01,6357.89,283.33
19872000.00,1119614783174.70,-994923450210.21,-22375933866.24,4782.87,6397.14,290.35
20304000.00,1121669323062.13,-992151195775.16,-22248999495.28,4728.49,6437.90,297.35
20736000.00,1123700327346.43,-989360997010.55,-22119051231.60,4673.91,6480.24,304.30
21168000.00,1125707718008.40,-986552150874.33,-21986108813.50,4619.18,6524.25,311.21
21600000.00,1127691437100.80,-983723917767.44,-21850198034.29,4564.33,6570.02,318.04
22032000.00,1129651449623.83,-980875520180.44,-21711351478.80,4509.43,6617.64,324.79
22464000.00,1131587746786.47,-978006140855.32,-21569609236.55,4454.55,6667.19,331.44
22896000.00,1133500350083.95,-975114921370.32,-21425019872.62,4399.75,6718.78,337.97
23328000.00,1135389315654.68,-972200960986.65,-21277641468.22,4345.13,6772.50,344.35
23760000.00,1137254739018.83,-969263315632.30,-21127542722.20,4290.78,6828.46,350.56
24192000.00,1139096760300.47,-966300997094.97,-20974804138.37,4236.81,6886.76,356.57
24624000.00,1140915569985.41,-963312972518.29,-20819519314.19,4183.34,6947.51,362.34
25056000.00,1142711415240.19,-960298164272.88,-20661796331.85,4130.52,7010.80,367.85
25488000.00,1144484606844.22,-957255450271.02,-20501759248.75,4078.50,7076.73,373.05
25920000.00,1146235526884.54,-954183664842.47,-20339549689.83,4027.45,7145.42,377.89
26352000.00,1147964637484.49,-951081600715.41,-20175328618.40,3977.57,7216.95,382.35
26784000.00,1149672489732.50,-947948012623.81,-20009278283.77,3929.08,7291.40,386.35
27216000.00,1151359732546.15,-944781620844.89,-19841603972.93,3882.21,7368.85,389.85
27648000.00,1153027123199.10,-941581116480.95,-19672535940.06,3837.23,7449.35,392.79
28080000.00,1154675538017.98,-938345169071.26,-19502331469.29,3794.42,7532.96,395.10
28512000.00,1156305982884.41,-935072435708.39,-19331276818.81,3754.11,7619.68,396.71
28944000.00,1157919603617.73,-931761572274.66,-19159689021.89,3716.61,7709.50,397.55
29376000.00,1159517696167.21,-928411247009.69,-18987917530.58,3682.30,7802.38,397.54
29808000.00,1161101716125.40,-925020156534.79,-18816345598.77,3651.55,7898.23,396.61
30240000.00,1162673287062.09,-921587044551.22,-18645391286.84,3624.76,7996.92,394.66
30672000.00,1164234207191.55,-918110723284.67,-18475507959.87,3602.34,8098.26,391.63
31104000.00,1165786453913.63,-914590097804.11,-18307184119.39,3584.71,8202.00,387.42
