0.00,980942990181.20,-1112208516112.85,-17310854523.97,9146.86,5070.51,-0.00
7200.00,981008839669.93,-1112172021608.03,-17310859172.99,9144.66,5066.85,-1.29
14400.00,981074673293.71,-1112135553491.41,-17310873121.72,9142.45,5063.18,-2.58
21600.00,981140490973.87,-1112099111731.35,-17310896372.60,9140.23,5059.52,-3.88
28800.00,981206292631.80,-1112062696295.88,-17310928927.98,9138.00,5055.87,-5.17
36000.00,981272078189.03,-1112026307152.71,-17310970790.11,9135.76,5052.22,-6.46
43200.00,981337847567.19,-1111989944269.20,-17311021961.11,9133.51,5048.58,-7.75
50400.00,981403600688.04,-1111953607612.42,-17311082443.05,9131.24,5044.94,-9.05
57600.00,981469337473.43,-1111917297149.08,-17311152237.85,9128.97,5041.30,-10.34
64800.00,981535057845.36,-1111881012845.58,-17311231347.36,9126.68,5037.67,-11.64
72000.00,981600761725.92,-1111844754667.98,-17311319773.33,9124.39,5034.04,-12.93
79200.00,981666449037.33,-1111808522582.04,-17311417517.39,9122.08,5030.42,-14.22
86400.00,981732119701.96,-1111772316553.16,-17311524581.08,9119.76,5026.80,-15.52
93600.00,981797773642.27,-1111736136546.46,-17311640965.84,9117.44,5023.19,-16.81
100800.00,981863410780.87,-1111699982526.69,-17311766673.01,9115.10,5019.59,-18.11
108000.00,981929031040.49,-1111663854458.31,-17311901703.83,9112.75,5015.98,-19.40
115200.00,981994634344.00,-1111627752305.45,-17312046059.43,9110.39,5012.39,-20.70
122400.00,982060220614.40,-1111591676031.91,-17312199740.83,9108.02,5008.80,-21.99
129600.00,982125789774.82,-1111555625601.16,-17312362748.98,9105.63,5005.21,-23.29
136800.00,982191341748.54,-1111519600976.39,-17312535084.71,9103.24,5001.63,-24.58
144000.00,982256876458.97,-1111483602120.43,-17312716748.73,9100.84,4998.05,-25.88
151200.00,982322393829.67,-1111447628995.79,-17312907741.68,9098.43,4994.48,-27.18
158400.00,982387893784.33,-1111411681564.69,-17313108064.08,9096.00,4990.91,-28.47
165600.00,982453376246.80,-1111375759789.03,-17313317716.35,9093.57,4987.35,-29.77
172800.00,982518841141.07,-1111339863630.36,-17313536698.80,9091.12,4983.80,-31.06
180000.00,982584288391.29,-1111303993049.95,-17313765011.67,9088.67,4980.25,-32.36
187200.00,982649717921.74,-1111268148008.73,-17314002655.05,9086.20,4976.70,-33.65
194400.00,982715129656.87,-1111232328467.33,-17314249628.96,9083.72,4973.16,-34.95
201600.00,982780523521.28,-1111196534386.06,-17314505933.32,9081.23,4969.63,-36.25
208800.00,982845899439.74,-1111160765724.92,-17314771567.93,9078.74,4966.10,-37.54
216000.00,982911257337.15,-1111125022443.59,-17315046532.49,9076.23,4962.58,-38.84
223200.00,982976597138.60,-1111089304501.45,-17315330826.60,9073.71,4959.07,-40.13
230400.00,983041918769.33,-1111053611857.57,-17315624449.76,9071.18,4955.55,-41.43
237600.00,983107222154.75,-1111017944470.70,-17315927401.38,9068.64,4952.05,-42.73
244800.00,983172507220.42,-1110982302299.27,-17316239680.73,9066.09,4948.55,-44.02
252000.00,983237773892.08,-1110946685301.44,-17316561287.02,9063.53,4945.06,-45.32
259200.00,983303022095.66,-1110911093435.03,-17316892219.32,9060.96,4941.57,-46.61
266400.00,983368251757.23,-1110875526657.57,-17317232476.62,9058.38,4938.09,-47.91
273600.00,983433462803.05,-1110839984926.27,-17317582057.81,9055.79,4934.61,-49.20
280800.00,983498655159.56,-1110804468198.06,-17317940961.66,9053.19,4931.14,-50.50
288000.00,983563828753.37,-1110768976429.54,-17318309186.83,9050.58,4927.68,-51.79
295200.00,983628983511.27,-1110733509577.03,-17318686731.92,9047.96,4924.22,-53.08
302400.00,983694119360.25,-1110698067596.53,-17319073595.38,9045.33,4920.77,-54.38
309600.00,983759236227.44,-1110662650443.77,-17319469775.58,9042.69,4917.32,-55.67
316800.00,983824334040.21,-1110627258074.15,-17319875270.78,9040.03,4913.89,-56.97
324000.00,983889412726.07,-1110591890442.78,-17320290079.15,9037.37,4910.45,-58.26
331200.00,983954472212.75,-1110556547504.49,-17320714198.74,9034.70,4907.03,-59.55
338400.00,984019512428.16,-1110521229213.79,-17321147627.50,9032.02,4903.61,-60.85
345600.00,984084533300.40,-1110485935524.92,-17321590363.29,9029.33,4900.19,-62.14
352800.00,984149534757.77,-1110450666391.81,-17322042403.85,9026.63,4896.79,-63.43
360000.00,984214516728.77,-1110415421768.10,-17322503746.83,9023.92,4893.38,-64.72
367200.00,984279479142.07,-1110380201607.14,-17322974389.77,9021.19,4889.99,-66.01
374400.00,984344421926.58,-1110345005862.01,-17323454330.12,9018.46,4886.60,-67.30
381600.00,984409345011.38,-1110309834485.47,-17323943565.20,9015.72,4883.22,-68.60
388800.00,984474248325.78,-1110274687430.02,-17324442092.26,9012.97,4879.85,-69.89
396000.00,984539131799.27,-1110239564647.85,-17324949908.43,9010.21,4876.48,-71.18
403200.00,984603995361.56,-1110204466090.89,-17325467010.74,9007.44,4873.12,-72.47
410400.00,984668838942.57,-1110169391710.77,-17325993396.12,9004.66,4869.76,-73.75
417600.00,984733662472.41,-1110134341458.84,-17326529061.39,9001.87,4866.41,-75.04
424800.00,984798465881.44,-1110099315286.19,-17327074003.29,8999.07,4863.07,-76.33
432000.00,984863249100.19,-1110064313143.59,-17327628218.42,8996.26,4859.74,-77.62
439200.00,984928012059.44,-1110029334981.58,-17328191703.32,8993.44,4856.41,-78.91
446400.00,984992754690.16,-1109994380750.39,-17328764454.40,8990.62,4853.09,-80.19
453600.00,985057476923.56,-1109959450399.99,-17329346467.98,8987.78,4849.78,-81.48
460800.00,985122178691.05,-1109924543880.08,-17329937740.28,8984.93,4846.47,-82.76
468000.00,985186859924.28,-1109889661140.08,-17330538267.42,8982.07,4843.17,-84.05
475200.00,985251520555.11,-1109854802129.14,-17331148045.40,8979.21,4839.88,-85.33
482400.00,985316160515.63,-1109819966796.15,-17331767070.16,8976.33,4836.60,-86.62
489600.00,985380779738.15,-1109785155089.73,-17332395337.50,8973.45,4833.32,-87.90
496800.00,985445378155.21,-1109750366958.23,-17333032843.14,8970.55,4830.05,-89.18
504000.00,985509955699.58,-1109715602349.75,-17333679582.70,8967.65,4826.78,-90.47
511200.00,985574512304.25,-1109680861212.10,-17334335551.70,8964.74,4823.53,-91.75
518400.00,985639047902.45,-1109646143492.88,-17335000745.54,8961.81,4820.28,-93.03
