0.00,975769695066.69,-1132755690038.13,-22113811192.44,7995.26,6733.03,0.00
432000.00,979222274792.82,-1129825696770.27,-22110457179.52,7988.45,6832.31,15.66
864000.00,982671307058.37,-1126852122588.60,-22100160757.30,7978.78,6934.84,32.16
1296000.00,986115484861.91,-1123833504622.47,-22082545773.62,7965.91,7040.90,49.56
1728000.00,989553332066.38,-1120768250464.11,-22057199882.33,7949.40,7150.81,67.96
2160000.00,992983167470.09,-1117654625356.33,-22023669732.83,7928.72,7264.90,87.47
2592000.00,996403059985.43,-1114490739198.37,-21981455633.54,7903.24,7383.56,108.19
3024000.00,999810772461.03,-1111274533063.77,-21930005406.86,7872.18,7507.20,130.25
3456000.00,1003203691463.26,-1108003766849.94,-21868707543.13,7834.57,7636.23,153.81
3888000.00,1006578737698.92,-1104676009827.07,-21796883848.24,7789.21,7771.12,179.01
4320000.00,1009932251675.68,-1101288636013.45,-21713781417.98,7734.61,7912.31,206.05
4752000.00,1013259847241.54,-1097838830620.36,-21618564862.69,7668.87,8060.22,235.13
5184000.00,1016556221772.58,-1094323615315.55,-21510309741.48,7589.61,8215.18,266.46
5616000.00,1019814910724.11,-1090739904737.01,-21387998545.36,7493.82,8377.33,300.24
6048000.00,1023027970706.99,-1087084619327.25,-21250523653.28,7377.64,8546.47,336.69
6480000.00,1026185571851.03,-1083354892055.68,-21096703572.77,7236.14,8721.76,375.93
6912000.00,1029275485465.64,-1079548429720.00,-20925323120.67,7063.09,8901.28,417.97
7344000.00,1032282467955.33,-1075664134505.24,-20735219500.63,6850.75,9081.26,462.53
7776000.00,1035187585580.29,-1071703145597.95,-20525448635.10,6589.82,9254.87,508.83
8208000.00,1037967641682.38,-1067670523231.74,-20295585329.80,6270.02,9410.42,555.17
8640000.00,1040595116697.95,-1063577840997.95,-20046237248.00,5882.13,9529.03,598.34
9072000.00,1043039474916.00,-1059446798448.78,-19779846904.94,5422.47,9582.47,632.95
9504000.00,1045271246236.52,-1055313265145.11,-19501750081.58,4901.34,9533.94,651.01
9936000.00,1047270323254.33,-1051229551384.91,-19221142988.31,4353.40,9346.47,642.99
10368000.00,1049037765360.50,-1047260634438.70,-18951060126.09,3841.23,9002.36,601.50
10800000.00,1050605149659.07,-1043470878334.31,-18706299549.50,3438.77,8524.76,526.59
11232000.00,1052032269987.29,-1039905166529.40,-18499514404.43,3196.74,7978.02,427.96
11664000.00,1053391048917.82,-1036576603325.72,-18337768388.27,3119.26,7438.57,320.61
12096000.00,1054746186303.55,-1033468970075.39,-18221827549.45,3172.49,6961.75,217.66
12528000.00,1056144211665.95,-1030549053375.80,-18147940067.17,3310.36,6571.10,126.69
12960000.00,1057612725324.25,-1027779005431.92,-18110259800.43,3493.25,6266.69,50.14
13392000.00,1059164856453.27,-1025123765548.60,-18102602649.93,3693.94,6037.34,-12.53
13824000.00,1060804429249.35,-1022553933434.73,-18119337477.26,3896.08,5868.98,-63.12
14256000.00,1062529952022.13,-1020046048212.03,-18155688507.14,4090.85,5748.56,-103.68
14688000.00,1064337205523.46,-1017581823808.85,-18207744356.18,4274.03,5665.27,-136.12
15120000.00,1066220776036.35,-1015147130385.73,-18272348890.00,4444.04,5610.62,-162.01
15552000.00,1068174905996.17,-1012731053361.14,-18346965246.28,4600.74,5578.15,-182.66
15984000.00,1070193945554.76,-1010325128612.44,-18429552356.34,4744.67,5562.92,-199.06
16416000.00,1072272569294.91,-1007922749618.17,-18518459837.33,4876.74,5561.20,-212.03
16848000.00,1074405864687.49,-1005518719930.44,-18612343572.73,4997.95,5570.15,-222.19
17280000.00,1076589355315.73,-1003108916912.10,-18710100658.93,5109.29,5587.61,-230.04
17712000.00,1078818988234.30,-1000690041964.81,-18810818766.61,5211.72,5611.91,-235.96
18144000.00,1081091104520.52,-998259433170.35,-18913736689.80,5306.11,5641.75,-240.27
18576000.00,1083402402699.56,-995814923053.70,-19018213818.79,5393.24,5676.12,-243.21
19008000.00,1085749903002.37,-993354731253.04,-19123706643.96,5473.82,5714.24,-245.00
19440000.00,1088130912244.27,-990877382283.36,-19229750127.64,5548.47,5755.46,-245.79
19872000.00,1090542990536.73,-988381642478.73,-19335942916.33,5617.74,5799.31,-245.71
20304000.00,1092983922679.83,-985866470083.65,-19441935834.36,5682.12,5845.37,-244.88
20736000.00,1095451692296.44,-983330976613.47,-19547422557.27,5742.05,5893.34,-243.38
21168000.00,1097944459014.49,-980774396618.84,-19652132028.98,5797.91,5942.96,-241.29
21600000.00,1100460537907.52,-978196063033.95,-19755822392.93,5850.03,5994.02,-238.67
22032000.00,1102998382291.65,-975595387522.75,-19858276011.68,5898.72,6046.37,-235.57
22464000.00,1105556568410.66,-972971844532.74,-19959295325.78,5944.25,6099.87,-232.04
22896000.00,1108133781421.06,-970324958727.96,-20058699414.98,5986.84,6154.42,-228.10
23328000.00,1110728803623.50,-967654293883.56,-20156321158.94,6026.73,6209.95,-223.79
23760000.00,1113340503911.69,-964959444001.08,-20252004806.39,6064.09,6266.38,-219.13
24192000.00,1115967828636.30,-962240025969.01,-20345603868.98,6099.09,6323.68,-214.14
24624000.00,1118609792856.84,-959495673274.84,-20436979390.67,6131.88,6381.82,-208.84
25056000.00,1121265473171.66,-956726030379.21,-20525998379.68,6162.61,6440.76,-203.23
25488000.00,1123934001064.67,-953930747842.73,-20612532444.79,6191.38,6500.52,-197.34
25920000.00,1126614556872.31,-951109478489.75,-20696456576.65,6218.31,6561.07,-191.15
26352000.00,1129306364116.24,-948261873444.33,-20777648093.16,6243.49,6622.44,-184.69
26784000.00,1132008684528.25,-945387578714.96,-20855985634.02,6266.99,6684.64,-177.94
27216000.00,1134720813560.72,-942486231869.74,-20931348205.22,6288.91,6747.69,-170.91
27648000.00,1137442075814.00,-939557459433.87,-21003614361.49,6309.29,6811.62,-163.60
28080000.00,1140171820933.26,-936600873717.77,-21072661357.59,6328.19,6876.46,-156.01
28512000.00,1142909419588.83,-933616070020.46,-21138364353.96,6345.65,6942.26,-148.12
28944000.00,1145654259903.06,-930602623748.62,-21200595560.99,6361.72,7009.08,-139.93
29376000.00,1148405743383.83,-927560087878.87,-21259223522.71,6376.41,7076.95,-131.44
29808000.00,1151163281240.36,-924487989804.62,-21314112251.70,6389.75,7145.95,-122.62
30240000.00,1153926290407.65,-921385828266.27,-21365120409.94,6401.74,7216.14,-113.47
30672000.00,1156694189842.11,-918253070158.03,-21412100362.06,6412.39,7287.61,-103.97
31104000.00,1159466396031.04,-915089147322.28,-21454897328.11,6421.68,7360.44,-94.10
