0.00,964252082348.44,-1137278658530.85,-22527075900.01,5639.98,6956.32,0.00
7200.00,964292690318.07,-1137228570397.74,-22527075630.95,5640.01,6957.06,0.07
14400.00,964333298461.16,-1137178476940.41,-22527074823.82,5640.03,6957.79,0.15
21600.00,964373906778.53,-1137128378160.02,-22527073478.69,5640.06,6958.53,0.22
28800.00,964414515271.04,-1137078274057.76,-22527071595.61,5640.08,6959.27,0.30
36000.00,964455123939.51,-1137028164634.80,-22527069174.66,5640.11,6960.01,0.37
43200.00,964495732784.78,-1136978049892.29,-22527066215.91,5640.13,6960.75,0.45
50400.00,964536341807.69,-1136927929831.41,-22527062719.41,5640.15,6961.49,0.52
57600.00,964576951009.07,-1136877804453.35,-22527058685.24,5640.18,6962.23,0.60
64800.00,964617560389.76,-1136827673759.24,-22527054113.45,5640.20,6962.97,0.67
72000.00,964658169950.59,-1136777537750.29,-22527049004.13,5640.23,6963.70,0.75
79200.00,964698779692.39,-1136727396427.66,-22527043357.32,5640.25,6964.44,0.82
86400.00,964739389615.99,-1136677249792.52,-22527037173.11,5640.28,6965.18,0.90
93600.00,964779999722.24,-1136627097846.05,-22527030451.55,5640.31,6965.92,0.97
100800.00,964820610011.96,-1136576940589.41,-22527023192.72,5640.33,6966.65,1.05
108000.00,964861220485.98,-1136526778023.77,-22527015396.67,5640.36,6967.39,1.12
115200.00,964901831145.13,-1136476610150.32,-22527007063.48,5640.38,6968.13,1.19
122400.00,964942441990.24,-1136426436970.21,-22526998193.21,5640.41,6968.87,1.27
129600.00,964983053022.15,-1136376258484.63,-22526988785.93,5640.43,6969.60,1.34
136800.00,965023664241.67,-1136326074694.74,-22526978841.70,5640.46,6970.34,1.42
144000.00,965064275649.64,-1136275885601.72,-22526968360.60,5640.49,6971.08,1.49
151200.00,965104887246.90,-1136225691206.74,-22526957342.68,5640.51,6971.81,1.57
158400.00,965145499034.26,-1136175491510.98,-22526945788.02,5640.54,6972.55,1.64
165600.00,965186111012.54,-1136125286515.60,-22526933696.68,5640.57,6973.28,1.72
172800.00,965226723182.58,-1136075076221.79,-22526921068.74,5640.59,6974.02,1.79
180000.00,965267335545.19,-1136024860630.70,-22526907904.24,5640.62,6974.76,1.87
187200.00,965307948101.22,-1135974639743.53,-22526894203.28,5640.65,6975.49,1.94
194400.00,965348560851.47,-1135924413561.43,-22526879965.90,5640.67,6976.23,2.01
201600.00,965389173796.78,-1135874182085.59,-22526865192.18,5640.70,6976.96,2.09
208800.00,965429786937.96,-1135823945317.17,-22526849882.18,5640.73,6977.70,2.16
216000.00,965470400275.84,-1135773703257.36,-22526834035.98,5640.76,6978.43,2.24
223200.00,965511013811.25,-1135723455907.32,-22526817653.63,5640.78,6979.17,2.31
230400.00,965551627544.99,-1135673203268.24,-22526800735.21,5640.81,6979.90,2.39
237600.00,965592241477.90,-1135622945341.28,-22526783280.79,5640.84,6980.64,2.46
244800.00,965632855610.79,-1135572682127.62,-22526765290.43,5640.87,6981.37,2.54
252000.00,965673469944.48,-1135522413628.43,-22526746764.20,5640.89,6982.10,2.61
259200.00,965714084479.79,-1135472139844.89,-22526727702.16,5640.92,6982.84,2.68
266400.00,965754699217.54,-1135421860778.18,-22526708104.39,5640.95,6983.57,2.76
273600.00,965795314158.55,-1135371576429.46,-22526687970.95,5640.98,6984.30,2.83
280800.00,965835929303.63,-1135321286799.92,-22526667301.90,5641.01,6985.04,2.91
288000.00,965876544653.61,-1135270991890.73,-22526646097.33,5641.04,6985.77,2.98
295200.00,965917160209.29,-1135220691703.07,-22526624357.29,5641.06,6986.50,3.06
302400.00,965957775971.49,-1135170386238.11,-22526602081.86,5641.09,6987.24,3.13
309600.00,965998391941.03,-1135120075497.02,-22526579271.09,5641.12,6987.97,3.21
316800.00,966039008118.72,-1135069759480.99,-22526555925.07,5641.15,6988.70,3.28
324000.00,966079624505.37,-1135019438191.18,-22526532043.85,5641.18,6989.43,3.35
331200.00,966120241101.81,-1134969111628.78,-22526507627.51,5641.21,6990.17,3.43
338400.00,966160857908.83,-1134918779794.96,-22526482676.11,5641.24,6990.90,3.50
345600.00,966201474927.25,-1134868442690.90,-22526457189.72,5641.27,6991.63,3.58
352800.00,966242092157.89,-1134818100317.78,-22526431168.42,5641.30,6992.36,3.65
360000.00,966282709601.55,-1134767752676.76,-22526404612.26,5641.33,6993.09,3.73
367200.00,966323327259.04,-1134717399769.04,-22526377521.32,5641.36,6993.83,3.80
374400.00,966363945131.17,-1134667041595.78,-22526349895.66,5641.39,6994.56,3.87
381600.00,966404563218.76,-1134616678158.16,-22526321735.36,5641.42,6995.29,3.95
388800.00,966445181522.61,-1134566309457.36,-22526293040.48,5641.45,6996.02,4.02
396000.00,966485800043.52,-1134515935494.56,-22526263811.10,5641.48,6996.75,4.10
403200.00,966526418782.30,-1134465556270.94,-22526234047.27,5641.51,6997.48,4.17
410400.00,966567037739.77,-1134415171787.67,-22526203749.07,5641.54,6998.21,4.25
417600.00,966607656916.72,-1134364782045.92,-22526172916.57,5641.57,6998.94,4.32
424800.00,966648276313.96,-1134314387046.89,-22526141549.83,5641.60,6999.67,4.39
432000.00,966688895932.30,-1134263986791.74,-22526109648.93,5641.63,7000.40,4.47
439200.00,966729515772.54,-1134213581281.66,-22526077213.94,5641.66,7001.13,4.54
446400.00,966770135835.47,-1134163170517.81,-22526044244.92,5641.69,7001.86,4.62
453600.00,966810756121.92,-1134112754501.40,-22526010741.94,5641.72,7002.59,4.69
460800.00,966851376632.67,-1134062333233.58,-22525976705.07,5641.75,7003.32,4.76
468000.00,966891997368.53,-1134011906715.54,-22525942134.38,5641.78,7004.05,4.84
475200.00,966932618330.30,-1133961474948.45,-22525907029.95,5641.82,7004.78,4.91
482400.00,966973239518.78,-1133911037933.49,-22525871391.83,5641.85,7005.51,4.99
489600.00,967013860934.77,-1133860595671.85,-22525835220.10,5641.88,7006.23,5.06
496800.00,967054482579.06,-1133810148164.70,-22525798514.83,5641.91,7006.96,5.14
504000.00,967095104452.47,-1133759695413.22,-22525761276.09,5641.94,7007.69,5.21
511200.00,967135726555.78,-1133709237418.59,-22525723503.95,5641.97,7008.42,5.28
518400.00,967176348889.79,-1133658774181.99,-22525685198.47,5642.01,7009.15,5.36
