0.00,996064906493.05,-1104683715882.25,-16151419385.67,7351.75,5293.71,-497.00
1200.00,996073728587.88,-1104677363434.68,-16152015789.12,7351.63,5293.71,-497.01
2400.00,996082550546.68,-1104671010983.44,-16152612205.83,7351.52,5293.71,-497.02
3600.00,996091372369.44,-1104664658528.53,-16153208635.80,7351.41,5293.72,-497.04
4800.00,996100194056.16,-1104658306069.96,-16153805079.02,7351.29,5293.72,-497.05
6000.00,996109015606.83,-1104651953607.71,-16154401535.51,7351.18,5293.72,-497.06
7200.00,996117837021.44,-1104645601141.79,-16154998005.25,7351.07,5293.72,-497.07
8400.00,996126658299.99,-1104639248672.20,-16155594488.25,7350.95,5293.73,-497.08
9600.00,996135479442.48,-1104632896198.92,-16156190984.50,7350.84,5293.73,-497.09
10800.00,996144300448.89,-1104626543721.95,-16156787494.01,7350.73,5293.73,-497.10
12000.00,996153121319.23,-1104620191241.30,-16157384016.78,7350.61,5293.74,-497.11
13200.00,996161942053.49,-1104613838756.95,-16157980552.81,7350.50,5293.74,-497.12
14400.00,996170762651.66,-1104607486268.91,-16158577102.09,7350.39,5293.74,-497.14
15600.00,996179583113.73,-1104601133777.17,-16159173664.62,7350.27,5293.75,-497.15
16800.00,996188403439.70,-1104594781281.73,-16159770240.42,7350.16,5293.75,-497.16
18000.00,996197223629.57,-1104588428782.59,-16160366829.46,7350.04,5293.75,-497.17
19200.00,996206043683.33,-1104582076279.74,-16160963431.77,7349.93,5293.76,-497.18
20400.00,996214863600.98,-1104575723773.18,-16161560047.32,7349.82,5293.76,-497.19
21600.00,996223683382.50,-1104569371262.90,-16162156676.13,7349.70,5293.76,-497.20
22800.00,996232503027.90,-1104563018748.90,-16162753318.20,7349.59,5293.76,-497.21
24000.00,996241322537.16,-1104556666231.19,-16163349973.52,7349.48,5293.77,-497.22
25200.00,996250141910.29,-1104550313709.75,-16163946642.09,7349.36,5293.77,-497.23
26400.00,996258961147.27,-1104543961184.58,-16164543323.91,7349.25,5293.77,-497.25
27600.00,996267780248.10,-1104537608655.68,-16165140018.99,7349.14,5293.78,-497.26
28800.00,996276599212.78,-1104531256123.05,-16165736727.32,7349.02,5293.78,-497.27
30000.00,996285418041.30,-1104524903586.67,-16166333448.91,7348.91,5293.78,-497.28
31200.00,996294236733.65,-1104518551046.56,-16166930183.74,7348.80,5293.79,-497.29
32400.00,996303055289.84,-1104512198502.71,-16167526931.83,7348.68,5293.79,-497.30
33600.00,996311873709.84,-1104505845955.10,-16168123693.17,7348.57,5293.79,-497.31
34800.00,996320691993.67,-1104499493403.75,-16168720467.75,7348.46,5293.80,-497.32
36000.00,996329510141.30,-1104493140848.64,-16169317255.59,7348.34,5293.80,-497.33
37200.00,996338328152.75,-1104486788289.78,-16169914056.69,7348.23,5293.80,-497.35
38400.00,996347146027.99,-1104480435727.15,-16170510871.03,7348.12,5293.81,-497.36
39600.00,996355963767.03,-1104474083160.77,-16171107698.62,7348.00,5293.81,-497.37
40800.00,996364781369.87,-1104467730590.61,-16171704539.46,7347.89,5293.81,-497.38
42000.00,996373598836.48,-1104461378016.68,-16172301393.55,7347.78,5293.81,-497.39
43200.00,996382416166.88,-1104455025438.98,-16172898260.89,7347.66,5293.82,-497.40
44400.00,996391233361.05,-1104448672857.51,-16173495141.48,7347.55,5293.82,-497.41
45600.00,996400050418.98,-1104442320272.25,-16174092035.31,7347.43,5293.82,-497.42
46800.00,996408867340.68,-1104435967683.21,-16174688942.40,7347.32,5293.83,-497.43
48000.00,996417684126.14,-1104429615090.38,-16175285862.73,7347.21,5293.83,-497.44
49200.00,996426500775.35,-1104423262493.77,-16175882796.31,7347.09,5293.83,-497.46
50400.00,996435317288.31,-1104416909893.36,-16176479743.14,7346.98,5293.84,-497.47
51600.00,996444133665.00,-1104410557289.15,-16177076703.22,7346.87,5293.84,-497.48
52800.00,996452949905.43,-1104404204681.14,-16177673676.54,7346.75,5293.84,-497.49
54000.00,996461766009.59,-1104397852069.33,-16178270663.11,7346.64,5293.85,-497.50
55200.00,996470581977.48,-1104391499453.72,-16178867662.93,7346.53,5293.85,-497.51
56400.00,996479397809.08,-1104385146834.29,-16179464675.99,7346.41,5293.85,-497.52
57600.00,996488213504.40,-1104378794211.05,-16180061702.30,7346.30,5293.86,-497.53
58800.00,996497029063.42,-1104372441583.99,-16180658741.85,7346.19,5293.86,-497.54
60000.00,996505844486.15,-1104366088953.12,-16181255794.65,7346.07,5293.86,-497.56
61200.00,996514659772.57,-1104359736318.42,-16181852860.69,7345.96,5293.87,-497.57
62400.00,996523474922.68,-1104353383679.89,-16182449939.98,7345.84,5293.87,-497.58
63600.00,996532289936.48,-1104347031037.54,-16183047032.51,7345.73,5293.87,-497.59
64800.00,996541104813.96,-1104340678391.35,-16183644138.29,7345.62,5293.88,-497.60
66000.00,996549919555.11,-1104334325741.33,-16184241257.31,7345.50,5293.88,-497.61
67200.00,996558734159.93,-1104327973087.47,-16184838389.58,7345.39,5293.88,-497.62
68400.00,996567548628.42,-1104321620429.76,-16185435535.08,7345.28,5293.88,-497.63
69600.00,996576362960.56,-1104315267768.21,-16186032693.83,7345.16,5293.89,-497.64
70800.00,996585177156.35,-1104308915102.81,-16186629865.83,7345.05,5293.89,-497.65
72000.00,996593991215.79,-1104302562433.56,-16187227051.06,7344.94,5293.89,-497.67
73200.00,996602805138.88,-1104296209760.45,-16187824249.54,7344.82,5293.90,-497.68
74400.00,996611618925.60,-1104289857083.48,-16188421461.26,7344.71,5293.90,-497.69
75600.00,996620432575.94,-1104283504402.65,-16189018686.22,7344.59,5293.90,-497.70
76800.00,996629246089.92,-1104277151717.95,-16189615924.42,7344.48,5293.91,-497.71
78000.00,996638059467.51,-1104270799029.38,-16190213175.87,7344.37,5293.91,-497.72
79200.00,996646872708.71,-1104264446336.95,-16190810440.55,7344.25,5293.91,-497.73
80400.00,996655685813.53,-1104258093640.63,-16191407718.48,7344.14,5293.92,-497.74
81600.00,996664498781.94,-1104251740940.44,-16192005009.64,7344.03,5293.92,-497.75
82800.00,996673311613.96,-1104245388236.36,-16192602314.04,7343.91,5293.92,-497.76
84000.00,996682124309.56,-1104239035528.40,-16193199631.69,7343.80,5293.93,-497.78
85200.00,996690936868.75,-1104232682816.55,-16193796962.57,7343.69,5293.93,-497.79
