0.00,995162798961.66,-1104093518504.02,-20151645909.70,7543.99,5539.59,0.00
423360.00,998348072623.36,-1101748462760.49,-20151379122.98,7503.26,5538.79,1.26
846720.00,1001516026854.75,-1099403636577.39,-20150580348.15,7462.17,5538.51,2.52
1270080.00,1004666509829.26,-1097058823734.05,-20149251997.50,7420.72,5538.73,3.77
1693440.00,1007799372909.89,-1094713808909.60,-20147396526.88,7378.93,5539.47,5.01
2116800.00,1010914470431.59,-1092368377516.02,-20145016440.05,7336.80,5540.71,6.24
2540160.00,1014011659600.61,-1090022315548.97,-20142114287.89,7294.33,5542.45,7.47
2963520.00,1017090800308.38,-1087675409454.05,-20138692665.80,7251.53,5544.70,8.70
3386880.00,1020151754980.59,-1085327446015.65,-20134754207.99,7208.41,5547.45,9.92
3810240.00,1023194388408.98,-1082978212135.67,-20130301598.01,7164.98,5550.70,11.13
4233600.00,1026218567736.58,-1080627494671.70,-20125337570.73,7121.23,5554.46,12.33
4656960.00,1029224162261.45,-1078275080334.36,-20119864902.50,7077.18,5558.72,13.53
5080320.00,1032211043396.52,-1075920755494.66,-20113886419.13,7032.83,5563.49,14.72
5503680.00,1035179084491.62,-1073564306072.78,-20107404987.52,6988.18,5568.76,15.91
5927040.00,1038128160769.81,-1071205517278.44,-20100423531.50,6943.23,5574.54,17.08
6350400.00,1041058149359.22,-1068844173441.15,-20092945037.25,6898.00,5580.84,18.25
6773760.00,1043968929171.89,-1066480057923.78,-20084972539.71,6852.49,5587.64,19.42
7197120.00,1046860380820.21,-1064112952883.21,-20076509132.25,6806.69,5594.96,20.57
7620480.00,1049732386640.05,-1061742639148.02,-20067557965.90,6760.62,5602.80,21.72
8043840.00,1052584830541.14,-1059368896030.94,-20058122247.71,6714.28,5611.17,22.86
8467200.00,1055417598044.69,-1056991501071.38,-20048205257.67,6667.67,5620.06,23.99
8890560.00,1058230576355.14,-1054610229859.75,-20037810356.20,6620.79,5629.48,25.12
9313920.00,1061023654353.29,-1052224855922.23,-20026940978.96,6573.66,5639.45,26.24
9737280.00,1063796722474.40,-1049835150540.01,-20015600629.57,6526.26,5649.95,27.34
10160640.00,1066549672826.80,-1047440882485.71,-20003792900.13,6478.62,5661.01,28.44
10584000.00,1069282399192.29,-1045041817932.34,-19991521462.01,6430.72,5672.62,29.53
11007360.00,1071994796977.21,-1042637720198.09,-19978790071.40,6382.58,5684.79,30.62
11430720.00,1074686763335.88,-1040228349499.87,-19965602586.55,6334.20,5697.53,31.69
11854080.00,1077358197298.11,-1037813462767.96,-19951962977.64,6285.58,5710.85,32.75
12277440.00,1080008999863.41,-1035392813491.38,-19937875330.00,6236.73,5724.76,33.81
12700800.00,1082639074015.86,-1032966151570.60,-19923343837.95,6187.66,5739.26,34.85
13124160.00,1085248324715.92,-1030533223052.29,-19908372805.29,6138.36,5754.37,35.88
13547520.00,1087836659172.73,-1028093769899.14,-19892966670.52,6088.85,5770.09,36.90
13970880.00,1090403986875.96,-1025647529888.84,-19877129995.78,6039.12,5786.44,37.92
14394240.00,1092950219660.11,-1023194236321.06,-19860867474.94,5989.19,5803.42,38.92
14817600.00,1095475271934.73,-1020733617773.93,-19844183952.83,5939.06,5821.05,39.90
15240960.00,1097979060908.22,-1018265397914.98,-19827084437.75,5888.74,5839.33,40.88
15664320.00,1100461506790.00,-1015789295328.77,-19809574109.77,5838.24,5858.29,41.84
16087680.00,1102922532969.31,-1013305023350.67,-19791658325.59,5787.55,5877.93,42.80
16511040.00,1105362066141.99,-1010812289883.38,-19773342616.87,5736.70,5898.27,43.73
16934400.00,1107780036453.25,-1008310797105.57,-19754632692.04,5685.69,5919.32,44.66
17357760.00,1110176377924.69,-1005800241251.74,-19735534466.21,5634.52,5941.10,45.57
17781120.00,1112551028637.45,-1003280312535.65,-19716054056.65,5583.22,5963.61,46.46
18204480.00,1114903930912.02,-1000750694848.52,-19696197786.14,5531.78,5986.87,47.34
18627840.00,1117235031700.26,-998211065525.18,-19675972206.02,5480.23,6010.91,48.21
19051200.00,1119544282973.32,-995661095177.70,-19655384113.06,5428.57,6035.73,49.06
19474560.00,1121831642090.72,-993100447543.76,-19634440561.83,5376.81,6061.36,49.89
19897920.00,1124097072166.40,-990528779338.38,-19613148875.71,5324.97,6087.81,50.70
20321280.00,1126340542431.96,-987945740108.32,-19591516655.77,5273.07,6115.09,51.50
20744640.00,1128562028581.46,-985350972072.38,-19569551785.53,5221.12,6143.22,52.27
21168000.00,1130761513123.35,-982744109889.42,-19547262432.59,5169.13,6172.23,53.03
21591360.00,1132938985984.61,-980124780438.93,-19524657073.84,5117.14,6202.13,53.76
22014720.00,1135094445077.77,-977492602877.20,-19501744518.71,5065.14,6232.94,54.48
22438080.00,1137227896592.40,-974847188439.93,-19478533896.71,5013.17,6264.67,55.17
22861440.00,1139339355629.04,-972188140241.71,-19455034678.71,4961.25,6297.35,55.84
23284800.00,1141428846882.53,-969515053233.97,-19431256702.23,4909.40,6331.00,56.49
23708160.00,1143496405288.43,-966827514195.28,-19407210189.67,4857.64,6365.64,57.11
24131520.00,1145542076664.24,-964125101729.87,-19382905762.49,4806.01,6401.27,57.71
24554880.00,1147565918368.20,-961407386279.99,-19358354454.26,4754.52,6437.94,58.28
24978240.00,1149567999973.82,-958673930156.65,-19333567722.99,4703.22,6475.65,58.82
25401600.00,1151548403955.55,-955924287578.07,-19308557462.09,4652.12,6514.42,59.33
25824960.00,1153507226395.93,-953158004692.70,-19283336007.87,4601.27,6554.27,59.82
26248320.00,1155444577808.30,-950374619579.27,-19257916145.94,4550.70,6595.22,60.27
26671680.00,1157360584223.99,-947573662483.75,-19232311144.29,4500.44,6637.29,60.69
27095040.00,1159255387962.46,-944754656250.98,-19206534774.02,4450.54,6680.50,61.08
27518400.00,1161129148340.96,-941917116339.88,-19180601292.63,4401.04,6724.86,61.43
27941760.00,1162982042807.95,-939060551116.14,-19154525466.48,4351.98,6770.38,61.75
28365120.00,1164814268007.38,-936184462345.85,-19128322594.57,4303.41,6817.10,62.03
28788480.00,1166626040787.30,-933288345711.19,-19102008523.46,4255.37,6865.01,62.27
29211840.00,1168417599213.73,-930371691366.27,-19075599658.47,4207.93,6914.13,62.48
29635200.00,1170189203602.82,-927433984553.29,-19049112973.01,4161.12,6964.47,62.64
30058560.00,1171941137571.03,-924474706289.56,-19022566016.30,4115.02,7016.05,62.76
30481920.00,1173673709096.95,-921493334129.31,-18995976919.08,4069.67,7068.86,62.84
30905280.00,1175387251592.19,-918489342985.39,-18969364394.81,4025.14,7122.91,62.87
