0.00,984346211216.68,-1131987909955.42,-26353866986.11,5678.75,4990.79,-397.46
432000.00,986790598137.21,-1129816908393.36,-26519868419.71,5638.22,5060.28,-371.21
864000.00,989218094817.99,-1127616019386.14,-26674819271.96,5600.52,5129.14,-346.29
1296000.00,991629879512.65,-1125385539615.89,-26819285230.13,5565.45,5197.26,-322.66
1728000.00,994027039114.26,-1123125806742.01,-26953809468.57,5532.79,5264.55,-300.26
2160000.00,996410574756.64,-1120837190643.47,-27078912035.26,5502.35,5330.96,-279.04
2592000.00,998781407428.32,-1118520085840.61,-27195089510.84,5473.96,5396.43,-258.94
3024000.00,1001140383505.55,-1116174905153.77,-27302815171.73,5447.44,5460.93,-239.90
3456000.00,1003488280194.41,-1113802074250.38,-27402539286.96,5422.64,5524.44,-221.89
3888000.00,1005825810631.96,-1111402027167.11,-27494689709.20,5399.43,5586.93,-204.84
4320000.00,1008153628878.09,-1108975202452.44,-27579672522.18,5377.66,5648.40,-188.70
4752000.00,1010472334481.21,-1106522040082.89,-27657872880.59,5357.23,5708.86,-173.43
5184000.00,1012782476899.64,-1104042978841.46,-27729655836.86,5338.01,5768.30,-158.98
5616000.00,1015084559464.74,-1101538454265.80,-27795367293.26,5319.90,5826.75,-145.32
6048000.00,1017379043206.29,-1099008896872.88,-27855334851.76,5302.82,5884.20,-132.39
6480000.00,1019666350285.54,-1096454730869.07,-27909868822.85,5286.66,5940.67,-120.16
6912000.00,1021946867231.89,-1093876373012.97,-27959263045.96,5271.37,5996.20,-108.59
7344000.00,1024220947896.96,-1091274231866.43,-28003795875.81,5256.86,6050.78,-97.65
7776000.00,1026488916130.34,-1088648707099.35,-28043730962.99,5243.06,6104.45,-87.30
8208000.00,1028751068356.19,-1086000189083.16,-28079318141.72,5229.92,6157.23,-77.51
8640000.00,1031007675768.96,-1083329058575.51,-28110794220.60,5217.39,6209.14,-68.26
9072000.00,1033258986515.97,-1080635686516.19,-28138383714.32,5205.40,6260.20,-59.52
9504000.00,1035505227552.73,-1077920433993.80,-28162299634.48,5193.91,6310.44,-51.25
9936000.00,1037746606408.59,-1075183652150.67,-28182744096.54,5182.88,6359.88,-43.44
10368000.00,1039983312848.25,-1072425682304.18,-28199909026.06,5172.27,6408.54,-36.07
10800000.00,1042215520262.03,-1069646856030.17,-28213976765.20,5162.05,6456.44,-29.10
11232000.00,1044443387089.22,-1066847495290.58,-28225120609.14,5152.17,6503.60,-22.53
11664000.00,1046667058011.63,-1064027912685.73,-28233505415.86,5142.62,6550.06,-16.33
12096000.00,1048886665056.78,-1061188411586.96,-28239288065.94,5133.36,6595.82,-10.48
12528000.00,1051102328705.49,-1058329286394.75,-28242617945.10,5124.36,6640.91,-4.97
12960000.00,1053314158767.49,-1055450822822.73,-28243637445.51,5115.60,6685.35,0.22
13392000.00,1055522255268.54,-1052553298072.48,-28242482323.52,5107.07,6729.16,5.10
13824000.00,1057726709281.05,-1049636981163.02,-28239282128.08,5098.74,6772.35,9.69
14256000.00,1059927603585.29,-1046702133187.39,-28234160590.99,5090.59,6814.95,13.99
14688000.00,1062125013380.34,-1043749007516.31,-28227235925.86,5082.60,6856.97,18.03
15120000.00,1064319006922.75,-1040777850137.72,-28218621189.07,5074.77,6898.43,21.82
15552000.00,1066509646022.50,-1037788899904.27,-28208424601.43,5067.07,6939.35,25.36
15984000.00,1068696986612.34,-1034782388743.74,-28196749788.29,5059.50,6979.73,28.66
16416000.00,1070881079224.92,-1031758541986.58,-28183696082.15,5052.03,7019.61,31.74
16848000.00,1073061969379.76,-1028717578590.33,-28169358783.41,5044.67,7058.98,34.61
17280000.00,1075239698031.36,-1025659711333.34,-28153829360.38,5037.40,7097.86,37.26
17712000.00,1077414301960.17,-1022585147120.27,-28137195692.58,5030.20,7136.28,39.72
18144000.00,1079585814052.87,-1019494087211.48,-28119542302.94,5023.08,7174.23,41.98
18576000.00,1081754263656.83,-1016386727384.44,-28100950514.68,5016.02,7211.74,44.06
19008000.00,1083919676894.10,-1013263258210.42,-28081498645.80,5009.02,7248.82,45.97
19440000.00,1086082076878.34,-1010123865278.30,-28061262206.75,5002.07,7285.46,47.70
19872000.00,1088241483977.79,-1006968729336.61,-28040314041.64,4995.17,7321.70,49.26
20304000.00,1090397916092.24,-1003798026512.24,-28018724470.12,4988.30,7357.53,50.67
20736000.00,1092551388824.20,-1000611928556.40,-27996561462.46,4981.46,7392.97,51.92
21168000.00,1094701915657.77,-997410602969.05,-27973890769.05,4974.66,7428.03,53.02
21600000.00,1096849508197.00,-994194213165.83,-27950776024.72,4967.88,7462.72,53.97
22032000.00,1098994176315.59,-990962918707.95,-27927278888.35,4961.12,7497.03,54.79
22464000.00,1101135928279.43,-987716875445.65,-27903459167.41,4954.38,7531.00,55.47
22896000.00,1103274770928.13,-984456235632.12,-27879374907.51,4947.65,7564.61,56.01
23328000.00,1105410709837.40,-981181148116.62,-27855082490.42,4940.93,7597.89,56.43
23760000.00,1107543749396.06,-977891758528.46,-27830636753.40,4934.23,7630.83,56.72
24192000.00,1109673892922.52,-974588209359.27,-27806091075.29,4927.53,7663.44,56.89
24624000.00,1111801142826.59,-971270640096.98,-27781497444.12,4920.83,7695.73,56.95
25056000.00,1113925500690.08,-967939187412.17,-27756906550.24,4914.14,7727.71,56.88
25488000.00,1116046967328.71,-964593985271.18,-27732367875.91,4907.45,7759.39,56.70
25920000.00,1118165542911.00,-961235165014.55,-27707929759.38,4900.75,7790.76,56.42
26352000.00,1120281227075.89,-957862855498.32,-27683639454.69,4894.06,7821.84,56.02
26784000.00,1122394018973.36,-954477183258.08,-27659543211.33,4887.36,7852.63,55.52
27216000.00,1124503917313.08,-951078272582.72,-27635686347.04,4880.66,7883.13,54.91
27648000.00,1126610920483.54,-947666245588.16,-27612113293.60,4873.96,7913.35,54.20
28080000.00,1128715026623.01,-944241222365.66,-27588867650.65,4867.25,7943.29,53.40
28512000.00,1130816233639.28,-940803321099.79,-27565992252.66,4860.54,7972.97,52.49
28944000.00,1132914539269.01,-937352658127.02,-27543529225.34,4853.82,8002.38,51.49
29376000.00,1135009941174.23,-933889348013.99,-27521520026.45,4847.09,8031.52,50.39
29808000.00,1137102436995.52,-930413503693.27,-27500005489.35,4840.36,8060.40,49.20
30240000.00,1139192024351.86,-926925236570.59,-27479025880.99,4833.63,8089.03,47.91
30672000.00,1141278700895.10,-923424656562.04,-27458620950.92,4826.89,8117.41,46.54
31104000.00,1143362464400.67,-919911872173.30,-27438829962.48,4820.14,8145.53,45.07
