0.00,997949087375.00,-1116726629538.70,-21768888572.10,6914.93,5163.14,0.02
432000.00,1000924333046.22,-1114492873516.43,-21767853259.73,6858.97,5178.58,4.81
864000.00,1003875397086.34,-1112252243138.80,-21764752251.80,6802.98,5194.97,9.58
1296000.00,1006802263963.04,-1110004334809.92,-21759593244.53,6746.95,5212.28,14.33
1728000.00,1009704921899.88,-1107748746427.88,-21752384338.10,6690.90,5230.53,19.07
2160000.00,1012583362952.80,-1105485076918.05,-21743134076.00,6634.84,5249.70,23.78
2592000.00,1015437582951.05,-1103212925886.28,-21731851428.94,6578.77,5269.80,28.48
3024000.00,1018267581518.53,-1100931893186.89,-21718545804.61,6522.70,5290.83,33.15
3456000.00,1021073362065.52,-1098641578471.27,-21703227050.04,6466.65,5312.78,37.80
3888000.00,1023854932046.16,-1096341580802.05,-21685905518.89,6410.62,5335.66,42.42
4320000.00,1026612302932.76,-1094031498358.65,-21666592051.00,6354.62,5359.48,47.02
4752000.00,1029345490332.44,-1091710927962.88,-21645297993.10,6298.66,5384.23,51.59
5184000.00,1032054514090.05,-1089379464758.21,-21622035211.00,6242.75,5409.91,56.13
5616000.00,1034739398502.61,-1087036701720.80,-21596816132.10,6186.91,5436.55,60.65
6048000.00,1037400172665.30,-1084682229393.84,-21569653815.17,6131.13,5464.13,65.13
6480000.00,1040036870556.21,-1082315635606.09,-21540561946.26,6075.44,5492.67,69.58
6912000.00,1042649531207.20,-1079936504979.55,-21509554847.84,6019.85,5522.18,74.00
7344000.00,1045238199091.38,-1077544418675.33,-21476647548.92,5964.37,5552.66,78.38
7776000.00,1047802924269.49,-1075138953964.07,-21441855785.33,5909.01,5584.12,82.72
8208000.00,1050343762906.21,-1072719683868.18,-21405196092.84,5853.79,5616.58,87.02
8640000.00,1052860777683.31,-1070286176956.49,-21366685874.07,5798.72,5650.04,91.29
9072000.00,1055354038063.60,-1067837997073.11,-21326343423.08,5743.82,5684.52,95.51
9504000.00,1057823620568.07,-1065374702885.85,-21284187933.72,5689.10,5720.03,99.68
9936000.00,1060269609437.89,-1062895847573.52,-21240239602.37,5634.59,5756.57,103.80
10368000.00,1062692096973.65,-1060400978628.54,-21194519663.22,5580.30,5794.17,107.88
10800000.00,1065091184076.06,-1057889637396.09,-21147050444.83,5526.26,5832.84,111.90
11232000.00,1067466980984.68,-1055361358894.38,-21097855489.19,5472.49,5872.60,115.87
11664000.00,1069819607876.43,-1052815671655.71,-21046959635.02,5419.00,5913.45,119.78
12096000.00,1072149195410.98,-1050252097508.24,-20994389080.27,5365.83,5955.42,123.62
12528000.00,1074455885274.93,-1047670151248.96,-20940171426.54,5313.00,5998.52,127.40
12960000.00,1076739831002.10,-1045069340264.25,-20884335757.92,5260.54,6042.76,131.11
13392000.00,1079001198935.86,-1042449164566.88,-20826912794.35,5208.48,6088.18,134.75
13824000.00,1081240168783.00,-1039809116505.18,-20767934924.54,5156.85,6134.78,138.31
14256000.00,1083456934702.71,-1037148680523.43,-20707436332.18,5105.69,6182.58,141.79
14688000.00,1085651706378.62,-1034467333213.31,-20645453148.55,5055.04,6231.60,145.18
15120000.00,1087824709994.78,-1031764543322.94,-20582023575.62,5004.92,6281.86,148.48
15552000.00,1089976189226.65,-1029039771728.04,-20517188000.39,4955.40,6333.38,151.69
15984000.00,1092106406282.88,-1026292471367.52,-20450989105.05,4906.50,6386.17,154.79
16416000.00,1094215643085.09,-1023522087125.32,-20383471974.04,4858.28,6440.26,157.79
16848000.00,1096304202824.49,-1020728055927.86,-20314684255.76,4810.79,6495.66,160.67
17280000.00,1098372411336.17,-1017909807272.57,-20244676367.71,4764.08,6552.39,163.44
17712000.00,1100420618274.70,-1015066763156.65,-20173501582.85,4718.20,6610.47,166.07
18144000.00,1102449198944.52,-1012198338430.34,-20101216222.45,4673.23,6669.90,168.58
18576000.00,1104458555993.85,-1009303941461.10,-20027879870.80,4629.22,6730.72,170.94
19008000.00,1106449121065.74,-1006382974761.43,-19953555565.77,4586.25,6792.92,173.15
19440000.00,1108421356521.85,-1003434835656.04,-19878309987.60,4544.38,6856.53,175.20
19872000.00,1110375757261.26,-1000458917030.52,-19802213651.26,4503.70,6921.54,177.08
20304000.00,1112312852659.55,-997454608161.70,-19725341098.38,4464.29,6987.97,178.79
20736000.00,1114233208736.19,-994421295683.96,-19647771090.58,4426.23,7055.83,180.31
21168000.00,1116137430651.85,-991358365075.46,-19569586840.02,4389.62,7125.10,181.63
21600000.00,1118026164837.45,-988265202710.30,-19490876295.63,4354.55,7195.80,182.74
22032000.00,1119900100968.54,-985141197106.37,-19411732318.27,4321.14,7267.91,183.63
22464000.00,1121759974770.80,-981985741001.53,-19332252895.05,4289.48,7341.41,184.29
22896000.00,1123606570480.94,-978798234145.46,-19252541412.13,4259.70,7416.29,184.70
23328000.00,1125440723171.03,-975578086092.18,-19172706895.42,4231.91,7492.53,184.86
23760000.00,1127263321109.12,-972324719223.32,-19092864231.40,4206.24,7570.09,184.74
24192000.00,1129075308145.77,-969037572117.72,-19013134375.43,4182.82,7648.92,184.33
24624000.00,1130877686088.39,-965716103320.69,-18933644549.56,4161.79,7728.98,183.62
25056000.00,1132671517062.24,-962359795545.75,-18854528418.75,4143.29,7810.21,182.60
25488000.00,1134457925891.86,-958968160466.30,-18775926228.17,4127.47,7892.53,181.24
25920000.00,1136238102355.99,-955540744508.48,-18697984887.48,4114.48,7975.85,179.53
26352000.00,1138013302533.92,-952077135610.04,-18620858052.77,4104.48,8060.08,177.46
26784000.00,1139784849466.67,-948576969136.49,-18544706223.77,4097.62,8145.08,175.01
27216000.00,1141554134666.12,-945039934443.62,-18469696651.01,4094.06,8230.74,172.17
27648000.00,1143322618415.39,-941465783572.36,-18396003170.21,4093.96,8316.89,168.91
28080000.00,1145091828923.86,-937854339821.49,-18323806013.75,4097.47,8403.37,165.24
28512000.00,1146863360901.86,-934205506535.50,-18253291513.73,4104.75,8489.96,161.12
28944000.00,1148638873297.29,-930519276414.46,-18184651682.80,4115.95,8576.46,156.55
29376000.00,1150420085996.94,-926795741296.05,-18118083663.80,4131.19,8662.62,151.52
29808000.00,1152208775353.39,-923035102325.36,-18053789032.32,4150.61,8748.19,146.02
30240000.00,1154006768410.70,-919237680458.24,-17991972923.57,4174.31,8832.86,140.04
30672000.00,1155815935631.06,-915403927361.20,-17932842918.04,4202.39,8916.32,133.58
31104000.00,1157638181491.22,-911534436787.52,-17876607603.34,4234.90,8998.24,126.64
