0.00,965136966075.65,-1134449662909.26,-20626610562.03,5812.35,7065.74,0.00
426082.00,967615400635.00,-1131428361877.73,-20626045273.32,5821.37,7115.93,2.65
852164.00,970097828562.65,-1128385820313.05,-20624349870.01,5831.09,7165.44,5.30
1278246.00,972584544208.05,-1125322327031.70,-20621525166.94,5841.50,7214.27,7.95
1704328.00,975075840427.11,-1122238173183.48,-20617572134.40,5852.59,7262.42,10.60
2130410.00,977572008979.71,-1119133652694.35,-20612491899.69,5864.37,7309.87,13.24
2556492.00,980073340903.28,-1116009062631.09,-20606285754.95,5876.83,7356.62,15.89
2982574.00,982580126922.91,-1112864703654.57,-20598955157.87,5889.97,7402.66,18.52
3408656.00,985092657753.31,-1109700880503.83,-20590501746.52,5903.79,7447.99,21.16
3834738.00,987611224474.82,-1106517902446.37,-20580927346.58,5918.30,7492.57,23.78
4260820.00,990136118818.87,-1103316083863.30,-20570233984.07,5933.50,7536.42,26.41
4686902.00,992667633464.46,-1100095744747.97,-20558423902.99,5949.38,7579.51,29.03
5112984.00,995206062342.89,-1096857211324.07,-20545499576.08,5965.95,7621.82,31.64
5539066.00,997751700841.77,-1093600816665.82,-20531463729.88,5983.22,7663.34,34.24
5965148.00,1000304846096.00,-1090326901322.70,-20516319361.94,6001.19,7704.06,36.84
6391230.00,1002865797147.88,-1087035814074.77,-20500069765.48,6019.86,7743.94,39.43
6817312.00,1005434855153.55,-1083727912609.86,-20482718559.43,6039.24,7782.98,42.01
7243394.00,1008012323548.99,-1080403564352.16,-20464269713.22,6059.34,7821.14,44.58
7669476.00,1010598508123.29,-1077063147267.10,-20444727586.69,6080.16,7858.40,47.14
8095558.00,1013193717175.35,-1073707050715.01,-20424096961.69,6101.70,7894.73,49.69
8521640.00,1015798261498.10,-1070335676419.97,-20402383081.94,6123.98,7930.11,52.23
8947722.00,1018412454442.31,-1066949439384.67,-20379591699.44,6146.99,7964.49,54.75
9373804.00,1021036611873.84,-1063548768982.55,-20355729116.76,6170.75,7997.85,57.26
9799886.00,1023671052050.43,-1060134110010.39,-20330802246.66,6195.26,8030.15,59.75
10225968.00,1026316095548.31,-1056705923845.13,-20304818665.47,6220.52,8061.34,62.22
10652050.00,1028972064961.93,-1053264689689.27,-20277786676.22,6246.54,8091.39,64.67
11078132.00,1031639284703.82,-1049810905798.08,-20249715380.14,6273.33,8120.24,67.09
11504214.00,1034318080608.82,-1046345090895.33,-20220614744.00,6300.88,8147.85,69.50
11930296.00,1037008779471.81,-1042867785539.08,-20190495687.26,6329.20,8174.17,71.87
12356378.00,1039711708567.63,-1039379553650.56,-20159370165.49,6358.29,8199.13,74.22
12782460.00,1042427194878.44,-1035880984091.81,-20127251265.08,6388.15,8222.68,76.54
13208542.00,1045155564409.44,-1032372692279.93,-20094153312.09,6418.76,8244.75,78.82
13634624.00,1047897141176.36,-1028855321968.69,-20060091976.78,6450.14,8265.28,81.06
14060706.00,1050652246133.75,-1025329546971.56,-20025084401.62,6482.26,8284.19,83.26
14486788.00,1053421195964.72,-1021796073086.99,-19989149326.93,6515.12,8301.41,85.41
14912870.00,1056204301503.55,-1018255640004.57,-19952307228.13,6548.70,8316.84,87.51
15338952.00,1059001866187.88,-1014709023305.52,-19914580474.42,6582.99,8330.42,89.56
15765034.00,1061814184006.34,-1011157036556.69,-19875993480.99,6617.95,8342.03,91.55
16191116.00,1064641537360.03,-1007600533334.05,-19836572892.48,6653.56,8351.60,93.47
16617198.00,1067484194580.34,-1004040409424.08,-19796347766.25,6689.78,8359.01,95.33
17043280.00,1070342406993.73,-1000477604873.19,-19755349765.14,6726.57,8364.16,97.10
17469362.00,1073216405884.64,-996913106150.91,-19713613379.61,6763.87,8366.95,98.79
17895444.00,1076106398744.55,-993347948214.32,-19671176134.42,6801.63,8367.24,100.39
18321526.00,1079012565373.57,-989783216451.33,-19628078834.85,6839.78,8364.92,101.89
18747608.00,1081935053347.60,-986220048633.50,-19584365809.20,6878.23,8359.88,103.28
19173690.00,1084873972946.85,-982659636472.25,-19540085156.35,6916.89,8351.97,104.55
19599772.00,1087829391755.48,-979103227163.55,-19495289029.96,6955.65,8341.07,105.70
20025854.00,1090801328368.09,-975552124417.60,-19450033885.10,6994.40,8327.04,106.70
20451936.00,1093789745871.75,-972007689189.24,-19404380768.56,7032.99,8309.75,107.56
20878018.00,1096794544407.15,-968471339950.36,-19358395584.94,7071.26,8289.06,108.26
21304100.00,1099815553220.06,-964944552127.84,-19312149350.72,7109.05,8264.84,108.79
21730182.00,1102852522152.93,-961428857106.74,-19265718476.83,7146.15,8236.97,109.13
22156264.00,1105905112276.67,-957925839964.60,-19219184970.35,7182.34,8205.31,109.27
22582346.00,1108972886337.25,-954437136450.29,-19172636673.14,7217.38,8169.76,109.19
23008428.00,1112055298319.35,-950964428572.61,-19126167420.38,7251.00,8130.22,108.89
23434510.00,1115151682926.95,-947509438691.25,-19079877147.50,7282.91,8086.58,108.35
23860592.00,1118261244656.16,-944073922295.55,-19033871979.56,7312.80,8038.80,107.55
24286674.00,1121383046767.67,-940659658511.84,-18988264157.52,7340.31,7986.82,106.48
24712756.00,1124516000646.05,-937268439139.53,-18943171962.41,7365.08,7930.63,105.13
25138838.00,1127658855302.46,-933902055076.21,-18898719455.92,7386.71,7870.25,103.48
25564920.00,1130810188145.90,-930562280687.84,-18855036110.42,7404.80,7805.74,101.52
25991002.00,1133968396636.29,-927250855912.78,-18812256323.39,7418.91,7737.20,99.23
26417084.00,1137131691943.66,-923969465663.67,-18770518669.55,7428.61,7664.79,96.62
26843166.00,1140298094717.31,-920719717510.20,-18729965088.13,7433.43,7588.72,93.68
27269248.00,1143465433646.47,-917503116625.81,-18690739769.36,7432.93,7509.25,90.39
27695330.00,1146631347633.03,-914321039555.39,-18652987901.85,7426.66,7426.73,86.76
28121412.00,1149793291530.34,-911174706321.54,-18616854222.26,7414.22,7341.54,82.79
28547494.00,1152948546782.02,-908065151981.37,-18582481311.94,7395.21,7254.17,78.50
28973576.00,1156094236374.03,-904993198535.49,-18550007839.34,7369.27,7165.14,73.88
29399658.00,1159227345267.10,-901959427435.38,-18519566546.90,7336.11,7075.05,68.96
29825740.00,1162344745653.62,-898964154803.34,-18491282248.67,7295.50,6984.54,63.76
30251822.00,1165443227168.38,-896007409113.44,-18465269733.06,7247.29,6894.33,58.30
30677904.00,1168519531788.31,-893088913719.68,-18441631694.41,7191.40,6805.13,52.62
31103986.00,1171570392088.00,-890208074288.26,-18420456835.74,7127.86,6717.70,46.75
