0.00,962995464481.13,-1125867462433.31,-20312366160.34,6195.46,7860.17,0.00
7200.00,963040074112.27,-1125810866457.32,-20312365950.55,6196.10,7860.94,0.06
14400.00,963084688339.51,-1125754264960.40,-20312365321.13,6196.74,7861.70,0.12
21600.00,963129307165.89,-1125697657946.84,-20312364272.00,6197.38,7862.47,0.17
28800.00,963173930594.43,-1125641045420.95,-20312362803.06,6198.02,7863.23,0.23
36000.00,963218558628.18,-1125584427387.04,-20312360914.25,6198.66,7864.00,0.29
43200.00,963263191270.17,-1125527803849.42,-20312358605.47,6199.30,7864.76,0.35
50400.00,963307828523.41,-1125471174812.39,-20312355876.64,6199.94,7865.53,0.41
57600.00,963352470390.95,-1125414540280.28,-20312352727.68,6200.58,7866.29,0.47
64800.00,963397116875.79,-1125357900257.41,-20312349158.52,6201.22,7867.05,0.52
72000.00,963441767980.96,-1125301254748.10,-20312345169.05,6201.86,7867.81,0.58
79200.00,963486423709.47,-1125244603756.69,-20312340759.21,6202.51,7868.57,0.64
86400.00,963531084064.35,-1125187947287.51,-20312335928.91,6203.15,7869.33,0.70
93600.00,963575749048.59,-1125131285344.90,-20312330678.08,6203.79,7870.09,0.76
100800.00,963620418665.20,-1125074617933.20,-20312325006.62,6204.44,7870.85,0.82
108000.00,963665092917.20,-1125017945056.75,-20312318914.46,6205.08,7871.61,0.88
115200.00,963709771807.57,-1124961266719.91,-20312312401.52,6205.72,7872.37,0.93
122400.00,963754455339.33,-1124904582927.02,-20312305467.71,6206.37,7873.13,0.99
129600.00,963799143515.46,-1124847893682.45,-20312298112.96,6207.01,7873.89,1.05
136800.00,963843836338.97,-1124791198990.56,-20312290337.19,6207.66,7874.64,1.11
144000.00,963888533812.83,-1124734498855.71,-20312282140.31,6208.31,7875.40,1.17
151200.00,963933235940.03,-1124677793282.27,-20312273522.25,6208.95,7876.15,1.23
158400.00,963977942723.57,-1124621082274.62,-20312264482.92,6209.60,7876.91,1.28
165600.00,964022654166.42,-1124564365837.13,-20312255022.25,6210.25,7877.66,1.34
172800.00,964067370271.56,-1124507643974.19,-20312245140.16,6210.89,7878.41,1.40
180000.00,964112091041.96,-1124450916690.18,-20312234836.56,6211.54,7879.17,1.46
187200.00,964156816480.60,-1124394183989.48,-20312224111.38,6212.19,7879.92,1.52
194400.00,964201546590.45,-1124337445876.49,-20312212964.55,6212.84,7880.67,1.58
201600.00,964246281374.46,-1124280702355.62,-20312201395.98,6213.49,7881.42,1.64
208800.00,964291020835.61,-1124223953431.25,-20312189405.59,6214.14,7882.17,1.69
216000.00,964335764976.87,-1124167199107.79,-20312176993.30,6214.79,7882.92,1.75
223200.00,964380513801.16,-1124110439389.67,-20312164159.05,6215.44,7883.67,1.81
230400.00,964425267311.47,-1124053674281.27,-20312150902.74,6216.09,7884.42,1.87
237600.00,964470025510.72,-1123996903787.02,-20312137224.31,6216.74,7885.17,1.93
244800.00,964514788401.89,-1123940127911.34,-20312123123.68,6217.39,7885.91,1.99
252000.00,964559555987.90,-1123883346658.66,-20312108600.76,6218.05,7886.66,2.05
259200.00,964604328271.69,-1123826560033.40,-20312093655.49,6218.70,7887.40,2.11
266400.00,964649105256.22,-1123769768040.00,-20312078287.78,6219.35,7888.15,2.16
273600.00,964693886944.41,-1123712970682.89,-20312062497.56,6220.01,7888.89,2.22
280800.00,964738673339.19,-1123656167966.50,-20312046284.76,6220.66,7889.64,2.28
288000.00,964783464443.50,-1123599359895.29,-20312029649.29,6221.31,7890.38,2.34
295200.00,964828260260.25,-1123542546473.70,-20312012591.09,6221.97,7891.12,2.40
302400.00,964873060792.38,-1123485727706.18,-20311995110.07,6222.62,7891.87,2.46
309600.00,964917866042.79,-1123428903597.18,-20311977206.17,6223.28,7892.61,2.52
316800.00,964962676014.42,-1123372074151.17,-20311958879.30,6223.94,7893.35,2.57
324000.00,965007490710.17,-1123315239372.60,-20311940129.39,6224.59,7894.09,2.63
331200.00,965052310132.94,-1123258399265.95,-20311920956.37,6225.25,7894.83,2.69
338400.00,965097134285.66,-1123201553835.67,-20311901360.16,6225.91,7895.57,2.75
345600.00,965141963171.22,-1123144703086.25,-20311881340.70,6226.56,7896.31,2.81
352800.00,965186796792.52,-1123087847022.16,-20311860897.90,6227.22,7897.04,2.87
360000.00,965231635152.46,-1123030985647.89,-20311840031.69,6227.88,7897.78,2.93
367200.00,965276478253.93,-1122974118967.91,-20311818742.00,6228.54,7898.52,2.99
374400.00,965321326099.85,-1122917246986.72,-20311797028.75,6229.20,7899.25,3.05
381600.00,965366178693.06,-1122860369708.81,-20311774891.88,6229.86,7899.99,3.10
388800.00,965411036036.48,-1122803487138.68,-20311752331.30,6230.52,7900.72,3.16
396000.00,965455898132.98,-1122746599280.81,-20311729346.95,6231.18,7901.46,3.22
403200.00,965500764985.44,-1122689706139.73,-20311705938.76,6231.84,7902.19,3.28
410400.00,965545636596.74,-1122632807719.92,-20311682106.65,6232.50,7902.93,3.34
417600.00,965590512969.75,-1122575904025.92,-20311657850.56,6233.16,7903.66,3.40
424800.00,965635394107.34,-1122518995062.22,-20311633170.40,6233.82,7904.39,3.46
432000.00,965680280012.37,-1122462080833.34,-20311608066.11,6234.49,7905.12,3.52
439200.00,965725170687.72,-1122405161343.82,-20311582537.62,6235.15,7905.85,3.58
446400.00,965770066136.24,-1122348236598.17,-20311556584.85,6235.81,7906.58,3.63
453600.00,965814966360.78,-1122291306600.92,-20311530207.74,6236.47,7907.31,3.69
460800.00,965859871364.21,-1122234371356.61,-20311503406.21,6237.14,7908.04,3.75
468000.00,965904781149.38,-1122177430869.77,-20311476180.20,6237.80,7908.77,3.81
475200.00,965949695719.13,-1122120485144.95,-20311448529.64,6238.47,7909.49,3.87
482400.00,965994615076.30,-1122063534186.68,-20311420454.44,6239.13,7910.22,3.93
489600.00,966039539223.75,-1122006577999.51,-20311391954.56,6239.80,7910.94,3.99
496800.00,966084468164.31,-1121949616588.00,-20311363029.91,6240.46,7911.67,4.05
504000.00,966129401900.82,-1121892649956.70,-20311333680.43,6241.13,7912.39,4.11
511200.00,966174340436.11,-1121835678110.17,-20311303906.04,6241.80,7913.12,4.16
518400.00,966219283773.00,-1121778701052.98,-20311273706.68,6242.46,7913.84,4.22
