0.00,630027157462.59,-368811175337.85,-23249928152.99,8334.09,12939.05,0.00
426082.00,633570125579.30,-363302065177.20,-23239575263.49,8295.83,12919.74,48.66
852164.00,637096109296.69,-357801944048.26,-23208404244.69,8254.35,12896.86,97.71
1278246.00,640603717872.58,-352312336602.04,-23156260491.91,8209.57,12870.39,147.10
1704328.00,644091524043.24,-346834765236.49,-23083008243.08,8161.39,12840.36,196.79
2130410.00,647558061321.23,-341370750278.34,-22988531046.66,8109.71,12806.76,246.72
2556492.00,651001820833.02,-335921810117.54,-22872732392.26,8054.45,12769.60,296.86
2982574.00,654421247765.04,-330489461289.23,-22735536417.96,7995.48,12728.88,347.15
3408656.00,657814737322.97,-325075218368.20,-22576888863.67,7932.68,12684.61,397.54
3834738.00,661180630128.37,-319680593750.65,-22396758206.39,7865.92,12636.80,447.98
4260820.00,664517207117.18,-314307097182.55,-22195137031.48,7795.05,12585.44,498.41
4686902.00,667822683749.37,-308956234960.96,-21972043742.50,7719.91,12530.56,548.76
5112984.00,671095203595.90,-303629508815.17,-21727524551.53,7640.32,12472.15,598.97
5539066.00,674332831244.57,-298328414236.01,-21461655927.46,7556.09,12410.25,648.96
5965148.00,677533544388.16,-293054438237.94,-21174547464.04,7467.01,12344.86,698.65
6391230.00,680695225227.61,-287809056384.25,-20866345267.09,7372.84,12276.03,747.96
6817312.00,683815651014.88,-282593728837.37,-20537236012.31,7273.32,12203.80,796.77
7243394.00,686892483787.60,-277409895376.23,-20187451601.52,7168.16,12128.21,844.98
7669476.00,689923259370.07,-272258968990.59,-19817274674.64,7057.07,12049.35,892.47
8095558.00,692905375520.97,-267142327864.71,-19427045000.20,6939.70,11967.30,939.08
8521640.00,695836079494.52,-262061305474.06,-19017166814.17,6815.68,11882.18,984.67
8947722.00,698712455026.65,-257017178254.33,-18588117344.42,6684.62,11794.14,1029.04
9373804.00,701531408941.82,-252011150647.04,-18140456488.67,6546.08,11703.38,1071.99
9799886.00,704289657831.40,-247044336892.08,-17674837875.92,6399.59,11610.12,1113.29
10225968.00,706983714984.64,-242117739045.29,-17192021340.24,6244.68,11514.66,1152.67
10652050.00,709609878336.33,-237232220835.01,-16692886854.73,6080.82,11417.36,1189.83
11078132.00,712164220146.12,-232388476483.34,-16178450071.93,5907.46,11318.66,1224.44
11504214.00,714642579219.98,-227586994185.97,-15649879236.58,5724.07,11219.08,1256.11
11930296.00,717040557222.86,-222828013609.39,-15108513486.95,5530.07,11119.27,1284.42
12356378.00,719353520366.89,-218111476846.85,-14555882224.72,5324.92,11019.99,1308.91
12782460.00,721576608428.24,-213436973013.50,-13993724995.01,5108.12,10922.13,1329.05
13208542.00,723704753504.97,-208803676197.80,-13424011322.62,4879.20,10826.76,1344.28
13634624.00,725732710679.64,-204210277643.73,-12848959380.62,4637.79,10735.07,1354.00
14060706.00,727655103697.54,-199654913606.57,-12271052212.47,4383.66,10648.47,1357.58
14486788.00,729466488278.96,-195135090709.43,-11693049747.36,4116.73,10568.52,1354.34
14912870.00,731161435468.19,-190647612659.23,-11117994485.94,3837.16,10496.95,1343.63
15338952.00,732734637434.44,-186188512600.60,-10549208403.55,3545.36,10435.64,1324.81
15765034.00,734181035887.18,-181752997061.29,-9990278355.83,3242.10,10386.58,1297.27
16191116.00,735495972471.32,-177335409041.75,-9445027398.92,2928.51,10351.83,1260.52
16617198.00,736675357912.22,-172929217647.70,-8917469560.87,2606.13,10333.42,1214.17
17043280.00,737715852852.98,-168527042784.97,-8411746835.24,2276.93,10333.29,1158.01
17469362.00,738615051648.98,-164120721998.05,-7932048043.44,1943.33,10353.15,1092.04
17895444.00,739371656212.97,-159701423809.38,-7482511189.34,1608.10,10394.40,1016.50
18321526.00,739985625097.87,-155259809278.81,-7067113445.30,1274.34,10458.02,931.90
18747608.00,740458283442.33,-150786237651.06,-6689554220.24,945.36,10544.43,839.04
19173690.00,740792379471.69,-146271006833.61,-6353139410.63,624.50,10653.48,738.97
19599772.00,740992078224.65,-141704615035.96,-6060675424.40,315.03,10784.39,632.97
20025854.00,741062888834.69,-137078025213.99,-5814381264.41,19.98,10935.77,522.50
20451936.00,741011527587.02,-132382913276.44,-5615826226.35,-258.03,11105.67,409.15
20878018.00,740845727087.27,-127611882435.80,-5465897196.49,-516.88,11291.70,294.53
21304100.00,740574006425.51,-122758629116.93,-5364797452.14,-755.01,11491.14,180.21
21730182.00,740205420065.79,-117818052196.68,-5312075184.20,-971.45,11701.10,67.68
22156264.00,739749304672.95,-112786303390.81,-5306676714.55,-1165.85,11918.61,-41.72
22582346.00,739215040064.55,-107660781910.76,-5347018976.69,-1338.35,12140.79,-146.85
23008428.00,738611837034.74,-102440081789.18,-5431073595.36,-1489.57,12364.94,-246.76
23434510.00,737948560753.34,-97123902412.16,-5556455715.19,-1620.52,12588.58,-340.73
23860592.00,737233593015.61,-91712933651.37,-5720512284.70,-1732.44,12809.53,-428.23
24286674.00,736474733335.72,-86208727155.62,-5920404516.31,-1826.80,13025.94,-508.90
24712756.00,735679136087.81,-80613562869.86,-6153181898.37,-1905.15,13236.25,-582.57
25138838.00,734853278443.32,-74930318364.95,-6415846079.03,-1969.10,13439.20,-649.19
25564920.00,734002953775.93,-69162346611.43,-6705403756.83,-2020.26,13633.81,-708.82
25991002.00,733133284819.98,-63313364979.81,-7018909243.40,-2060.16,13819.35,-761.63
26417084.00,732248750929.48,-57387357640.09,-7353497212.18,-2090.27,13995.29,-807.82
26843166.00,731353225267.01,-51388491680.28,-7706406984.93,-2111.97,14161.30,-847.68
27269248.00,730450017890.11,-45321046261.53,-8074999618.78,-2126.53,14317.18,-881.49
27695330.00,729541921662.60,-39189354343.02,-8456768865.06,-2135.10,14462.87,-909.58
28121412.00,728631259151.88,-32997755186.66,-8849347490.26,-2138.74,14598.39,-932.28
28547494.00,727719928485.42,-26750556470.17,-9250509754.32,-2138.39,14723.87,-949.93
28973576.00,726809447321.09,-20452004779.21,-9658170999.05,-2134.89,14839.47,-962.84
29399658.00,725900994344.54,-14106262713.91,-10070385186.39,-2128.99,14945.42,-971.35
29825740.00,724995447599.15,-7717391885.76,-10485340837.52,-2121.35,15041.96,-975.76
30251822.00,724093419884.75,-1289340552.40,-10901355949.37,-2112.56,15129.38,-976.37
30677904.00,723195290945.83,5174065085.34,-11316872212.13,-2103.13,15207.96,-973.47
31103986.00,722301236628.39,11669126392.30,-11730448821.60,-2093.50,15278.02,-967.31
