0.00,663614601770.82,-390450262261.95,-10324288403.50,6556.58,9378.10,-0.00
432000.00,666405237001.30,-386382100313.70,-10326806975.11,6363.56,9456.67,-11.59
864000.00,669113285591.23,-382279183549.01,-10334230057.76,6174.24,9538.94,-22.71
1296000.00,671740355683.39,-378139991103.25,-10346356232.35,5988.66,9624.55,-33.36
1728000.00,674288060844.59,-373963155651.96,-10362981859.03,5806.81,9713.16,-43.54
2160000.00,676758010632.16,-369747454672.80,-10383902245.35,5628.68,9804.43,-53.24
2592000.00,679151802358.81,-365491801636.13,-10408912684.09,5454.22,9898.07,-62.47
3024000.00,681471014009.46,-361195237368.18,-10437809350.96,5283.39,9993.79,-71.23
3456000.00,683717198314.65,-356856921550.50,-10470390061.70,5116.12,10091.33,-79.53
3888000.00,685891877670.39,-352476124415.23,-10506454936.75,4952.34,10190.43,-87.37
4320000.00,687996540027.80,-348052218774.20,-10545806941.88,4791.96,10290.87,-94.75
4752000.00,690032635538.44,-343584672255.88,-10588252343.47,4634.89,10392.43,-101.69
5184000.00,692001573888.98,-339073039942.79,-10633601076.60,4481.03,10494.94,-108.19
5616000.00,693904722341.81,-334516957313.51,-10681667029.86,4330.29,10598.19,-114.27
6048000.00,695743404252.69,-329916133521.99,-10732268272.25,4182.56,10702.05,-119.93
6480000.00,697518898186.12,-325270345102.95,-10785227201.87,4037.74,10806.34,-125.19
6912000.00,699232437412.46,-320579429946.20,-10840370655.22,3895.72,10910.94,-130.05
7344000.00,700885209814.96,-315843281724.67,-10897529958.13,3756.39,11015.73,-134.52
7776000.00,702478358173.78,-311061844609.14,-10956540934.80,3619.66,11120.60,-138.62
8208000.00,704012980664.90,-306235108340.43,-11017243888.13,3485.42,11225.44,-142.35
8640000.00,705490131747.50,-301363103675.16,-11079483531.99,3353.57,11330.16,-145.74
9072000.00,706910823172.42,-296445898141.61,-11143108904.54,3224.02,11434.69,-148.77
9504000.00,708276025228.38,-291483592164.29,-11207973249.55,3096.67,11538.95,-151.47
9936000.00,709586668111.03,-286476315381.71,-11273933888.80,2971.42,11642.87,-153.85
10368000.00,710843643436.75,-281424223343.72,-11340852068.50,2848.19,11746.42,-155.91
10800000.00,712047805900.18,-276327494406.16,-11408592793.84,2726.90,11849.52,-157.66
11232000.00,713199974971.14,-271186326928.06,-11477024651.15,2607.47,11952.14,-159.11
11664000.00,714300936736.99,-266000936697.55,-11546019617.21,2489.82,12054.25,-160.27
12096000.00,715351445737.47,-260771554561.51,-11615452864.42,2373.88,12155.80,-161.14
12528000.00,716352226922.64,-255498424318.29,-11685202552.58,2259.59,12256.78,-161.73
12960000.00,717303977586.45,-250181800739.32,-11755149621.57,2146.88,12357.16,-162.05
13392000.00,718207369389.07,-244821947858.92,-11825177573.70,2035.70,12456.91,-162.11
13824000.00,719063050376.74,-239419137336.09,-11895172256.74,1925.99,12556.03,-161.90
14256000.00,719871647043.29,-233973647099.67,-11965021639.05,1817.71,12654.50,-161.43
14688000.00,720633766431.87,-228485760045.09,-12034615585.55,1710.81,12752.31,-160.72
15120000.00,721349998177.07,-222955762974.97,-12103845629.53,1605.26,12849.45,-159.75
15552000.00,722020916655.86,-217383945545.59,-12172604743.87,1501.02,12945.92,-158.54
15984000.00,722647083070.07,-211770599452.75,-12240787108.44,1398.07,13041.72,-157.08
16416000.00,723229047635.24,-206116017665.95,-12308287876.03,1296.38,13136.83,-155.38
16848000.00,723767351701.15,-200420493781.41,-12375002936.52,1195.93,13231.26,-153.44
17280000.00,724262530005.48,-194684321501.29,-12440828676.99,1096.72,13325.02,-151.26
17712000.00,724715112858.62,-188907794180.00,-12505661740.06,998.73,13418.09,-148.85
18144000.00,725125628459.24,-183091204511.75,-12569398777.60,901.97,13510.49,-146.19
18576000.00,725494605176.15,-177234844269.30,-12631936200.40,806.42,13602.21,-143.29
19008000.00,725822573939.55,-171339004200.24,-12693169923.90,712.12,13693.27,-140.15
19440000.00,726110070651.38,-165403973959.75,-12752995107.47,619.06,13783.65,-136.77
19872000.00,726357638676.12,-159430042201.61,-12811305888.79,527.27,13873.37,-133.14
20304000.00,726565831421.38,-153417496720.40,-12867995110.33,436.77,13962.42,-129.26
20736000.00,726735214949.43,-147366624774.52,-12922954039.69,347.60,14050.80,-125.13
21168000.00,726866370762.32,-141277713450.49,-12976072080.35,259.80,14138.53,-120.74
21600000.00,726959898584.77,-135151050274.36,-13027236476.94,173.41,14225.58,-116.09
22032000.00,727016419354.70,-128986923839.33,-13076332006.64,88.48,14311.97,-111.16
22464000.00,727036578197.16,-122785624732.00,-13123240667.51,5.07,14397.68,-105.96
22896000.00,727021047647.34,-116547446413.87,-13167841341.28,-76.74,14482.70,-100.47
23328000.00,726970530955.26,-110272686531.22,-13210009463.20,-156.88,14567.03,-94.70
23760000.00,726885765547.13,-103961648296.11,-13249616666.68,-235.28,14650.65,-88.62
24192000.00,726767526607.59,-97614642145.58,-13286530421.73,-311.84,14733.55,-82.22
24624000.00,726616630902.22,-91231987700.89,-13320613660.32,-386.45,14815.69,-75.51
25056000.00,726433940619.51,-84814016043.84,-13351724392.83,-459.01,14897.05,-68.46
25488000.00,726220367570.09,-78361072280.13,-13379715305.36,-529.41,14977.59,-61.06
25920000.00,725976877344.83,-71873518649.46,-13404433365.95,-597.50,15057.27,-53.31
26352000.00,725704493765.02,-65351737934.93,-13425719401.85,-663.15,15136.04,-45.17
26784000.00,725404303421.72,-58796137506.71,-13443407691.92,-726.20,15213.83,-36.65
27216000.00,725077460387.29,-52207153922.41,-13457325548.61,-786.51,15290.57,-27.71
27648000.00,724725190889.85,-45585258171.36,-13467292911.92,-843.89,15366.18,-18.35
28080000.00,724348798291.35,-38930961676.55,-13473121946.58,-898.16,15440.56,-8.55
28512000.00,723949667794.66,-32244823244.85,-13474616685.97,-949.12,15513.58,1.71
28944000.00,723529271289.45,-25527456768.13,-13471572672.93,-996.58,15585.11,12.46
29376000.00,723089171891.86,-18779540165.85,-13463776689.59,-1040.30,15654.99,23.72
29808000.00,722631028319.40,-12001825389.91,-13451006523.17,-1080.07,15723.03,35.50
30240000.00,722156598709.58,-5195149581.61,-13433030809.74,-1115.66,15789.03,47.82
30672000.00,721667744302.82,1639552401.19,-13409608946.36,-1146.81,15852.74,60.71
31104000.00,721166431851.20,8501233521.62,-13380491246.26,-1173.29,15913.88,74.20
