0.00,665785051570.80,-366124508569.01,-19589377269.53,7519.66,10548.95,0.05
423360.00,668941680500.10,-361656093389.26,-19586184431.60,7391.56,10560.46,15.14
846720.00,672043854467.79,-357182759393.12,-19576597400.33,7262.40,10572.19,30.26
1270080.00,675091116006.54,-352704413000.80,-19560602935.60,7132.14,10584.14,45.41
1693440.00,678083002063.34,-348220955851.72,-19538187262.56,7000.79,10596.34,60.59
2116800.00,681019043363.28,-343732283526.77,-19509336155.41,6868.31,10608.78,75.81
2540160.00,683898763928.71,-339238284232.94,-19474035075.45,6734.71,10621.51,91.06
2963520.00,686721680541.37,-334738837468.43,-19432269280.92,6599.95,10634.52,106.35
3386880.00,689487302324.01,-330233812650.02,-19384023978.76,6464.03,10647.86,121.67
3810240.00,692195130355.68,-325723067691.54,-19329284489.71,6326.92,10661.55,137.03
4233600.00,694844657367.32,-321206447527.35,-19268036442.36,6188.60,10675.63,152.42
4656960.00,697435367481.26,-316683782674.56,-19200265960.40,6049.05,10690.12,167.84
5080320.00,699966735938.98,-312154887631.54,-19125959865.00,5908.25,10705.07,183.30
5503680.00,702438229129.22,-307619559269.74,-19045105976.26,5766.18,10720.52,198.78
5927040.00,704849304434.21,-303077575249.87,-18957693330.64,5622.82,10736.52,214.28
6350400.00,707199410356.22,-298528692247.89,-18863712514.40,5478.14,10753.13,229.80
6773760.00,709487986620.36,-293972644296.92,-18763155958.22,5332.13,10770.39,245.34
7197120.00,711714464359.88,-289409140902.80,-18656018271.84,5184.77,10788.36,260.89
7620480.00,713878266603.35,-284837865176.14,-18542296675.63,5036.03,10807.12,276.45
8043840.00,715978808705.28,-280258471971.57,-18421991390.27,4885.91,10826.73,291.99
8467200.00,718015498967.95,-275670585906.43,-18295106085.62,4734.38,10847.26,307.53
8890560.00,719987739370.32,-271073799376.28,-18161648356.54,4581.43,10868.79,323.04
9313920.00,721894926468.00,-266467670449.18,-18021630241.81,4427.05,10891.42,338.52
9737280.00,723736452527.11,-261851720804.56,-17875068795.99,4271.23,10915.21,353.95
10160640.00,725511706713.70,-257225433587.63,-17721986670.06,4113.96,10940.28,369.32
10584000.00,727220076653.64,-252588251209.20,-17562412789.51,3955.25,10966.71,384.61
11007360.00,728860950132.48,-247939573269.63,-17396383044.48,3795.09,10994.61,399.81
11430720.00,730433716836.77,-243278754389.15,-17223940974.82,3633.50,11024.09,414.90
11854080.00,731937770496.02,-238605101926.21,-17045138558.51,3470.48,11055.27,429.86
12277440.00,733372511418.94,-233917873844.44,-16860037078.93,3306.05,11088.26,444.66
12700800.00,734737349034.59,-229216276705.06,-16668707960.07,3140.24,11123.18,459.27
13124160.00,736031704704.04,-224499463421.36,-16471233647.49,2973.08,11160.18,473.68
13547520.00,737255015258.55,-219766531260.65,-16267708656.91,2804.61,11199.37,487.85
13970880.00,738406736505.61,-215016520128.48,-16058240575.17,2634.89,11240.90,501.75
14394240.00,739486346840.73,-210248410689.27,-15842951046.46,2463.96,11284.91,515.34
14817600.00,740493351641.75,-205461122530.36,-15621976911.35,2291.89,11331.54,528.59
15240960.00,741427288081.82,-200653512912.68,-15395471417.77,2118.78,11380.95,541.46
15664320.00,742287729684.87,-195824375499.69,-15163605315.53,1944.71,11433.29,553.91
16087680.00,743074291739.65,-190972438991.47,-14926568072.94,1769.78,11488.71,565.88
16511040.00,743786637328.30,-186096366488.36,-14684569193.99,1594.12,11547.36,577.34
16934400.00,744424483463.21,-181194755135.06,-14437839502.53,1417.85,11609.40,588.22
17357760.00,744987607480.55,-176266136051.24,-14186632425.56,1241.14,11675.00,598.47
17781120.00,745475853889.26,-171308974309.12,-13931225279.81,1064.15,11744.29,608.04
18204480.00,745889142400.64,-166321669677.24,-13671920686.48,887.07,11817.45,616.87
18627840.00,746227475892.84,-161302558481.92,-13409047954.56,710.09,11894.60,624.88
19051200.00,746490947996.98,-156249915137.42,-13142964316.83,533.45,11975.91,632.02
19474560.00,746679752099.13,-151161954046.35,-12874056241.95,357.40,12061.50,638.21
19897920.00,746794191276.06,-146036833019.50,-12602740783.84,182.20,12151.51,643.37
20321280.00,746834688268.75,-140872657858.48,-12329466843.50,8.15,12246.04,647.44
20744640.00,746801795085.36,-135667487414.76,-12054716311.79,-164.44,12345.22,650.33
21168000.00,746696203298.74,-130419338788.08,-11779005140.32,-335.22,12449.12,651.96
21591360.00,746518756005.60,-125126194473.14,-11502884331.98,-503.81,12557.83,652.24
22014720.00,746270459741.54,-119786012086.59,-11226940729.22,-669.83,12671.38,651.10
22438080.00,745952495027.76,-114396734454.03,-10951797622.30,-832.84,12789.79,648.43
22861440.00,745566227969.72,-108956300109.22,-10678115177.46,-992.40,12913.07,644.17
23284800.00,745113222908.30,-103462656923.34,-10406590505.93,-1148.01,13041.18,638.21
23708160.00,744595254345.26,-97913778311.66,-10137957331.14,-1299.17,13174.03,630.48
24131520.00,744014318137.01,-92307681292.00,-9872985235.85,-1445.35,13311.49,620.89
24554880.00,743372642006.41,-86642446684.12,-9612478402.31,-1585.98,13453.40,609.36
24978240.00,742672695238.49,-80916241854.55,-9357273729.89,-1720.49,13599.51,595.82
25401600.00,741917197240.77,-75127346863.64,-9108238101.73,-1848.27,13749.52,580.19
25824960.00,741109123407.01,-69274184250.80,-8866264626.36,-1968.71,13903.07,562.43
26248320.00,740251707333.94,-63355350405.58,-8632268151.69,-2081.21,14059.70,542.49
26671680.00,739348440798.24,-57369648805.62,-8407179878.09,-2185.15,14218.88,520.33
27095040.00,738403069976.09,-51316127523.26,-8191940334.27,-2279.96,14379.99,495.95
27518400.00,737419585341.04,-45194119155.20,-7987490922.59,-2365.05,14542.30,469.35
27941760.00,736402205286.54,-39003281248.79,-7794764292.37,-2439.93,14705.01,440.56
28365120.00,735355353036.75,-32743636645.39,-7614673466.15,-2504.14,14867.19,409.65
28788480.00,734283626517.27,-26415612768.27,-7448099766.74,-2557.31,15027.85,376.71
29211840.00,733191760583.54,-20020079797.57,-7295879189.39,-2599.17,15185.90,341.86
29635200.00,732084579157.48,-13558386324.44,-7158786998.70,-2629.57,15340.18,305.26
30058560.00,730966936908.40,-7032386680.48,-7037522111.85,-2648.52,15489.45,267.11
30481920.00,729843655645.51,-444456435.51,-6932693030.74,-2656.17,15632.49,227.65
30905280.00,728719457150.49,6202500429.76,-6844804100.87,-2652.85,15768.04,187.12
