0.00,625123832498.68,-396627357024.78,-24266950419.89,5992.22,13970.07,0.00
7200.00,625166975442.91,-396526766407.68,-24266947434.12,5991.93,13971.77,0.83
14400.00,625210116338.95,-396426163602.25,-24266938474.75,5991.65,13973.46,1.66
21600.00,625253255191.99,-396325548614.18,-24266923538.69,5991.37,13975.15,2.49
28800.00,625296392007.21,-396224921449.16,-24266902622.85,5991.08,13976.84,3.32
36000.00,625339526789.81,-396124282112.93,-24266875724.13,5990.80,13978.53,4.15
43200.00,625382659544.99,-396023630611.18,-24266842839.43,5990.52,13980.22,4.98
50400.00,625425790277.95,-395922966949.66,-24266803965.67,5990.24,13981.91,5.82
57600.00,625468918993.89,-395822291134.10,-24266759099.75,5989.96,13983.60,6.65
64800.00,625512045698.03,-395721603170.24,-24266708238.57,5989.68,13985.28,7.48
72000.00,625555170395.56,-395620903063.84,-24266651379.03,5989.40,13986.97,8.31
79200.00,625598293091.72,-395520190820.66,-24266588518.04,5989.12,13988.66,9.15
86400.00,625641413791.71,-395419466446.47,-24266519652.50,5988.85,13990.34,9.98
93600.00,625684532500.77,-395318729947.05,-24266444779.31,5988.57,13992.02,10.82
100800.00,625727649224.12,-395217981328.19,-24266363895.38,5988.30,13993.71,11.65
108000.00,625770763966.99,-395117220595.68,-24266276997.59,5988.02,13995.39,12.49
115200.00,625813876734.61,-395016447755.32,-24266184082.86,5987.75,13997.07,13.32
122400.00,625856987532.23,-394915662812.94,-24266085148.08,5987.47,13998.75,14.16
129600.00,625900096365.08,-394814865774.34,-24265980190.15,5987.20,14000.43,15.00
136800.00,625943203238.41,-394714056645.36,-24265869205.98,5986.93,14002.11,15.83
144000.00,625986308157.47,-394613235431.84,-24265752192.45,5986.66,14003.79,16.67
151200.00,626029411127.51,-394512402139.63,-24265629146.46,5986.39,14005.46,17.51
158400.00,626072512153.79,-394411556774.57,-24265500064.92,5986.12,14007.14,18.35
165600.00,626115611241.56,-394310699342.53,-24265364944.71,5985.85,14008.82,19.19
172800.00,626158708396.10,-394209829849.38,-24265223782.73,5985.58,14010.49,20.03
180000.00,626201803622.66,-394108948301.01,-24265076575.89,5985.31,14012.16,20.87
187200.00,626244896926.52,-394008054703.30,-24264923321.06,5985.05,14013.84,21.71
194400.00,626287988312.95,-393907149062.15,-24264764015.15,5984.78,14015.51,22.55
201600.00,626331077787.23,-393806231383.47,-24264598655.06,5984.52,14017.18,23.39
208800.00,626374165354.64,-393705301673.16,-24264427237.66,5984.25,14018.85,24.23
216000.00,626417251020.47,-393604359937.16,-24264249759.86,5983.99,14020.52,25.07
223200.00,626460334790.00,-393503406181.39,-24264066218.55,5983.73,14022.19,25.91
230400.00,626503416668.53,-393402440411.80,-24263876610.61,5983.46,14023.86,26.76
237600.00,626546496661.36,-393301462634.33,-24263680932.95,5983.20,14025.53,27.60
244800.00,626589574773.78,-393200472854.95,-24263479182.44,5982.94,14027.19,28.44
252000.00,626632651011.09,-393099471079.61,-24263271355.99,5982.68,14028.86,29.29
259200.00,626675725378.61,-392998457314.29,-24263057450.47,5982.42,14030.52,30.13
266400.00,626718797881.64,-392897431564.98,-24262837462.78,5982.16,14032.19,30.98
273600.00,626761868525.49,-392796393837.66,-24262611389.80,5981.90,14033.85,31.82
280800.00,626804937315.50,-392695344138.34,-24262379228.43,5981.65,14035.51,32.67
288000.00,626848004256.97,-392594282473.03,-24262140975.54,5981.39,14037.17,33.51
295200.00,626891069355.24,-392493208847.74,-24261896628.03,5981.14,14038.83,34.36
302400.00,626934132615.63,-392392123268.50,-24261646182.78,5980.88,14040.49,35.21
309600.00,626977194043.47,-392291025741.35,-24261389636.67,5980.63,14042.15,36.06
316800.00,627020253644.10,-392189916272.33,-24261126986.59,5980.37,14043.81,36.90
324000.00,627063311422.87,-392088794867.48,-24260858229.43,5980.12,14045.47,37.75
331200.00,627106367385.11,-391987661532.89,-24260583362.06,5979.87,14047.13,38.60
338400.00,627149421536.18,-391886516274.61,-24260302381.36,5979.62,14048.78,39.45
345600.00,627192473881.42,-391785359098.72,-24260015284.23,5979.37,14050.44,40.30
352800.00,627235524426.20,-391684190011.31,-24259722067.54,5979.12,14052.09,41.15
360000.00,627278573175.86,-391583009018.49,-24259422728.17,5978.87,14053.74,42.00
367200.00,627321620135.78,-391481816126.35,-24259117263.01,5978.62,14055.40,42.85
374400.00,627364665311.31,-391380611341.02,-24258805668.92,5978.37,14057.05,43.70
381600.00,627407708707.83,-391279394668.61,-24258487942.80,5978.13,14058.70,44.56
388800.00,627450750330.72,-391178166115.26,-24258164081.52,5977.88,14060.35,45.41
396000.00,627493790185.34,-391076925687.11,-24257834081.95,5977.63,14062.00,46.26
403200.00,627536828277.09,-390975673390.31,-24257497940.99,5977.39,14063.64,47.11
410400.00,627579864611.34,-390874409231.02,-24257155655.49,5977.15,14065.29,47.97
417600.00,627622899193.49,-390773133215.42,-24256807222.35,5976.90,14066.94,48.82
424800.00,627665932028.92,-390671845349.68,-24256452638.44,5976.66,14068.58,49.68
432000.00,627708963123.04,-390570545639.98,-24256091900.63,5976.42,14070.23,50.53
439200.00,627751992481.23,-390469234092.53,-24255725005.81,5976.18,14071.87,51.39
446400.00,627795020108.91,-390367910713.53,-24255351950.83,5975.94,14073.51,52.24
453600.00,627838046011.48,-390266575509.20,-24254972732.59,5975.70,14075.16,53.10
460800.00,627881070194.35,-390165228485.75,-24254587347.96,5975.46,14076.80,53.95
468000.00,627924092662.93,-390063869649.43,-24254195793.80,5975.22,14078.44,54.81
475200.00,627967113422.65,-389962499006.47,-24253798067.00,5974.99,14080.08,55.67
482400.00,628010132478.92,-389861116563.12,-24253394164.42,5974.75,14081.72,56.53
489600.00,628053149837.16,-389759722325.65,-24252984082.94,5974.52,14083.35,57.39
496800.00,628096165502.81,-389658316300.33,-24252567819.44,5974.28,14084.99,58.24
504000.00,628139179481.30,-389556898493.43,-24252145370.77,5974.05,14086.63,59.10
511200.00,628182191778.06,-389455468911.24,-24251716733.83,5973.81,14088.26,59.96
518400.00,628225202398.53,-389354027560.06,-24251281905.47,5973.58,14089.89,60.82
