0.00,623388970008.84,-377188383852.53,-3701284679.32,6913.57,13832.30,-0.01
432000.00,626374784469.48,-371209149170.34,-3710176731.41,6909.07,13848.71,-41.01
864000.00,629357922385.08,-365223641393.08,-3736568975.88,6901.19,13861.36,-81.03
1296000.00,632336942515.59,-359233453956.08,-3780036140.38,6890.02,13870.40,-120.06
1728000.00,635310434368.39,-353240124740.19,-3840153982.39,6875.61,13875.93,-158.11
2160000.00,638277017334.91,-347245141727.96,-3916499393.19,6858.04,13878.07,-195.19
2592000.00,641235339746.17,-341249948212.36,-4008650450.38,6837.38,13876.92,-231.29
3024000.00,644184077905.22,-335255947518.03,-4116186420.98,6813.68,13872.56,-266.42
3456000.00,647121934968.80,-329264507349.20,-4238687658.72,6787.01,13865.07,-300.57
3888000.00,650047639834.85,-323276963854.13,-4375735503.70,6757.43,13854.53,-333.76
4320000.00,652959945921.67,-317294625345.99,-4526912070.96,6724.99,13840.98,-365.98
4752000.00,655857629857.67,-311318775871.30,-4691800031.78,6689.74,13824.49,-397.24
5184000.00,658739490137.67,-305350678533.81,-4869982332.54,6651.74,13805.10,-427.53
5616000.00,661604345600.86,-299391578664.41,-5061041820.86,6611.02,13782.84,-456.86
6048000.00,664451033885.78,-293442706904.15,-5264560879.02,6567.63,13757.75,-485.21
6480000.00,667278409695.71,-287505282105.60,-5480120923.96,6521.61,13729.85,-512.60
6912000.00,670085342944.97,-281580514243.68,-5707301888.41,6473.00,13699.15,-539.01
7344000.00,672870716775.37,-275669607180.14,-5945681588.35,6421.81,13665.68,-564.44
7776000.00,675633425324.90,-269773761442.40,-6194835020.34,6368.07,13629.43,-588.89
8208000.00,678372371402.58,-263894177006.88,-6454333600.52,6311.80,13590.39,-612.34
8640000.00,681086463749.70,-258032055981.11,-6723744206.43,6253.00,13548.57,-634.78
9072000.00,683774614178.83,-252188605277.00,-7002628123.12,6191.69,13503.95,-656.19
9504000.00,686435734432.59,-246365039234.11,-7290539832.61,6127.86,13456.51,-676.57
9936000.00,689068732713.52,-240562582423.02,-7587025713.07,6061.49,13406.22,-695.88
10368000.00,691672509855.49,-234782472377.65,-7891622524.63,5992.57,13353.04,-714.11
10800000.00,694245954973.66,-229025962423.13,-8203855713.46,5921.06,13296.95,-731.23
11232000.00,696787940728.93,-223294324487.40,-8523237474.23,5846.92,13237.89,-747.20
11664000.00,699297317927.66,-217588851874.08,-8849264523.18,5770.08,13175.80,-761.99
12096000.00,701772909611.40,-211910862138.10,-9181415610.59,5690.49,13110.64,-775.55
12528000.00,704213504333.77,-206261699807.59,-9519148644.66,5608.04,13042.33,-787.82
12960000.00,706617848696.14,-200642739227.80,-9861897463.60,5522.64,12970.80,-798.76
13392000.00,708984638900.96,-195055387121.07,-10209068102.78,5434.16,12895.98,-808.28
13824000.00,711312511223.19,-189501085255.76,-10560034592.79,5342.44,12817.78,-816.31
14256000.00,713600031285.67,-183981312656.86,-10914134099.56,5247.31,12736.11,-822.77
14688000.00,715845681790.65,-178497587696.44,-11270661399.14,5148.56,12650.87,-827.53
15120000.00,718047848796.85,-173051469654.32,-11628862516.26,5045.95,12561.98,-830.49
15552000.00,720204805745.09,-167644559711.84,-11987927432.85,4939.20,12469.34,-831.51
15984000.00,722314695664.22,-162278500951.88,-12346981675.39,4827.99,12372.84,-830.41
16416000.00,724375510535.26,-156954977264.35,-12705076650.29,4711.93,12272.40,-827.03
16848000.00,726385067851.65,-151675710844.43,-13061178477.90,4590.60,12167.93,-821.15
17280000.00,728340983520.82,-146442457144.64,-13414155122.11,4463.50,12059.36,-812.52
17712000.00,730240641078.43,-141256997227.41,-13762761509.21,4330.04,11946.65,-800.86
18144000.00,732081156315.08,-136121125759.47,-14105622421.30,4189.57,11829.79,-785.86
18576000.00,733859337026.65,-131036634203.89,-14441212744.78,4041.32,11708.79,-767.14
19008000.00,735571637186.37,-126005286671.65,-14767834873.29,3884.41,11583.77,-744.26
19440000.00,737214105123.60,-121028786871.70,-15083592858.93,3717.84,11454.91,-716.75
19872000.00,738782325542.64,-116108732762.68,-15386363187.68,3540.46,11322.51,-684.03
20304000.00,740271355189.88,-111246555383.01,-15673761990.97,3350.98,11187.05,-645.47
20736000.00,741675653465.57,-106443437137.16,-15943108954.45,3147.92,11049.22,-600.33
21168000.00,742989009023.79,-101700202997.15,-16191388644.67,2929.66,10910.00,-547.79
21600000.00,744204467148.85,-97017178095.58,-16415210665.39,2694.37,10770.74,-486.93
22032000.00,745314262495.11,-92394001997.55,-16610771346.85,2440.13,10633.28,-416.77
22464000.00,746309769368.45,-87829391347.57,-16773821554.25,2164.91,10500.07,-336.24
22896000.00,747181483168.88,-83320840316.46,-16899647869.03,1866.68,10374.36,-244.26
23328000.00,747919058619.36,-78864252939.51,-16983078598.76,1543.61,10260.29,-139.80
23760000.00,748511435533.26,-74453506711.44,-17018529727.36,1194.27,10163.11,-22.00
24192000.00,748947095652.76,-70079960954.35,-17000112388.10,818.04,10089.24,109.65
24624000.00,749214501946.79,-65731947299.06,-16921828392.76,415.55,10046.27,255.09
25056000.00,749302764945.55,-61394315144.55,-16777876069.27,-10.74,10042.66,413.43
25488000.00,749202570344.15,-57048146084.84,-16563090591.02,-455.90,10087.26,582.57
25920000.00,748907340993.58,-52670800472.22,-16273507148.95,-912.12,10188.27,759.01
26352000.00,748414534192.11,-48236467408.22,-15907008735.21,-1368.57,10351.91,937.70
26784000.00,747726860729.65,-43717354912.98,-15463958890.45,-1811.90,10580.87,1112.26
27216000.00,746853122743.65,-39085520086.55,-14947671622.83,-2227.52,10872.99,1275.54
27648000.00,745808366077.73,-34315133624.78,-14364564592.13,-2601.47,11220.62,1420.49
28080000.00,744613154787.00,-29384777597.67,-13723892059.82,-2922.50,11611.17,1541.20
28512000.00,743292026368.60,-24279263160.91,-13037058822.57,-3183.66,12028.73,1633.72
28944000.00,741871433218.84,-18990585110.31,-12316658360.72,-3383.05,12456.37,1696.53
29376000.00,740377617946.48,-13517866404.70,-11575441675.20,-3523.42,12878.35,1730.38
29808000.00,738834836446.75,-7866449057.95,-10825423107.29,-3610.97,13281.81,1737.81
30240000.00,737264168340.52,-2046477509.17,-10077251429.49,-3653.97,13657.44,1722.49
30672000.00,735682944051.85,3928671526.37,-9339876879.19,-3661.31,13999.53,1688.51
31104000.00,734104694041.12,10043829158.42,-8620472086.54,-3641.55,14305.38,1639.94
