0.00,625065287500.58,-376735728432.82,-14983487938.98,8220.08,13924.08,0.00
426082.00,628574935726.48,-370804854567.80,-14979655569.52,8253.77,13913.44,18.08
852164.00,632098638801.80,-364880592222.76,-14968001079.39,8285.94,13892.99,36.71
1278246.00,635635600199.94,-358967185467.87,-14948303823.79,8315.88,13862.44,55.83
1704328.00,639184709042.64,-353068993252.39,-14920367484.36,8342.83,13821.54,75.37
2130410.00,642744511273.45,-347190458362.06,-14884025033.92,8365.93,13770.15,95.27
2556492.00,646313183411.48,-341336070468.19,-14839143859.59,8384.31,13708.19,115.44
2982574.00,649888510292.55,-335510323216.19,-14785630886.62,8397.01,13635.73,135.77
3408656.00,653467867698.44,-329717665668.14,-14723437628.78,8403.06,13552.91,156.16
3834738.00,657048211403.03,-323962449037.23,-14652564923.02,8401.47,13460.04,176.49
4260820.00,660626073741.29,-318248869294.46,-14573067220.63,8391.25,13357.55,196.62
4686902.00,664197568521.33,-312580907232.82,-14485056226.00,8371.43,13246.02,216.43
5112984.00,667758405357.26,-306962267445.66,-14388703682.80,8341.07,13126.17,235.75
5539066.00,671303913621.26,-301396317666.03,-14284243215.47,8299.34,12998.85,254.46
5965148.00,674829076179.67,-295886030874.82,-14171970979.01,8245.45,12865.07,272.40
6391230.00,678328572781.02,-290433931638.80,-14052245091.79,8178.76,12725.92,289.42
6817312.00,681796832044.86,-285042048624.43,-13925483800.04,8098.75,12582.63,305.40
7243394.00,685228091227.71,-279711875385.60,-13792162271.19,8005.04,12436.48,320.20
7669476.00,688616462215.90,-274444340302.13,-13652808170.16,7897.42,12288.84,333.70
8095558.00,691956001764.87,-269239787219.76,-13507996052.60,7775.84,12141.08,345.80
8521640.00,695240784399.20,-264097967521.10,-13358340707.25,7640.43,11994.60,356.42
8947722.00,698464975564.68,-259018043573.83,-13204489678.51,7491.49,11850.77,365.48
9373804.00,701622903016.28,-253998603921.85,-13047115131.23,7329.48,11710.91,372.95
9799886.00,704709124709.03,-249037689284.68,-12886905332.09,7155.02,11576.26,378.79
10225968.00,707718490955.49,-244132828498.72,-12724555964.00,6968.86,11447.98,382.99
10652050.00,710646199644.36,-239281083391.99,-12560761520.62,6771.88,11327.10,385.58
11078132.00,713487843276.22,-234479100582.41,-12396207026.13,6565.05,11214.54,386.57
11504214.00,716239446605.28,-229723168963.13,-12231560251.91,6349.42,11111.05,386.02
11930296.00,718897494832.59,-225009280926.06,-12067464635.62,6126.09,11017.28,383.99
12356378.00,721458951919.57,-220333195282.88,-11904533026.05,5896.21,10933.68,380.57
12782460.00,723921269134.63,-215690500670.84,-11743342364.01,5660.93,10860.58,375.84
13208542.00,726282384683.03,-211076677386.35,-11584429357.48,5421.37,10798.18,369.90
13634624.00,728540714754.29,-206487156383.94,-11428287175.63,5178.64,10746.51,362.85
14060706.00,730695137171.21,-201917374472.56,-11275363165.32,4933.80,10705.50,354.81
14486788.00,732744968776.56,-197362824353.96,-11126057521.96,4687.86,10674.97,345.88
14912870.00,734689937437.29,-192819099184.85,-10980722879.94,4441.73,10654.64,336.19
15338952.00,736530150267.71,-188281931095.85,-10839664707.07,4196.28,10644.13,325.83
15765034.00,738266058941.22,-183747223343.62,-10703142413.99,3952.26,10643.01,314.91
16191116.00,739898423258.23,-179211076409.82,-10571371081.10,3710.35,10650.80,303.54
16617198.00,741428274238.05,-174669807959.53,-10444523645.15,3471.16,10666.96,291.82
17043280.00,742856877207.94,-170119967142.71,-10322733494.13,3235.18,10690.94,279.82
17469362.00,744185696009.17,-165558343777.61,-10206097318.50,3002.84,10722.17,267.64
17895444.00,745416358836.04,-160981972732.58,-10094678121.59,2774.49,10760.07,255.34
18321526.00,746550625999.20,-156388134326.08,-9988508345.61,2550.41,10804.07,243.01
18747608.00,747590360302.38,-151774351229.09,-9887592975.35,2330.79,10853.60,230.69
19173690.00,748537499937.09,-147138382413.65,-9791912604.86,2115.79,10908.11,218.44
19599772.00,749394034165.36,-142478214893.48,-9701426396.97,1905.51,10967.10,206.32
20025854.00,750161981867.46,-137792053584.64,-9616074886.11,1699.98,11030.05,194.35
20451936.00,750843372688.96,-133078309880.78,-9535782629.28,1499.21,11096.49,182.57
20878018.00,751440230961.26,-128335589390.34,-9460460637.35,1303.18,11165.99,171.02
21304100.00,751954562027.81,-123562679057.72,-9390008622.97,1111.83,11238.13,159.72
21730182.00,752388340853.98,-118758534159.46,-9324317037.66,925.06,11312.54,148.68
22156264.00,752743502848.52,-113922265304.95,-9263268884.22,742.78,11388.87,137.92
22582346.00,753021936460.11,-109053125658.44,-9206741355.47,564.88,11466.79,127.46
23008428.00,753225477557.78,-104150498639.94,-9154607258.79,391.22,11546.01,117.30
23434510.00,753355905295.21,-99213886068.73,-9106736266.74,221.67,11626.27,107.45
23860592.00,753414939225.78,-94242896977.46,-9062996004.74,56.08,11707.33,97.91
24286674.00,753404237630.65,-89237237084.95,-9023252970.59,-105.69,11788.98,88.69
24712756.00,753325396727.24,-84196698924.06,-8987373328.45,-263.79,11871.02,79.78
25138838.00,753179950736.21,-79121152761.27,-8955223559.35,-418.35,11953.28,71.18
25564920.00,752969372631.98,-74010538149.78,-8926671007.05,-569.53,12035.60,62.89
25991002.00,752695075401.34,-68864856214.93,-8901584322.81,-717.47,12117.86,54.91
26417084.00,752358413834.28,-63684162628.01,-8879833806.94,-862.29,12199.93,47.23
26843166.00,751960686618.69,-58468561162.24,-8861291688.35,-1004.13,12281.70,39.85
27269248.00,751503138744.74,-53218197928.49,-8845832321.24,-1143.10,12363.08,32.76
27695330.00,750986964159.52,-47933256125.77,-8833332324.66,-1279.34,12443.99,25.96
28121412.00,750413308533.21,-42613951345.02,-8823670673.81,-1412.93,12524.37,19.44
28547494.00,749783272202.65,-37260527389.42,-8816728737.10,-1544.00,12604.14,13.19
28973576.00,749097913164.44,-31873252496.68,-8812390284.11,-1672.63,12683.25,7.22
29399658.00,748358250121.52,-26452416054.05,-8810541449.91,-1798.91,12761.67,1.51
29825740.00,747565265583.68,-20998325647.79,-8811070677.07,-1922.93,12839.34,-3.95
30251822.00,746719908930.26,-15511304482.29,-8813868633.44,-2044.76,12916.24,-9.14
30677904.00,745823099508.89,-9991689162.11,-8818828100.55,-2164.46,12992.33,-14.09
31103986.00,744875729688.40,-4439827709.90,-8825843855.78,-2282.09,13067.59,-18.80
