0.00,628571266968.50,-369755125330.81,-17052608038.03,8503.20,12763.64,0.01
432000.00,632241562805.00,-364248695849.35,-17046831553.28,8488.51,12727.99,26.89
864000.00,635904982715.51,-358759082259.21,-17029248772.34,8471.33,12685.74,54.67
1296000.00,639560393479.98,-353289200694.51,-16999473228.21,8451.38,12636.59,83.35
1728000.00,643206530441.00,-347842099814.84,-16957109996.61,8428.33,12580.22,112.95
2160000.00,646841975425.07,-342420969514.15,-16901756182.39,8401.81,12516.29,143.49
2592000.00,650465130611.36,-337029149690.34,-16833001815.25,8371.35,12444.46,174.99
3024000.00,654074187832.30,-331670138929.18,-16750431163.54,8336.44,12364.33,207.46
3456000.00,657667092212.76,-326347602333.22,-16653624797.34,8296.46,12275.52,240.90
3888000.00,661241499105.55,-321065378194.55,-16542162515.21,8250.67,12177.63,275.31
4320000.00,664794723283.54,-315827482348.84,-16415627456.86,8198.23,12070.23,310.68
4752000.00,668323678635.12,-310638108835.72,-16273611859.00,8138.13,11952.92,346.97
5184000.00,671824807136.70,-305501625248.86,-16115724828.08,8069.19,11825.30,384.14
5616000.00,675293995287.86,-300422559587.43,-15941603006.11,7990.00,11687.03,422.12
6048000.00,678726476260.58,-295405575539.53,-15750924727.77,7898.95,11537.84,460.77
6480000.00,682116716767.29,-290455430738.93,-15543428922.62,7794.09,11377.58,499.94
6912000.00,685458287450.34,-285576911194.98,-15318940123.92,7673.21,11206.27,539.40
7344000.00,688743717911.05,-280774733583.10,-15077400928.40,7533.72,11024.22,578.82
7776000.00,691964339305.69,-276053402905.74,-14818914104.96,7372.64,10832.13,617.78
8208000.00,695110121354.01,-271417012244.29,-14543795947.86,7186.64,10631.23,655.71
8640000.00,698169519037.96,-266868967363.02,-14252643009.12,6972.06,10423.52,691.87
9072000.00,701129349801.52,-262411620306.74,-13946412492.78,6725.01,10211.92,725.33
9504000.00,703974738402.33,-258045796335.80,-13626515837.60,6441.59,10000.61,754.93
9936000.00,706689182497.11,-253770207831.38,-13294921478.68,6118.23,9795.24,779.23
10368000.00,709254806490.80,-249580772633.08,-12954256495.37,5752.25,9603.12,796.63
10800000.00,711652884090.30,-245469885109.41,-12607890486.53,5342.52,9433.23,805.32
11232000.00,713864698373.87,-241425740501.62,-12259975479.35,4890.37,9295.95,803.50
11664000.00,715872770591.00,-237431871552.77,-11915409590.32,4400.32,9202.34,789.57
12096000.00,717662401379.07,-233467095278.72,-11579692393.10,3880.77,9162.92,762.40
12528000.00,719223341525.37,-229506064817.48,-11258654460.18,3343.88,9186.17,721.62
12960000.00,720551288766.03,-225520522995.57,-10958072742.75,2804.79,9276.84,667.88
13392000.00,721648838547.24,-221481176442.81,-10683224690.55,2279.98,9434.84,602.84
13824000.00,722525601719.33,-217359898799.10,-10438464171.84,1785.07,9654.90,529.07
14256000.00,723197400468.35,-213131827698.72,-10226909105.35,1332.90,9927.37,449.65
14688000.00,723684718439.23,-208776942957.79,-10050301576.94,932.07,10239.80,367.79
15120000.00,724010776605.66,-204280879406.79,-9909047917.26,586.65,10578.77,286.42
15552000.00,724199631814.17,-199634961963.28,-9802403001.92,296.60,10931.58,207.91
15984000.00,724274609170.97,-194835641378.74,-9728732320.48,58.74,11287.35,134.00
16416000.00,724257207408.67,-189883578679.87,-9685793786.62,-132.03,11637.49,65.77
16848000.00,724166479048.48,-184782622937.95,-9670991280.86,-281.76,11975.81,3.80
17280000.00,724018799886.08,-179538845982.27,-9681579031.45,-396.70,12298.16,-51.77
17712000.00,723827908154.25,-174159727205.83,-9714810701.89,-482.75,12602.09,-101.07
18144000.00,723605108471.59,-168653516408.21,-9768038845.73,-545.24,12886.43,-144.41
18576000.00,723359554083.06,-163028765975.96,-9838774661.34,-588.80,13150.89,-182.20
19008000.00,723098553062.41,-157294007384.98,-9924718241.85,-617.34,13395.81,-214.89
19440000.00,722827863658.19,-151457539007.99,-10023769213.58,-634.14,13621.90,-242.95
19872000.00,722551961733.11,-145527297941.91,-10134024228.58,-641.87,13830.11,-266.83
20304000.00,722274273577.71,-139510790574.67,-10253767018.86,-642.73,14021.46,-286.95
20736000.00,721997372631.55,-133415063647.89,-10381454292.85,-638.49,14197.03,-303.67
21168000.00,721723143570.43,-127246702169.25,-10515700027.65,-630.58,14357.89,-317.36
21600000.00,721452916210.24,-121011843465.68,-10655259501.01,-620.13,14505.05,-328.32
22032000.00,721187575178.91,-114716201025.87,-10799014049.08,-608.09,14639.45,-336.83
22464000.00,720927648623.16,-108365092556.40,-10945956963.24,-595.18,14761.97,-343.12
22896000.00,720673380762.39,-101963471019.36,-11095180652.55,-581.98,14873.43,-347.42
23328000.00,720424789386.19,-95515955768.97,-11245865067.41,-568.97,14974.56,-349.91
23760000.00,720181712771.75,-89026862367.53,-11397267502.51,-556.50,15066.02,-350.77
24192000.00,719943847446.57,-82500230640.58,-11548713618.76,-544.88,15148.44,-350.14
24624000.00,719710778417.80,-75939850891.17,-11699589557.84,-534.33,15222.35,-348.15
25056000.00,719482003902.84,-69349287407.07,-11849335050.67,-525.03,15288.25,-344.92
25488000.00,719256955037.61,-62731900460.22,-11997437405.96,-517.10,15346.60,-340.56
25920000.00,719035011970.66,-56090865507.67,-12143426246.12,-510.66,15397.79,-335.15
26352000.00,718815516974.49,-49429190885.89,-12286868912.70,-505.78,15442.21,-328.78
26784000.00,718597784899.47,-42749733567.91,-12427366464.49,-502.51,15480.17,-321.53
27216000.00,718381111640.91,-36055213298.62,-12564550168.27,-500.88,15511.99,-313.45
27648000.00,718164781305.53,-29348225015.58,-12698078396.73,-500.92,15537.94,-304.61
28080000.00,717948071676.27,-22631250248.07,-12827633940.03,-502.64,15558.26,-295.07
28512000.00,717730259110.98,-15906666915.93,-12952921557.28,-506.03,15573.19,-284.86
28944000.00,717510622626.00,-9176758541.91,-13073665799.03,-511.08,15582.95,-274.04
29376000.00,717288447153.47,-2443722456.73,-13189609074.78,-517.78,15587.70,-262.64
29808000.00,717063026168.52,4290322619.56,-13300509920.36,-526.11,15587.64,-250.70
30240000.00,716833664105.89,11023329759.42,-13406141389.24,-536.02,15582.92,-238.25
30672000.00,716599677931.89,17753317337.27,-13506289672.44,-547.51,15573.68,-225.32
31104000.00,716360398458.31,24478363503.76,-13600752820.62,-560.52,15560.06,-211.93
