0.00,628046789179.30,-375054855605.06,-10218916883.45,8605.79,13878.11,-0.07
100000.00,628907875063.70,-373667513546.08,-10219178347.22,8616.15,13868.37,-5.30
200000.00,629769986897.06,-372281178432.21,-10219965745.42,8626.30,13857.96,-10.58
300000.00,630633101768.83,-370895918384.13,-10221283482.78,8636.21,13846.85,-15.91
400000.00,631497195264.60,-369511801671.84,-10223135812.01,8645.86,13835.07,-21.28
500000.00,632362241432.83,-368128896662.36,-10225526823.69,8655.25,13822.60,-26.68
600000.00,633228212766.48,-366747271765.96,-10228460438.63,8664.36,13809.45,-32.13
700000.00,634095080189.25,-365366995385.65,-10231940401.19,8673.16,13795.62,-37.61
800000.00,634962813046.86,-363988135873.71,-10235970274.94,8681.65,13781.10,-43.13
900000.00,635831379086.30,-362610761486.95,-10240553435.89,8689.81,13765.90,-48.68
1000000.00,636700744434.61,-361234940326.56,-10245693063.23,8697.63,13750.02,-54.26
1100000.00,637570873593.28,-359860740280.78,-10251392133.05,8705.08,13733.46,-59.87
1200000.00,638441729434.28,-358488228978.36,-10257653414.11,8712.15,13716.23,-65.50
1300000.00,639313273184.06,-357117473736.84,-10264479460.55,8718.82,13698.32,-71.16
1400000.00,640185464407.09,-355748541493.67,-10271872601.73,8725.09,13679.75,-76.85
1500000.00,641058261008.68,-354381498737.67,-10279834935.01,8730.92,13660.52,-82.55
1600000.00,641931619247.11,-353016411456.55,-10288368322.81,8736.31,13640.62,-88.27
1700000.00,642805493738.48,-351653345089.26,-10297474389.27,8741.23,13620.08,-94.00
1800000.00,643679837454.24,-350292364471.42,-10307154514.57,8745.67,13598.89,-99.75
1900000.00,644554601717.48,-348933533771.19,-10317409827.35,8749.63,13577.07,-105.50
2000000.00,645429736206.51,-347576916417.82,-10328241196.93,8753.06,13554.61,-111.27
2100000.00,646305188972.50,-346222575034.73,-10339649228.06,8755.97,13531.54,-117.04
2200000.00,647180906461.87,-344870571385.44,-10351634258.61,8758.34,13507.84,-122.81
2300000.00,648056833530.59,-343520966320.03,-10364196356.13,8760.15,13483.55,-128.58
2400000.00,648932913456.24,-342173819710.96,-10377335312.02,8761.38,13458.66,-134.34
2500000.00,649809087959.25,-340829190385.58,-10391050636.41,8762.02,13433.19,-140.10
2600000.00,650685297232.39,-339487136065.66,-10405341555.38,8762.06,13407.15,-145.86
2700000.00,651561479971.14,-338147713313.68,-10420207009.46,8761.48,13380.55,-151.59
2800000.00,652437573401.80,-336810977478.92,-10435645651.57,8760.26,13353.40,-157.32
2900000.00,653313513310.19,-335476982640.16,-10451655844.27,8758.39,13325.72,-163.02
3000000.00,654189234073.12,-334145781547.16,-10468235657.01,8755.85,13297.51,-168.71
3100000.00,655064668692.54,-332817425561.59,-10485382863.53,8752.64,13268.80,-174.37
3200000.00,655939748833.47,-331491964597.02,-10503094939.29,8748.74,13239.60,-180.01
3300000.00,656814404869.24,-330169447060.86,-10521369059.94,8744.14,13209.93,-185.61
3400000.00,657688565933.57,-328849919804.95,-10540202102.01,8738.83,13179.79,-191.18
3500000.00,658562159971.75,-327533428085.54,-10559590645.22,8732.78,13149.21,-196.72
3600000.00,659435113785.84,-326220015523.34,-10579530974.10,8726.00,13118.20,-202.22
3700000.00,660307353078.65,-324909724057.10,-10600019078.08,8718.47,13086.78,-207.67
3800000.00,661178802502.33,-323602593894.24,-10621050651.38,8710.18,13054.97,-213.09
3900000.00,662049385712.41,-322298663463.06,-10642621093.57,8701.13,13022.78,-218.45
4000000.00,662919025426.31,-320997969369.31,-10664725511.18,8691.29,12990.23,-223.76
4100000.00,663787643485.17,-319700546358.52,-10687358720.32,8680.67,12957.35,-229.02
4200000.00,664655160916.89,-318406427283.98,-10710515250.28,8669.26,12924.15,-234.23
4300000.00,665521497999.10,-317115643078.65,-10734189347.74,8657.04,12890.65,-239.37
4400000.00,666386574321.47,-315828222729.90,-10758374981.30,8644.02,12856.87,-244.46
4500000.00,667250308846.95,-314544193255.62,-10783065846.13,8630.19,12822.83,-249.48
4600000.00,668112619972.87,-313263579680.29,-10808255368.47,8615.53,12788.55,-254.43
4700000.00,668973425593.05,-311986405010.35,-10833936709.79,8600.06,12754.05,-259.31
4800000.00,669832643163.21,-310712690210.29,-10860102771.18,8583.75,12719.35,-264.12
4900000.00,670690189770.66,-309442454183.22,-10886746198.49,8566.61,12684.47,-268.85
