0.00,645864993005.37,-357196466206.67,-29917821142.16,7985.39,12168.63,0.00
7200.00,645922482005.98,-357108851568.25,-29917819326.62,7983.78,12168.77,0.50
14400.00,645979959436.02,-357021235969.21,-29917813880.60,7982.17,12168.90,1.01
21600.00,646037425293.15,-356933619410.24,-29917804805.01,7980.56,12169.03,1.51
28800.00,646094879575.04,-356846001892.05,-29917792100.73,7978.96,12169.17,2.02
36000.00,646152322279.38,-356758383415.31,-29917775768.69,7977.35,12169.30,2.52
43200.00,646209753403.83,-356670763980.73,-29917755809.76,7975.74,12169.43,3.02
50400.00,646267172946.08,-356583143589.00,-29917732224.85,7974.13,12169.57,3.53
57600.00,646324580903.80,-356495522240.81,-29917705014.86,7972.52,12169.70,4.03
64800.00,646381977274.67,-356407899936.87,-29917674180.69,7970.91,12169.83,4.53
72000.00,646439362056.38,-356320276677.87,-29917639723.23,7969.30,12169.96,5.04
79200.00,646496735246.60,-356232652464.50,-29917601643.38,7967.69,12170.10,5.54
86400.00,646554096843.03,-356145027297.48,-29917559942.04,7966.08,12170.23,6.04
93600.00,646611446843.35,-356057401177.49,-29917514620.10,7964.47,12170.36,6.55
100800.00,646668785245.24,-355969774105.24,-29917465678.45,7962.86,12170.49,7.05
108000.00,646726112046.40,-355882146081.43,-29917413117.99,7961.25,12170.63,7.55
115200.00,646783427244.52,-355794517106.77,-29917356939.61,7959.64,12170.76,8.05
122400.00,646840730837.28,-355706887181.95,-29917297144.21,7958.03,12170.89,8.56
129600.00,646898022822.38,-355619256307.68,-29917233732.67,7956.41,12171.02,9.06
136800.00,646955303197.53,-355531624484.67,-29917166705.89,7954.80,12171.15,9.56
144000.00,647012571960.39,-355443991713.63,-29917096064.77,7953.19,12171.28,10.06
151200.00,647069829108.69,-355356357995.25,-29917021810.18,7951.57,12171.42,10.56
158400.00,647127074640.12,-355268723330.26,-29916943943.02,7949.96,12171.55,11.07
165600.00,647184308552.37,-355181087719.35,-29916862464.19,7948.35,12171.68,11.57
172800.00,647241530843.15,-355093451163.24,-29916777374.56,7946.73,12171.81,12.07
180000.00,647298741510.16,-355005813662.63,-29916688675.03,7945.12,12171.94,12.57
187200.00,647355940551.11,-354918175218.24,-29916596366.48,7943.50,12172.07,13.07
194400.00,647413127963.69,-354830535830.79,-29916500449.81,7941.89,12172.20,13.57
201600.00,647470303745.63,-354742895500.97,-29916400925.89,7940.27,12172.33,14.07
208800.00,647527467894.62,-354655254229.52,-29916297795.62,7938.66,12172.46,14.57
216000.00,647584620408.38,-354567612017.13,-29916191059.88,7937.04,12172.59,15.08
223200.00,647641761284.62,-354479968864.54,-29916080719.56,7935.42,12172.73,15.58
230400.00,647698890521.05,-354392324772.45,-29915966775.53,7933.81,12172.86,16.08
237600.00,647756008115.37,-354304679741.58,-29915849228.69,7932.19,12172.99,16.58
244800.00,647813114065.33,-354217033772.65,-29915728079.91,7930.57,12173.12,17.08
252000.00,647870208368.61,-354129386866.37,-29915603330.09,7928.95,12173.25,17.58
259200.00,647927291022.95,-354041739023.48,-29915474980.09,7927.34,12173.38,18.08
266400.00,647984362026.07,-353954090244.68,-29915343030.81,7925.72,12173.51,18.58
273600.00,648041421375.68,-353866440530.71,-29915207483.13,7924.10,12173.64,19.08
280800.00,648098469069.51,-353778789882.27,-29915068337.91,7922.48,12173.77,19.58
288000.00,648155505105.27,-353691138300.11,-29914925596.06,7920.86,12173.90,20.08
295200.00,648212529480.71,-353603485784.93,-29914779258.43,7919.24,12174.03,20.57
302400.00,648269542193.53,-353515832337.46,-29914629325.92,7917.62,12174.15,21.07
309600.00,648326543241.48,-353428177958.44,-29914475799.41,7916.00,12174.28,21.57
316800.00,648383532622.27,-353340522648.58,-29914318679.76,7914.38,12174.41,22.07
324000.00,648440510333.65,-353252866408.61,-29914157967.86,7912.76,12174.54,22.57
331200.00,648497476373.33,-353165209239.26,-29913993664.58,7911.14,12174.67,23.07
338400.00,648554430739.07,-353077551141.27,-29913825770.80,7909.52,12174.80,23.57
345600.00,648611373428.58,-352989892115.35,-29913654287.40,7907.89,12174.93,24.07
352800.00,648668304439.60,-352902232162.25,-29913479215.25,7906.27,12175.06,24.57
360000.00,648725223769.88,-352814571282.69,-29913300555.22,7904.65,12175.19,25.06
367200.00,648782131417.15,-352726909477.40,-29913118308.19,7903.03,12175.32,25.56
374400.00,648839027379.16,-352639246747.13,-29912932475.03,7901.40,12175.44,26.06
381600.00,648895911653.64,-352551583092.59,-29912743056.62,7899.78,12175.57,26.56
388800.00,648952784238.33,-352463918514.54,-29912550053.82,7898.16,12175.70,27.06
396000.00,649009645130.98,-352376253013.70,-29912353467.51,7896.53,12175.83,27.55
403200.00,649066494329.34,-352288586590.80,-29912153298.56,7894.91,12175.96,28.05
410400.00,649123331831.16,-352200919246.60,-29911949547.84,7893.28,12176.08,28.55
417600.00,649180157634.17,-352113250981.82,-29911742216.21,7891.66,12176.21,29.05
424800.00,649236971736.14,-352025581797.21,-29911531304.55,7890.03,12176.34,29.54
432000.00,649293774134.81,-351937911693.50,-29911316813.73,7888.41,12176.47,30.04
439200.00,649350564827.93,-351850240671.44,-29911098744.62,7886.78,12176.59,30.54
446400.00,649407343813.26,-351762568731.77,-29910877098.07,7885.16,12176.72,31.03
453600.00,649464111088.55,-351674895875.23,-29910651874.97,7883.53,12176.85,31.53
460800.00,649520866651.55,-351587222102.57,-29910423076.17,7881.90,12176.98,32.03
468000.00,649577610500.03,-351499547414.52,-29910190702.54,7880.28,12177.10,32.52
475200.00,649634342631.75,-351411871811.84,-29909954754.94,7878.65,12177.23,33.02
482400.00,649691063044.46,-351324195295.27,-29909715234.25,7877.02,12177.36,33.52
489600.00,649747771735.92,-351236517865.56,-29909472141.33,7875.39,12177.48,34.01
496800.00,649804468703.91,-351148839523.45,-29909225477.03,7873.76,12177.61,34.51
504000.00,649861153946.17,-351061160269.70,-29908975242.22,7872.13,12177.74,35.00
511200.00,649917827460.48,-350973480105.04,-29908721437.77,7870.51,12177.86,35.50
518400.00,649974489244.61,-350885799030.25,-29908464064.53,7868.88,12177.99,35.99
