0.00,664940438093.20,-394148125590.54,-6987065988.87,5215.27,10063.91,-0.07
432000.00,667158336910.95,-389782847854.57,-6991483386.43,5051.58,10146.82,-20.63
864000.00,669305396489.94,-385381025015.31,-7004917728.18,4887.33,10233.16,-41.82
1296000.00,671381400040.80,-380941133400.53,-7027639209.64,4722.64,10323.11,-63.62
1728000.00,673386198682.31,-376461572996.70,-7059912723.49,4557.70,10416.86,-86.04
2160000.00,675319719851.72,-371940667351.36,-7101995973.37,4392.69,10514.58,-109.04
2592000.00,677181976028.11,-367376663939.20,-7154137507.36,4227.81,10616.45,-132.60
3024000.00,678973074256.81,-362767735368.66,-7216574418.51,4063.30,10722.63,-156.70
3456000.00,680693226078.98,-358111981286.37,-7289529885.35,3899.40,10833.29,-181.30
3888000.00,682342758090.42,-353407431296.69,-7373210404.02,3736.41,10948.59,-206.35
4320000.00,683922122841.08,-348652048825.29,-7467802859.45,3574.62,11068.68,-231.81
4752000.00,685431910487.43,-343843736050.18,-7573471279.81,3414.36,11193.69,-257.62
5184000.00,686872860639.58,-338980340618.32,-7690353238.02,3256.00,11323.74,-283.72
5616000.00,688245874406.87,-334059663044.55,-7818556250.64,3099.92,11458.94,-310.02
6048000.00,689552027126.96,-329079466460.70,-7958153545.43,2946.55,11599.34,-336.45
6480000.00,690792580677.85,-324037487563.21,-8109179922.44,2796.32,11745.00,-362.92
6912000.00,691968996350.40,-318931449955.92,-8271627056.99,2649.72,11895.94,-389.31
7344000.00,693082946848.10,-313759079624.05,-8445438724.32,2507.24,12052.13,-415.51
7776000.00,694136328060.78,-308518122256.48,-8630505906.43,2369.43,12213.49,-441.39
8208000.00,695131270327.76,-303206363482.51,-8826661533.70,2236.82,12379.92,-466.82
8640000.00,696070148396.52,-297821651669.66,-9033675215.16,2110.01,12551.24,-491.63
9072000.00,696955590028.91,-292361923932.07,-9251247776.91,1989.57,12727.20,-515.67
9504000.00,697790482098.28,-286825234319.24,-9479006140.67,1876.13,12907.51,-538.75
9936000.00,698577974887.72,-281209785620.73,-9716498118.90,1770.28,13091.79,-560.69
10368000.00,699321482364.29,-275513963780.70,-9963187629.48,1672.65,13279.55,-581.29
10800000.00,700024679312.11,-269736374631.48,-10218450462.49,1583.82,13470.26,-600.34
11232000.00,700691493931.62,-263875884045.07,-10481570532.28,1504.37,13663.25,-617.62
11664000.00,701326094173.85,-257931660565.09,-10751737002.95,1434.83,13857.79,-632.91
12096000.00,701932867671.24,-251903217467.64,-11028043017.57,1375.68,14053.01,-645.99
12528000.00,702516395874.87,-245790456212.97,-11309485767.55,1327.34,14247.98,-656.64
12960000.00,703081419006.44,-239593709848.49,-11594968208.44,1290.13,14441.64,-664.64
13392000.00,703632793351.85,-233313782018.94,-11883303160.24,1264.26,14632.87,-669.79
13824000.00,704175441380.46,-226951982965.29,-12173219666.00,1249.81,14820.44,-671.91
14256000.00,704714292190.59,-220510160996.12,-12463371912.93,1246.73,15003.10,-670.84
14688000.00,705254214190.94,-213990723601.76,-12752351079.23,1254.79,15179.51,-666.44
15120000.00,705799943099.65,-207396648388.34,-13038699968.78,1273.60,15348.37,-658.62
15552000.00,706356004096.61,-200731482555.57,-13320930291.44,1302.58,15508.36,-647.34
15984000.00,706926633020.12,-193999326889.91,-13597542210.17,1340.97,15658.24,-632.59
16416000.00,707515699281.25,-187204805336.73,-13867045660.55,1387.83,15796.83,-614.42
16848000.00,708126632979.82,-180353020050.40,-14127982808.56,1442.06,15923.10,-592.93
17280000.00,708762358217.72,-173449492248.00,-14378951114.69,1502.43,16036.16,-568.28
17712000.00,709425238740.91,-166500087577.93,-14618625436.60,1567.58,16135.30,-540.67
18144000.00,710117039271.01,-159510932920.51,-14845778422.29,1636.10,16220.03,-510.34
18576000.00,710838899242.61,-152488326169.06,-15059299164.86,1706.51,16290.05,-477.59
19008000.00,711591325551.38,-145438639919.65,-15258207922.79,1777.37,16345.30,-442.73
19440000.00,712374204857.40,-138368226728.34,-15441666472.35,1847.26,16385.95,-406.10
19872000.00,713186832012.56,-131283330314.04,-15608984307.76,1914.86,16412.33,-368.05
20304000.00,714027950420.13,-124190005790.59,-15759621345.19,1978.95,16424.98,-328.93
20736000.00,714895802548.15,-117094047693.56,-15893187160.35,2038.43,16424.56,-289.07
21168000.00,715788194439.24,-110000930167.41,-16009434615.71,2092.38,16411.89,-248.80
21600000.00,716702564203.50,-102915765101.77,-16108250715.44,2140.02,16387.82,-208.42
22032000.00,717636048334.55,-95843271792.92,-16189646867.40,2180.74,16353.31,-168.20
22464000.00,718585549851.20,-88787757616.65,-16253746660.48,2214.06,16309.31,-128.38
22896000.00,719547805115.76,-81753112340.86,-16300771746.53,2239.69,16256.80,-89.18
23328000.00,720519444875.04,-74742813797.47,-16331027496.17,2257.44,16196.70,-50.78
23760000.00,721497047447.40,-67759941993.18,-16344889381.17,2267.24,16129.92,-13.31
24192000.00,722477183935.86,-60807197935.50,-16342790676.05,2269.13,16057.32,23.09
24624000.00,723456458352.22,-53886926618.18,-16325210375.40,2263.22,15979.68,58.34
25056000.00,724431541016.05,-47001145071.33,-16292661580.49,2249.71,15897.73,92.37
25488000.00,725399193363.74,-40151571585.96,-16245681879.89,2228.82,15812.13,125.13
25920000.00,726356286914.56,-33339654089.71,-16184825235.58,2200.83,15723.47,156.60
26352000.00,727299817603.45,-26566598621.15,-16110654685.63,2166.03,15632.28,186.76
26784000.00,728226915243.15,-19833396746.52,-16023736304.13,2124.76,15539.02,215.61
27216000.00,729134849275.86,-13140851757.77,-15924634074.78,2077.33,15444.10,243.16
27648000.00,730021030523.68,-6489603077.07,-15813905851.14,2024.07,15347.88,269.43
28080000.00,730883010089.13,119852372.73,-15692100515.04,1965.30,15250.66,294.44
28512000.00,731718477093.80,6687140896.98,-15559755681.45,1901.34,15152.70,318.22
28944000.00,732525254945.35,13211993928.05,-15417395725.14,1832.49,15054.23,340.81
29376000.00,733301295716.03,19694232023.30,-15265530494.96,1759.05,14955.44,362.23
29808000.00,734044673610.86,26133751567.50,-15104654734.02,1681.29,14856.48,382.52
30240000.00,734753578458.55,32530513378.06,-14935247821.51,1599.47,14757.50,401.72
30672000.00,735426309163.75,38884532385.23,-14757773620.20,1513.83,14658.62,419.87
31104000.00,736061266852.72,45195868468.56,-14572680506.50,1424.61,14559.91,436.99
