0.00,627783699746.86,-375858830816.21,-22785410424.42,7277.88,14259.45,0.20
100000.00,628511556166.93,-374432969515.24,-22784609482.66,7279.22,14257.69,16.20
200000.00,629239529781.28,-373007297766.39,-22782215776.41,7280.22,14255.65,32.05
300000.00,629967586147.73,-371581843256.89,-22778243026.20,7280.87,14253.34,47.77
400000.00,630695690977.81,-370156633003.48,-22772705016.57,7281.18,14250.76,63.35
500000.00,631423810140.95,-368731693363.77,-22765615593.73,7281.15,14247.92,78.80
600000.00,632151909673.23,-367307050045.71,-22756988659.70,7280.78,14244.83,94.10
700000.00,632879955786.73,-365882728118.94,-22746838164.73,7280.07,14241.49,109.26
800000.00,633607914879.21,-364458752028.67,-22735178097.44,7279.03,14237.91,124.29
900000.00,634335753539.10,-363035145611.51,-22722022477.94,7277.65,14234.09,139.17
1000000.00,635063438549.29,-361611932106.28,-22707385355.22,7275.95,14230.04,153.92
1100000.00,635790936894.91,-360189134164.09,-22691280801.11,7273.91,14225.77,168.52
1200000.00,636518215770.79,-358766773862.72,-22673722901.43,7271.55,14221.29,182.98
1300000.00,637245242583.83,-357344872721.49,-22654725750.98,7268.86,14216.59,197.30
1400000.00,637971984954.36,-355923451710.71,-22634303453.23,7265.85,14211.68,211.48
1500000.00,638698410722.50,-354502531259.10,-22612470117.00,7262.52,14206.57,225.52
1600000.00,639424487956.67,-353082131265.67,-22589239848.15,7258.88,14201.27,239.41
1700000.00,640150184958.75,-351662271114.85,-22564626741.59,7254.91,14195.77,253.17
1800000.00,640875470265.79,-350242969690.51,-22538644876.56,7250.63,14190.09,266.78
1900000.00,641600312650.40,-348824245387.51,-22511308314.71,7246.05,14184.22,280.26
2000000.00,642324681122.19,-347406116120.41,-22482631099.08,7241.15,14178.18,293.59
2100000.00,643048544932.28,-345988599332.09,-22452627250.88,7235.95,14171.97,306.79
2200000.00,643771873578.25,-344571712005.42,-22421310763.47,7230.44,14165.59,319.84
2300000.00,644494636806.20,-343155470676.27,-22388695597.32,7224.63,14159.05,332.76
2400000.00,645216804610.73,-341739891444.34,-22354795677.92,7218.52,14152.34,345.54
2500000.00,645938347236.14,-340324989982.00,-22319624894.35,7212.12,14145.49,358.17
2600000.00,646659235179.31,-338910781543.41,-22283197096.28,7205.42,14138.48,370.67
2700000.00,647379439192.50,-337497280975.44,-22245526089.63,7198.43,14131.33,383.03
2800000.00,648098930284.60,-336084502729.23,-22206625632.73,7191.16,14124.03,395.26
2900000.00,648817679721.25,-334672460870.92,-22166509433.72,7183.59,14116.60,407.35
3000000.00,649535659024.42,-333261169091.38,-22125191148.72,7175.75,14109.03,419.30
3100000.00,650252839972.04,-331850640715.09,-22082684380.53,7167.62,14101.33,431.11
3200000.00,650969194597.78,-330440888708.33,-22039002677.62,7159.22,14093.50,442.79
3300000.00,651684695191.79,-329031925686.97,-21994159532.86,7150.53,14085.54,454.34
3400000.00,652399314302.37,-327623763924.92,-21948168381.19,7141.58,14077.47,465.75
3500000.00,653113024737.47,-326216415364.05,-21901042596.24,7132.35,14069.28,477.03
3600000.00,653825799564.58,-324809891624.66,-21852795487.30,7122.86,14060.97,488.17
3700000.00,654537612109.26,-323404204015.17,-21803440297.55,7113.10,14052.55,499.19
3800000.00,655248435953.15,-321999363540.52,-21752990203.41,7103.08,14044.03,510.07
3900000.00,655958244932.46,-320595380909.34,-21701458314.35,7092.80,14035.39,520.82
4000000.00,656667013137.15,-319192266540.88,-21648857672.50,7082.26,14026.66,531.44
4100000.00,657374714910.66,-317790030572.11,-21595201251.68,7071.46,14017.82,541.93
4200000.00,658081324849.69,-316388682865.45,-21540501956.02,7060.42,14008.89,552.29
4300000.00,658786817803.72,-314988233016.67,-21484772618.46,7049.12,13999.86,562.53
4400000.00,659491168874.13,-313588690362.89,-21428025999.32,7037.57,13990.75,572.64
4500000.00,660194353412.95,-312190063990.53,-21370274785.05,7025.78,13981.54,582.62
4600000.00,660896347021.03,-310792362743.04,-21311531587.24,7013.75,13972.24,592.47
4700000.00,661597125545.88,-309395595228.06,-21251808942.24,7001.48,13962.86,602.20
4800000.00,662296665079.35,-307999769823.85,-21191119311.04,6988.96,13953.40,611.81
4900000.00,662994941955.87,-306604894685.35,-21129475079.39,6976.22,13943.85,621.29
