0.00,624710683790.64,-370079718630.17,-11905619515.68,8087.43,13224.25,-0.01
100000.00,625519222372.08,-368757391899.80,-11905641504.45,8083.22,13222.19,-0.45
200000.00,626327334173.78,-367435282284.45,-11905707661.01,8078.89,13219.90,-0.89
300000.00,627135007387.12,-366113413160.46,-11905818269.91,8074.44,13217.38,-1.33
400000.00,627942230076.45,-364791807962.85,-11905973612.96,8069.88,13214.62,-1.78
500000.00,628748990173.63,-363470490182.38,-11906173968.94,8065.19,13211.62,-2.24
600000.00,629555275477.23,-362149483363.69,-11906419613.45,8060.38,13208.39,-2.69
700000.00,630361073652.26,-360828811105.15,-11906710818.95,8055.44,13204.93,-3.15
800000.00,631166372230.51,-359508497061.31,-11907047854.84,8050.38,13201.22,-3.61
900000.00,631971158606.44,-358188564944.57,-11907430987.49,8045.19,13197.28,-4.07
1000000.00,632775420032.90,-356869038522.65,-11907860479.99,8039.88,13193.10,-4.53
1100000.00,633579143620.99,-355549941617.70,-11908336592.13,8034.43,13188.69,-5.00
1200000.00,634382316339.63,-354231298109.17,-11908859580.58,8028.86,13184.03,-5.47
1300000.00,635184925010.48,-352913131935.07,-11909429698.70,8023.15,13179.13,-5.94
1400000.00,635986956302.12,-351595467088.03,-11910047196.22,8017.31,13174.00,-6.42
1500000.00,636788396729.58,-350278327612.01,-11910712319.11,8011.33,13168.62,-6.90
1600000.00,637589232656.08,-348961737604.27,-11911425309.75,8005.21,13163.00,-7.38
1700000.00,638389450291.90,-347645721219.14,-11912186407.04,7998.96,13157.14,-7.86
1800000.00,639189035690.00,-346330302669.79,-11912995846.39,7992.57,13151.04,-8.34
1900000.00,639987974740.20,-345015506227.14,-11913853859.51,7986.03,13144.69,-8.83
2000000.00,640786253164.82,-343701356216.60,-11914760674.15,7979.35,13138.10,-9.32
2100000.00,641583856517.54,-342387877016.18,-11915716514.05,7972.52,13131.27,-9.81
2200000.00,642380770183.37,-341075093058.22,-11916721598.99,7965.55,13124.19,-10.30
2300000.00,643176979375.58,-339763028831.82,-11917776144.77,7958.43,13116.87,-10.80
2400000.00,643972469130.58,-338451708882.28,-11918880363.06,7951.16,13109.30,-11.30
2500000.00,644767224304.11,-337141157808.86,-11920034461.15,7943.73,13101.49,-11.80
2600000.00,645561229569.36,-335831400263.98,-11921238641.96,7936.16,13093.42,-12.30
2700000.00,646354469415.45,-334522460954.43,-11922493104.10,7928.42,13085.11,-12.80
2800000.00,647146928144.29,-333214364643.19,-11923798041.86,7920.53,13076.56,-13.31
2900000.00,647938589866.33,-331907136150.06,-11925153645.13,7912.48,13067.75,-13.82
3000000.00,648729438495.87,-330600800351.31,-11926560099.25,7904.26,13058.70,-14.33
3100000.00,649519457746.32,-329295382178.65,-11928017584.84,7895.89,13049.39,-14.84
3200000.00,650308631125.58,-327990906617.48,-11929526277.55,7887.34,13039.84,-15.35
3300000.00,651096941932.59,-326687398705.05,-11931086347.98,7878.63,13030.03,-15.86
3400000.00,651884373255.31,-325384883529.95,-11932697961.53,7869.75,13019.98,-16.38
3500000.00,652670907968.76,-324083386233.77,-11934361278.52,7860.69,13009.67,-16.90
3600000.00,653456528731.24,-322782932013.41,-11936076454.16,7851.46,12999.11,-17.42
3700000.00,654241217978.78,-321483546122.14,-11937843638.47,7842.06,12988.30,-17.94
3800000.00,655024957918.95,-320185253868.77,-11939662976.05,7832.47,12977.23,-18.46
3900000.00,655807730525.15,-318888080615.71,-11941534605.95,7822.71,12965.91,-18.98
4000000.00,656589517531.79,-317592051776.99,-11943458661.40,7812.76,12954.34,-19.51
4100000.00,657370300430.22,-316297192817.05,-11945435269.74,7802.62,12942.51,-20.04
4200000.00,658150060464.87,-315003529250.47,-11947464552.21,7792.29,12930.42,-20.56
4300000.00,658928778629.03,-313711086642.20,-11949546623.94,7781.78,12918.08,-21.09
4400000.00,659706435660.25,-312419890608.06,-11951681593.75,7771.06,12905.48,-21.62
4500000.00,660483012035.22,-311129966815.31,-11953869564.13,7760.16,12892.63,-22.15
4600000.00,661258487963.68,-309841340982.99,-11956110631.10,7749.05,12879.52,-22.68
4700000.00,662032843381.80,-308554038881.41,-11958404884.02,7737.74,12866.15,-23.22
4800000.00,662806057945.33,-307268086330.64,-11960752405.43,7726.23,12852.52,-23.75
4900000.00,663578111023.20,-305983509198.58,-11963153270.80,7714.51,12838.63,-24.28
