0.00,619296344601.97,-389067282739.77,-20539471205.07,5861.57,13669.44,0.09
100000.00,619882409997.85,-387699546086.75,-20539119264.65,5859.68,13685.66,7.12
200000.00,620468283415.69,-386330197150.37,-20538065281.01,5857.73,13701.68,14.13
300000.00,621053957989.62,-384959255682.19,-20536312040.93,5855.70,13717.51,21.11
400000.00,621639426829.39,-383586741332.14,-20533862333.45,5853.61,13733.14,28.06
500000.00,622224683021.89,-382212673653.04,-20530718949.72,5851.45,13748.57,34.98
600000.00,622809719629.99,-380837072103.48,-20526884684.32,5849.22,13763.81,41.87
700000.00,623394529692.24,-379459956049.82,-20522362335.88,5846.92,13778.86,48.74
800000.00,623979106223.17,-378081344767.07,-20517154707.41,5844.54,13793.71,55.58
900000.00,624563442215.84,-376701257440.45,-20511264605.24,5842.10,13808.37,62.39
1000000.00,625147530643.03,-375319713168.96,-20504694839.02,5839.59,13822.84,69.17
1100000.00,625731364456.12,-373936730967.61,-20497448222.85,5837.01,13837.13,75.93
1200000.00,626314936585.76,-372552329767.88,-20489527575.27,5834.36,13851.22,82.65
1300000.00,626898239944.94,-371166528419.67,-20480935717.93,5831.63,13865.12,89.35
1400000.00,627481267429.81,-369779345695.52,-20471675475.74,5828.84,13878.84,96.02
1500000.00,628064011917.34,-368390800293.36,-20461749678.63,5825.97,13892.37,102.66
1600000.00,628646466263.87,-367000910836.64,-20451161162.73,5823.03,13905.72,109.27
1700000.00,629228623306.64,-365609695874.26,-20439912769.86,5820.02,13918.88,115.86
1800000.00,629810475866.22,-364217173882.04,-20428007346.48,5816.94,13931.85,122.41
1900000.00,630392016748.24,-362823363265.47,-20415447743.24,5813.79,13944.65,128.94
2000000.00,630973238743.35,-361428282362.64,-20402236815.33,5810.56,13957.26,135.44
2100000.00,631554134625.88,-360031949446.15,-20388377423.68,5807.26,13969.68,141.91
2200000.00,632134697153.35,-358634382723.62,-20373872435.53,5803.89,13981.93,148.35
2300000.00,632714919067.68,-357235600338.20,-20358724724.13,5800.45,13993.99,154.76
2400000.00,633294793096.69,-355835620370.52,-20342937168.15,5796.93,14005.87,161.14
2500000.00,633874311954.22,-354434460841.09,-20326512652.02,5793.34,14017.58,167.50
2600000.00,634453468339.07,-353032139711.82,-20309454066.75,5789.68,14029.10,173.83
2700000.00,635032254934.46,-351628674886.41,-20291764310.63,5785.95,14040.45,180.12
2800000.00,635610664408.88,-350224084210.67,-20273446289.04,5782.14,14051.62,186.39
2900000.00,636188689417.55,-348818385473.64,-20254502913.92,5778.25,14062.60,192.63
3000000.00,636766322603.38,-347411596409.43,-20234937103.57,5774.30,14073.42,198.84
3100000.00,637343556597.32,-346003734699.01,-20214751782.71,5770.27,14084.05,205.02
3200000.00,637920384018.13,-344594817971.79,-20193949882.82,5766.16,14094.51,211.17
3300000.00,638496797471.81,-343184863807.00,-20172534342.71,5761.99,14104.80,217.29
3400000.00,639072789550.94,-341773889734.39,-20150508109.09,5757.74,14114.91,223.38
3500000.00,639648352834.44,-340361913234.68,-20127874136.99,5753.41,14124.84,229.44
3600000.00,640223479888.02,-338948951739.74,-20104635389.79,5749.01,14134.60,235.48
3700000.00,640798163265.26,-337535022633.15,-20080794838.91,5744.53,14144.19,241.48
3800000.00,641372395508.79,-336120143251.46,-20056355463.38,5739.98,14153.60,247.45
3900000.00,641946169150.89,-334704330885.91,-20031320249.76,5735.36,14162.85,253.40
4000000.00,642519476713.12,-333287602783.93,-20005692192.50,5730.66,14171.91,259.31
4100000.00,643092310705.64,-331869976150.06,-19979474294.53,5725.89,14180.81,265.19
4200000.00,643664663626.81,-330451468146.32,-19952669567.70,5721.04,14189.54,271.04
4300000.00,644236527963.27,-329032095892.70,-19925281032.91,5716.11,14198.09,276.87
4400000.00,644807896190.10,-327611876467.68,-19897311720.24,5711.11,14206.48,282.66
4500000.00,645378760771.05,-326190826908.78,-19868764669.02,5706.04,14214.69,288.42
4600000.00,645949114158.92,-324768964213.00,-19839642927.86,5700.89,14222.74,294.15
4700000.00,646518948796.08,-323346305337.57,-19809949554.52,5695.66,14230.61,299.85
4800000.00,647088257114.91,-321922867200.68,-19779687615.89,5690.36,14238.32,305.52
4900000.00,647657031538.10,-320498666682.46,-19748860188.02,5684.98,14245.85,311.16
