0.00,969537269920.84,-1114845180575.72,-20329444387.65,7277.26,4668.86,0.06
423360.00,972651997900.66,-1112881750189.03,-20325427867.05,7442.67,4606.41,19.61
846720.00,975842963458.35,-1110944322175.87,-20312350849.08,7639.07,4546.45,43.08
1270080.00,979125378690.06,-1109031184131.38,-20288266145.26,7877.14,4492.52,71.95
1693440.00,982520066240.18,-1107138444608.84,-20250447380.85,8173.22,4451.87,108.50
2116800.00,986056631917.71,-1105257615878.40,-20194900354.50,8553.47,4440.23,156.61
2540160.00,989779089334.52,-1103369818541.30,-20115437485.45,9061.58,4494.48,223.13
2963520.00,993755639327.75,-1101430169735.48,-20001844899.29,9770.22,4711.97,320.93
3386880.00,998090506815.63,-1099319604830.42,-19836489005.38,10764.93,5385.65,472.35
3810240.00,1002873775852.90,-1096693784985.22,-19594383744.42,11720.85,7348.42,670.99
4233600.00,1007679174974.11,-1092911232522.94,-19302332569.58,10408.22,10384.20,632.59
4656960.00,1011518838460.28,-1088307119253.27,-19095749903.65,7882.58,10969.04,346.15
5080320.00,1014544311272.14,-1083772348390.24,-18991677020.60,6571.37,10409.77,163.65
5503680.00,1017181184415.56,-1079490052460.85,-18944948126.09,5952.51,9834.01,65.93
5927040.00,1019626247737.00,-1075427805005.17,-18929977955.11,5627.84,9371.60,9.06
6350400.00,1021966250948.09,-1071540255766.36,-18934238449.09,5441.34,9004.74,-26.91
6773760.00,1024244076570.78,-1067792530247.61,-18951033737.12,5327.49,8707.76,-51.10
7197120.00,1026483236594.48,-1064159280860.95,-18976441313.75,5255.40,8461.69,-68.09
7620480.00,1028697703221.98,-1060621869596.19,-19007984542.26,5209.07,8253.48,-80.37
8043840.00,1030896321771.23,-1057166274013.08,-19044004232.57,5179.52,8074.13,-89.40
8467200.00,1033084976641.62,-1053781695752.97,-19083336377.71,5161.39,7917.25,-96.12
8890560.00,1035267746895.31,-1050459638255.10,-19125132334.60,5151.33,7778.24,-101.11
9313920.00,1037447562895.70,-1047193289232.89,-19168752816.65,5147.18,7653.68,-104.79
9737280.00,1039626599727.81,-1043977098396.05,-19213702376.28,5147.48,7540.99,-107.42
10160640.00,1041806522144.43,-1040806484525.69,-19259587672.53,5151.25,7438.15,-109.23
10584000.00,1043988640808.31,-1037677621439.55,-19306089382.55,5157.78,7343.58,-110.35
11007360.00,1046174019626.75,-1034587280414.23,-19352942486.76,5166.60,7256.02,-110.90
11430720.00,1048363549574.71,-1031532715890.80,-19399922776.74,5177.36,7174.45,-110.96
11854080.00,1050557999733.68,-1028511578280.02,-19446837127.20,5189.82,7098.02,-110.60
12277440.00,1052758054265.25,-1025521845938.58,-19493516169.62,5203.82,7026.01,-109.86
12700800.00,1054964340085.39,-1022561771629.99,-19539808676.50,5219.26,6957.84,-108.77
13124160.00,1057177448610.23,-1019629839969.68,-19585577153.05,5236.06,6893.01,-107.38
13547520.00,1059397953739.88,-1016724735090.33,-19630694443.72,5254.20,6831.06,-105.70
13970880.00,1061626425012.62,-1013845314543.06,-19675041026.26,5273.70,6771.63,-103.74
14394240.00,1063863438892.04,-1010990586223.05,-19718502550.38,5294.58,6714.38,-101.52
14817600.00,1066109590053.95,-1008159690303.67,-19760967748.44,5316.89,6659.01,-99.03
15240960.00,1068365501788.11,-1005351885434.47,-19802326692.52,5340.71,6605.26,-96.29
15664320.00,1070631835592.16,-1002566537495.77,-19842469203.38,5366.15,6552.89,-93.28
16087680.00,1072909300673.03,-999803110111.10,-19881283297.62,5393.33,6501.68,-90.01
16511040.00,1075198663867.20,-997061156597.44,-19918653619.55,5422.40,6451.42,-86.46
16934400.00,1077500760444.31,-994340312876.86,-19954459799.86,5453.53,6401.93,-82.62
17357760.00,1079816507140.69,-991640291781.59,-19988574690.74,5486.94,6353.03,-78.46
17781120.00,1082146917092.76,-988960879760.58,-20020862483.71,5522.87,6304.54,-73.98
18204480.00,1084493115643.54,-986301933547.69,-20051176560.77,5561.60,6256.32,-69.13
18627840.00,1086856359284.28,-983663376316.37,-20079356926.11,5603.47,6208.20,-63.89
19051200.00,1089238059501.33,-981045194293.87,-20105227160.42,5648.88,6160.04,-58.21
19474560.00,1091639812383.89,-978447434245.74,-20128590784.52,5698.32,6111.70,-52.04
19897920.00,1094063434941.54,-975870201277.63,-20149226809.37,5752.33,6063.04,-45.31
20321280.00,1096511010130.69,-973313655970.68,-20166884156.30,5811.63,6013.95,-37.94
20744640.00,1098984943735.93,-970778009873.44,-20181274529.97,5877.05,5964.29,-29.85
21168000.00,1101488037316.09,-968263518027.49,-20192063177.49,5949.63,5913.99,-20.90
21591360.00,1104023583288.80,-965770465858.63,-20198856727.53,6030.66,5863.00,-10.94
22014720.00,1106595493457.62,-963299147613.28,-20201186808.49,6121.80,5811.32,0.23
22438080.00,1109208474762.88,-960849832905.73,-20198487492.08,6225.17,5759.08,12.88
22861440.00,1111868270952.17,-958422709699.53,-20190063632.76,6343.59,5706.56,27.36
23284800.00,1114582004702.36,-956017784605.91,-20175045163.80,6480.84,5654.35,44.14
23708160.00,1117358675727.61,-953634704933.73,-20152319084.29,6642.10,5603.63,63.92
24131520.00,1120209909398.24,-951272429631.60,-20120424782.00,6834.76,5556.59,87.68
24554880.00,1123151126236.91,-948928594843.75,-20077386444.07,7069.68,5517.54,116.91
24978240.00,1126203447348.08,-946598229340.38,-20020431359.93,7363.46,5495.07,153.97
25401600.00,1129396917673.41,-944270966862.09,-19945489351.00,7742.63,5507.51,202.81
25824960.00,1132776087632.19,-941924394612.82,-19846253245.42,8250.82,5597.47,270.41
26248320.00,1136409182404.72,-939506211399.01,-19712363954.22,8957.16,5876.33,369.53
26671680.00,1140395176009.55,-936880272974.38,-19526438036.67,9917.68,6670.65,519.79
27095040.00,1144783444092.20,-933673792059.19,-19267889250.96,10641.99,8789.70,693.01
27518400.00,1149052493735.91,-929328212497.14,-18978463653.71,9045.05,11502.24,606.45
27941760.00,1152357660408.48,-924314698690.39,-18779542541.24,6734.51,11862.17,340.97
28365120.00,1154926773577.59,-919399770834.14,-18673300670.23,5542.77,11323.13,176.77
28788480.00,1157137614115.01,-914722816979.88,-18619124583.26,4961.41,10783.98,86.98
29211840.00,1159165780337.38,-910252369739.46,-18594371901.76,4647.05,10348.65,33.82
29635200.00,1161090872646.83,-905946867966.81,-18587708676.34,4461.07,10001.26,-0.24
30058560.00,1162953047832.05,-901774053164.29,-18592973296.08,4343.71,9718.88,-23.39
30481920.00,1164774631989.02,-897710238501.84,-18606513166.23,4266.25,9484.27,-39.79
30905280.00,1166569019163.79,-893737876907.50,-18626004724.34,4213.56,9285.43,-51.77
