0.00,642797148911.73,-385186665354.24,-12777545407.72,-215.87,42983.66,-88.64
424800.00,643769451926.47,-381104335791.82,-12807104402.01,3467.62,4713.50,-45.64
849600.00,646700646867.27,-377852984953.32,-12801721748.15,8925.03,10273.55,47.26
1274400.00,650910936855.00,-372238751527.43,-12774500945.44,10496.52,17113.63,73.65
1699200.00,651263887967.37,-365400567276.77,-12811865921.06,-1685.69,5811.49,-123.70
2124000.00,651598685972.85,-362571585580.15,-12846100040.01,2130.56,7330.96,-56.57
2548800.00,652750176370.33,-359274355203.99,-12865360660.59,3151.15,8128.94,-36.43
2973600.00,654205382684.14,-355703012445.64,-12878232588.81,3653.34,8658.15,-24.93
3398400.00,655825318421.56,-351937087624.47,-12887024066.36,3951.41,9057.77,-16.81
3823200.00,657547448301.87,-348018579539.48,-12892768513.25,4144.08,9382.23,-10.43
4248000.00,659337055969.21,-343973216338.98,-12896036923.09,4273.69,9658.02,-5.08
4672800.00,661172399198.71,-339818281318.91,-12897185183.64,4361.90,9899.86,-0.40
5097600.00,663038736981.13,-335566139665.11,-12896453328.13,4421.11,10116.78,3.80
5522400.00,664925496910.66,-331226050975.85,-12894012568.31,4459.00,10314.66,7.66
5947200.00,666824768364.01,-326805195161.10,-12889990244.62,4480.65,10497.55,11.25
6372000.00,668730435646.04,-322309292411.16,-12884484184.23,4489.56,10668.36,14.65
6796800.00,670637645075.95,-317743000801.42,-12877571500.27,4488.23,10829.23,17.88
7221600.00,672542461080.18,-313110181996.90,-12869314284.82,4478.53,10981.79,20.98
7646400.00,674441635771.71,-308414084336.77,-12859763406.61,4461.85,11127.31,23.98
8071200.00,676332448473.20,-303657474486.00,-12848961163.53,4439.30,11266.81,26.88
8496000.00,678212591520.30,-298842732392.11,-12836943164.45,4411.73,11401.11,29.70
8920800.00,680080086529.89,-293971923462.73,-12823739718.39,4379.84,11530.87,32.46
9345600.00,681933221745.34,-289046852169.87,-12809376857.45,4344.20,11656.65,35.16
9770400.00,683770505004.28,-284069103973.38,-12793877127.64,4305.27,11778.94,37.81
10195200.00,685590626902.25,-279040077865.99,-12777260188.23,4263.45,11898.13,40.42
10620000.00,687392432357.52,-273961012036.31,-12759543293.41,4219.08,12014.58,42.99
11044800.00,689174897930.23,-268833004153.06,-12740741665.10,4172.43,12128.59,45.53
11469600.00,690937113920.85,-263657027550.75,-12720868791.17,4123.77,12240.45,48.04
11894400.00,692678269772.05,-258433944114.11,-12699936675.09,4073.31,12350.41,50.52
12319200.00,694397642596.24,-253164514395.13,-12677956028.97,4021.24,12458.69,52.97
12744000.00,696094587494.73,-247849406014.18,-12654936442.83,3967.74,12565.50,55.41
13168800.00,697768529790.46,-242489199535.68,-12630886516.04,3912.96,12671.04,57.83
13593600.00,699418959061.46,-237084393154.69,-12605813967.22,3857.05,12775.51,60.22
14018400.00,701045423796.81,-231635406175.52,-12579725729.13,3800.15,12879.08,62.61
14443200.00,702647527527.92,-226142580602.04,-12552628023.25,3742.38,12981.93,64.98
14868000.00,704224925798.07,-220606182218.36,-12524526426.96,3683.85,13084.25,67.33
15292800.00,705777323529.36,-215026400232.10,-12495425923.53,3624.69,13186.21,69.68
15717600.00,707304473535.35,-209403345426.73,-12465330943.30,3565.00,13288.01,72.02
16142400.00,708806175640.24,-203737047581.84,-12434245399.74,3504.90,13389.84,74.34
16567200.00,710282276075.27,-198027451509.76,-12402172713.43,3444.48,13491.90,76.66
16992000.00,711732667867.09,-192274411290.26,-12369115831.77,3383.87,13594.42,78.98
17416800.00,713157291753.62,-186477683311.51,-12335077243.35,3323.18,13697.63,81.29
17841600.00,714556137610.77,-180636917161.97,-12300058982.28,3262.53,13801.80,83.59
18266400.00,715929246792.97,-174751644110.56,-12264062627.40,3202.04,13907.23,85.89
18691200.00,717276715360.16,-168821262884.54,-12227089293.94,3141.84,14014.24,88.19
19116000.00,718598698161.81,-162845022197.72,-12189139623.72,3082.07,14123.22,90.49
19540800.00,719895413990.48,-156821998784.70,-12150213763.92,3022.91,14234.59,92.79
19965600.00,721167152260.71,-150751069855.23,-12110311339.14,2964.51,14348.86,95.09
20390400.00,722414281432.84,-144630878419.52,-12069431419.19,2907.08,14466.64,97.39
20815200.00,723637259580.70,-138459789329.81,-12027572478.71,2850.85,14588.64,99.70
21240000.00,724836647597.92,-132235832564.83,-11984732340.52,2796.07,14715.72,102.01
21664800.00,726013126381.44,-125956628867.86,-11940908121.33,2743.05,14848.96,104.33
22089600.00,727167519092.65,-119619291967.17,-11896096182.79,2692.16,14989.69,106.66
22514400.00,728300819253.82,-113220296513.98,-11850292063.89,2643.83,15139.61,109.00
22939200.00,729414228559.04,-106755294307.55,-11803490440.39,2598.62,15300.92,111.36
23364000.00,730509208519.08,-100218854442.45,-11755685142.57,2557.21,15476.56,113.73
23788800.00,731587550739.51,-93604084462.59,-11706869271.87,2520.47,15670.55,116.11
24213600.00,732651475107.94,-86902054643.34,-11657035531.64,2489.57,15888.61,118.52
24638400.00,733703772906.93,-80100880027.75,-11606177150.14,2466.06,16139.17,120.94
25063200.00,734748023618.90,-73184178637.21,-11554290129.83,2452.15,16435.44,123.36
25488000.00,735788920469.14,-66128281174.80,-11501378651.42,2450.94,16799.57,125.75
25912800.00,736832775239.85,-58896615459.48,-11447469670.78,2467.05,17272.79,128.03
26337600.00,737888250580.47,-51426668320.54,-11392658193.65,2506.92,17944.19,129.92
26762400.00,738966575004.96,-43591732234.49,-11337287833.84,2573.71,19063.46,130.29
27187200.00,740065390530.67,-35020129192.56,-11283227912.67,2523.91,21899.97,119.43
27612000.00,737434070763.24,-26220838448.02,-11320774442.13,-13054.86,9197.10,-200.16
28036800.00,732626363221.56,-22222827963.05,-11387108701.69,-10519.68,9577.65,-135.12
28461600.00,728268235099.37,-18117482062.31,-11441052085.81,-10084.20,9731.28,-120.84
28886400.00,724018883263.84,-13965414114.56,-11490710743.27,-9947.50,9810.09,-113.52
29311200.00,719802377304.12,-9787139477.31,-11537834905.62,-9915.34,9858.34,-108.58
29736000.00,715587872829.69,-5592017701.75,-11583113813.72,-9933.00,9890.86,-104.72
30160800.00,711359414558.89,-1385214690.47,-11626888507.66,-9978.77,9914.02,-101.44
30585600.00,707107490022.39,2830042393.25,-11669349670.09,-10042.32,9931.03,-98.50
31010400.00,702825848573.90,7051547636.38,-11710611779.87,-10118.03,9943.65,-95.78
