0.00,977900020602.76,-1118790791861.73,-19529377124.30,-2145.94,17459.21,40.42
432000.00,981009816859.12,-1116097159007.72,-19576143211.80,4289.06,14970.30,-1212.71
864000.00,983578181644.26,-1113085848766.19,-19541334582.73,-4462.53,4312.62,3572.61
1296000.00,986970444199.25,-1110583700084.24,-19624991510.90,4627.99,13104.76,-896.25
1728000.00,989098577867.42,-1108059486372.49,-19360729707.39,11965.15,-4406.04,891.68
2160000.00,992665173520.48,-1105543691952.49,-19496298122.45,12121.51,9330.27,-2162.28
2592000.00,995767319465.11,-1102572561842.15,-19602182753.46,8651.39,11371.75,-1641.09
3024000.00,998696421093.26,-1099731331966.28,-19631474293.09,7775.46,11445.20,-1411.78
3456000.00,1001559123715.68,-1097053183140.79,-19606310943.73,8841.17,10836.43,-1576.64
3888000.00,1004251287592.24,-1094469174274.43,-19513457257.78,11170.45,9041.15,-1831.09
4320000.00,1006580273514.34,-1091710437343.69,-19359405449.51,13750.25,3836.25,-1412.24
4752000.00,1009125880178.32,-1087893031641.05,-19492554389.24,-1556.06,-369.58,3740.23
5184000.00,1012984078002.19,-1085235359268.03,-19740804096.54,3478.76,10935.20,-86.58
5616000.00,1015798289189.32,-1083160686207.85,-19575442263.80,9715.15,9567.16,-1524.24
6048000.00,1017443197695.13,-1080054800490.86,-19304833499.89,11220.80,-2788.04,691.23
6480000.00,1021486067429.33,-1076663554844.69,-19762383936.82,3410.61,10678.87,-4.74
6912000.00,1024093784250.75,-1074769158922.41,-19502561735.08,10754.29,8328.02,-1548.09
7344000.00,1026267561999.37,-1070576576595.56,-19610491046.56,-1937.59,5282.24,2625.91
7776000.00,1030044536059.95,-1068726973796.28,-19667344805.56,7956.99,10062.07,-1139.49
8208000.00,1031264982124.98,-1065419768620.69,-19322498496.48,6723.31,-4562.11,2306.48
8640000.00,1035685655030.47,-1062738536368.43,-19735450192.59,6567.29,10382.86,-823.25
9072000.00,1036874937770.24,-1059975726253.37,-19267378844.17,11312.94,-1782.71,430.38
9504000.00,1041245986370.44,-1056908683466.97,-19749605886.88,6390.71,10321.80,-759.60
9936000.00,1042271447823.07,-1053967764080.50,-19273521017.47,9320.54,-3400.78,1323.18
10368000.00,1046751810193.98,-1051233450116.12,-19716844805.08,7174.45,10023.80,-916.31
10800000.00,1047927414015.53,-1047387695371.41,-19474157951.10,-1383.04,601.25,3460.01
11232000.00,1052086867152.85,-1045654908342.39,-19617282554.58,8630.35,9262.18,-1163.76
11664000.00,1054274881848.46,-1041362731527.57,-19751993814.32,637.57,8856.71,1150.26
12096000.00,1057032805371.07,-1040008018958.15,-19425156269.38,10660.27,7349.64,-1326.09
12528000.00,1060338097324.59,-1035955283910.31,-19821421416.99,4493.18,10242.60,-219.88
12960000.00,1061321559906.80,-1033592226126.85,-19214463305.96,11443.44,-497.72,109.19
13392000.00,1065767218196.74,-1030722421892.02,-19679522350.90,7672.39,9562.97,-963.14
13824000.00,1067764852815.15,-1026443848479.03,-19759920035.80,805.68,8893.79,1090.44
14256000.00,1070258027506.94,-1025157301174.15,-19348416549.82,10961.02,6537.47,-1244.05
14688000.00,1073894472842.90,-1021338502510.77,-19789310930.82,5894.85,10036.92,-570.00
15120000.00,1074986339371.37,-1017366503062.71,-19553647873.51,-1739.21,4614.87,2698.32
15552000.00,1078609808805.01,-1016114747617.77,-19451746073.14,9745.30,7927.68,-1201.78
15984000.00,1081821667194.57,-1012077650458.56,-19821745559.17,5063.20,10083.78,-351.18
16416000.00,1082551230738.38,-1008418014905.51,-19420513018.28,-1331.45,951.42,3353.34
16848000.00,1086571679107.92,-1007011742584.08,-19467560279.09,9374.79,8147.23,-1162.04
17280000.00,1089696269130.51,-1002954131975.34,-19821761048.64,5018.94,10069.48,-337.45
17712000.00,1090480013574.47,-999157538214.52,-19459518773.17,-1835.30,2809.11,3132.09
18144000.00,1094268139916.58,-997893962165.87,-19413258539.69,9594.91,7800.70,-1156.87
18576000.00,1097556424939.46,-993939295596.16,-19794135322.75,5623.58,9954.08,-488.35
19008000.00,1098852753148.99,-989785195861.51,-19653789231.39,-524.23,7662.11,1734.80
19440000.00,1101577614470.10,-988682075949.34,-19274382572.71,10449.20,6521.14,-1133.73
19872000.00,1105269309858.95,-985028956414.75,-19708089225.85,6729.84,9605.32,-732.86
20304000.00,1107310891967.42,-980751546796.55,-19806752937.78,2333.12,9698.61,491.70
20736000.00,1108310107549.30,-978931645153.65,-19091353349.33,11270.53,1749.83,-363.10
21168000.00,1112612963800.62,-976118428208.84,-19523130321.67,8216.62,8762.35,-981.57
21600000.00,1115443878409.24,-972000214484.63,-19814075569.37,4810.58,9988.39,-276.47
22032000.00,1116453703774.57,-967934083548.16,-19578217024.63,-1040.18,7008.09,2011.77
22464000.00,1119267157512.25,-966887719023.05,-19216299771.91,10225.41,6477.00,-1074.66
22896000.00,1122966368573.26,-963313982021.88,-19641028793.01,7003.85,9378.71,-775.15
23328000.00,1125302129333.07,-959075994854.18,-19819779898.03,3624.49,9968.50,58.04
23760000.00,1125657786862.37,-955590088859.33,-19277779218.83,-1115.83,350.00,3437.72
24192000.00,1129551924687.78,-954298692248.30,-19278760677.28,9408.03,7449.55,-1060.15
24624000.00,1132973708901.38,-950536964011.53,-19668842646.36,6500.17,9541.08,-674.93
25056000.00,1135123958501.41,-946274518595.56,-19802864805.20,3243.68,9937.08,168.76
25488000.00,1135353774564.98,-942964436749.96,-19188006941.95,60.25,-1237.39,3440.47
25920000.00,1139360482725.80,-941567877655.08,-19247130454.28,9274.39,7467.82,-1033.74
26352000.00,1142769378932.66,-937827823757.69,-19632262256.10,6578.92,9460.57,-687.80
26784000.00,1145022310055.96,-933586789872.50,-19794178126.29,3704.12,9977.37,21.81
27216000.00,1145602576638.83,-929691079004.03,-19406279691.39,-1845.84,5538.02,2543.36
27648000.00,1148636745017.39,-928680017520.40,-19110189323.04,9802.25,6545.52,-997.90
28080000.00,1152282092574.76,-925179080100.15,-19515635584.37,7180.74,9110.48,-792.95
28512000.00,1154867207614.69,-921032257963.00,-19755563888.50,4732.54,9929.89,-268.83
28944000.00,1156209075761.02,-916782365339.31,-19663097484.99,1036.53,9269.21,924.05
29376000.00,1157188870068.35,-915201397551.55,-18904911385.51,10606.46,2591.81,-403.94
29808000.00,1161311468640.08,-912456101398.61,-19291209147.35,8258.88,8263.92,-930.60
30240000.00,1164392638057.87,-908555136428.50,-19624349025.63,6038.50,9587.10,-577.04
30672000.00,1166497167043.84,-904297699414.78,-19754455702.66,3579.11,9979.26,40.97
31104000.00,1167200942793.62,-900244995542.62,-19442059357.87,-1065.55,7466.85,1895.33
