0.00,624984345335.11,-389251080429.34,-17541328111.67,5488.41,14422.86,0.00
426082.00,627334861209.74,-383087832589.89,-17532564220.82,5544.44,14505.26,40.93
852164.00,629708792851.81,-376891678015.25,-17506643459.11,5598.21,14577.40,80.51
1278246.00,632105041440.38,-370666888834.87,-17464161399.55,5649.09,14639.75,118.65
1704328.00,634522254006.73,-364417524760.34,-17405757735.03,5696.53,14692.84,155.23
2130410.00,636958857826.91,-358147420651.58,-17332106667.15,5740.04,14737.20,190.21
2556492.00,639413094062.33,-351860178720.82,-17243907900.77,5779.23,14773.37,223.51
2982574.00,641883049825.22,-345559164839.36,-17141878447.71,5813.78,14801.93,255.12
3408656.00,644366688476.01,-339247508599.05,-17026745190.52,5843.42,14823.42,285.02
3834738.00,646861877877.35,-332928106399.40,-16899238248.38,5867.97,14838.38,313.20
4260820.00,649366416181.10,-326603627152.63,-16760085219.29,5887.29,14847.34,339.69
4686902.00,651878055373.92,-320276520158.64,-16610006141.11,5901.29,14850.80,364.50
5112984.00,654394522276.81,-313949024552.54,-16449709258.95,5909.94,14849.24,387.66
5539066.00,656913537073.14,-307623180072.98,-16279887514.38,5913.25,14843.12,409.21
5965148.00,659432829594.61,-301300838682.25,-16101215660.86,5911.26,14832.87,429.21
6391230.00,661950153198.34,-294983676710.39,-15914348030.49,5904.02,14818.87,447.69
6817312.00,664463296601.00,-288673207343.20,-15719916820.04,5891.65,14801.51,464.72
7243394.00,666970093718.01,-282370793062.60,-15518530878.55,5874.26,14781.12,480.35
7669476.00,669468431627.32,-276077657983.55,-15310774926.20,5851.97,14758.00,494.63
8095558.00,671956256977.02,-269794899876.81,-15097209130.60,5824.94,14732.45,507.63
8521640.00,674431580817.33,-263523501684.79,-14878369026.87,5793.31,14704.72,519.40
8947722.00,676892482176.97,-257264342596.66,-14654765683.55,5757.27,14675.04,529.99
9373804.00,679337110489.90,-251018208453.33,-14426886101.73,5716.96,14643.62,539.48
9799886.00,681763686955.16,-244785801521.55,-14195193802.35,5672.56,14610.63,547.90
10225968.00,684170505125.22,-238567749643.02,-13960129543.48,5624.24,14576.26,555.31
10652050.00,686555930691.27,-232364614638.38,-13722112163.61,5572.17,14540.64,561.77
11078132.00,688918400673.51,-226176900106.82,-13481539501.96,5516.52,14503.90,567.32
11504214.00,691256422134.12,-220005058529.58,-13238789379.49,5457.44,14466.15,572.00
11930296.00,693568570413.17,-213849497745.41,-12994220621.03,5395.10,14427.49,575.86
12356378.00,695853487093.04,-207710586858.26,-12748174094.93,5329.64,14388.01,578.94
12782460.00,698109877663.71,-201588661509.41,-12500973763.48,5261.22,14347.77,581.28
13208542.00,700336508993.75,-195484028679.85,-12252927725.69,5189.98,14306.85,582.92
13634624.00,702532206685.05,-189396970957.79,-12004329246.51,5116.04,14265.29,583.88
14060706.00,704695852278.43,-183327750331.79,-11755457764.16,5039.55,14223.13,584.20
14486788.00,706826380445.77,-177276611606.63,-11506579870.15,4960.61,14180.42,583.91
14912870.00,708922776124.99,-171243785367.90,-11257950256.46,4879.35,14137.18,583.04
15338952.00,710984071643.47,-165229490634.69,-11009812629.05,4795.87,14093.43,581.61
15765034.00,713009343892.04,-159233937168.50,-10762400584.34,4710.28,14049.21,579.64
16191116.00,714997711485.82,-153257327475.43,-10515938446.99,4622.66,14004.51,577.15
16617198.00,716948332005.25,-147299858576.98,-10270642072.42,4533.11,13959.36,574.17
17043280.00,718860399279.46,-141361723488.49,-10026719607.09,4441.70,13913.76,570.71
17469362.00,720733140716.69,-135443112524.88,-9784372216.17,4348.53,13867.72,566.78
17895444.00,722565814732.09,-129544214388.69,-9543794773.24,4253.64,13821.23,562.40
18321526.00,724357708207.63,-123665217066.48,-9305176512.51,4157.12,13774.31,557.58
18747608.00,726108134047.04,-117806308605.63,-9068701653.88,4059.00,13726.94,552.34
19173690.00,727816428793.71,-111967677698.69,-8834549989.27,3959.36,13679.13,546.68
19599772.00,729481950299.73,-106149514171.83,-8602897443.62,3858.24,13630.86,540.61
20025854.00,731104075492.17,-100352009341.27,-8373916605.58,3755.67,13582.15,534.14
20451936.00,732682198168.21,-94575356249.23,-8147777229.57,3651.70,13532.99,527.28
20878018.00,734215726869.75,-88819749831.31,-7924646717.96,3546.35,13483.36,520.02
21304100.00,735704082816.04,-83085386949.09,-7704690570.71,3439.67,13433.27,512.38
21730182.00,737146697865.29,-77372466373.64,-7488072821.59,3331.65,13382.71,504.35
22156264.00,738543012556.33,-71681188670.46,-7274956448.63,3222.34,13331.68,495.94
22582346.00,739892474165.93,-66011755994.55,-7065503762.08,3111.73,13280.17,487.15
23008428.00,741194534819.51,-60364371845.56,-6859876782.22,2999.84,13228.19,477.98
23434510.00,742448649642.74,-54739240705.91,-6658237588.55,2886.68,13175.72,468.43
23860592.00,743654274923.19,-49136567639.53,-6460748660.44,2772.23,13122.77,458.50
24286674.00,744810866331.21,-43556557804.24,-6267573196.65,2656.51,13069.34,448.19
24712756.00,745917877138.45,-37999415877.73,-6078875417.57,2539.50,13015.43,437.48
25138838.00,746974756470.34,-32465345438.63,-5894820858.86,2421.20,12961.04,426.39
25564920.00,747980947588.26,-26954548225.68,-5715576635.73,2301.57,12906.19,414.90
25991002.00,748935886161.40,-21467223349.33,-5541311704.93,2180.62,12850.87,403.02
26417084.00,749838998587.55,-16003566399.86,-5372197101.79,2058.30,12795.09,390.73
26843166.00,750689700305.08,-10563768447.79,-5208406156.56,1934.60,12738.88,378.03
27269248.00,751487394125.27,-5148014981.73,-5050114704.37,1809.48,12682.23,364.91
27695330.00,752231468593.54,243515306.15,-4897501258.70,1682.91,12625.18,351.37
28121412.00,752921296339.37,5610651815.34,-4750747176.62,1554.84,12567.73,337.41
28547494.00,753556232477.38,10953233465.26,-4610036792.36,1425.24,12509.92,323.00
28973576.00,754135613006.41,16271110274.17,-4475557523.05,1294.06,12451.78,308.16
29399658.00,754658753241.63,21564145041.13,-4347499956.17,1161.25,12393.32,292.86
29825740.00,755124946297.40,26832215226.14,-4226057884.42,1026.75,12334.60,277.10
30251822.00,755533461576.83,32075214960.01,-4111428324.35,890.50,12275.65,260.88
30677904.00,755883543348.85,37293057236.44,-4003811482.43,752.45,12216.52,244.19
31103986.00,756174409364.55,42485676314.19,-3903410670.56,612.54,12157.26,227.01
