0.00,986013015060.92,-1134954361716.58,-25487716969.02,7802.03,6284.48,0.02
424800.00,989319754288.48,-1132272869262.84,-25484681516.59,7766.23,6340.23,14.24
849600.00,992611195572.44,-1129567951104.02,-25475703362.32,7730.00,6394.78,28.01
1274400.00,995887160403.92,-1126840099932.03,-25460966237.95,7693.37,6448.21,41.35
1699200.00,999147479169.90,-1124089780687.40,-25440643242.22,7656.34,6500.57,54.31
2124000.00,1002391989550.92,-1121317432802.83,-25414897710.97,7618.94,6551.93,66.89
2548800.00,1005620535218.36,-1118523472209.10,-25383884000.49,7581.18,6602.33,79.11
2973600.00,1008832964666.50,-1115708293194.70,-25347748224.26,7543.07,6651.83,91.00
3398400.00,1012029130114.55,-1112872270131.97,-25306628933.64,7504.61,6700.47,102.58
3823200.00,1015208886576.44,-1110015758909.28,-25260657661.03,7465.81,6748.29,113.85
4248000.00,1018372091028.45,-1107139098349.21,-25209959475.25,7426.68,6795.34,124.83
4672800.00,1021518601705.37,-1104242611500.70,-25154653516.63,7387.21,6841.64,135.54
5097600.00,1024648277319.46,-1101326606831.43,-25094853442.21,7347.42,6887.23,145.99
5522400.00,1027760976468.46,-1098391379214.34,-25030667810.27,7307.28,6932.15,156.19
5947200.00,1030856557040.26,-1095437210960.09,-24962200480.94,7266.82,6976.41,166.15
6372000.00,1033934875724.29,-1092464372713.97,-24889550994.04,7226.01,7020.05,175.88
6796800.00,1036995787456.87,-1089473124390.83,-24812814933.26,7184.86,7063.09,185.39
7221600.00,1040039144872.59,-1086463715855.45,-24732084163.22,7143.36,7105.55,194.69
7646400.00,1043064797920.40,-1083436387695.33,-24647447161.00,7101.51,7147.46,203.79
8071200.00,1046072593351.26,-1080391371878.43,-24558989255.36,7059.28,7188.83,212.68
8496000.00,1049062374372.51,-1077328892447.03,-24466792946.25,7016.69,7229.68,221.39
8920800.00,1052033980139.15,-1074249166190.32,-24370938146.71,6973.71,7270.03,229.91
9345600.00,1054987245262.33,-1071152403124.64,-24271502353.64,6930.34,7309.89,238.25
9770400.00,1057921999471.60,-1068038807084.84,-24168560916.21,6886.56,7349.28,246.41
10195200.00,1060838067085.41,-1064908576252.50,-24062187217.68,6842.35,7388.21,254.41
10620000.00,1063735266655.53,-1061761903661.41,-23952452924.67,6797.72,7426.69,262.23
11044800.00,1066613410498.53,-1058598977797.89,-23839428224.08,6752.63,7464.73,269.90
11469600.00,1069472304111.05,-1055419983064.68,-23723181976.64,6707.08,7502.34,277.40
11894400.00,1072311745695.14,-1052225100172.89,-23603781897.76,6661.05,7539.53,284.75
12319200.00,1075131525685.00,-1049014506727.25,-23481294802.90,6614.51,7576.31,291.93
12744000.00,1077931426109.17,-1045788377634.83,-23355786763.07,6567.45,7612.68,298.97
13168800.00,1080711220130.01,-1042546885630.69,-23227323371.36,6519.84,7648.64,305.85
13593600.00,1083470671413.03,-1039290201868.30,-23095969972.39,6471.67,7684.20,312.57
14018400.00,1086209533365.15,-1036018496431.51,-22961791843.94,6422.90,7719.36,319.15
14443200.00,1088927548396.62,-1032731938763.61,-22824854392.33,6373.51,7754.12,325.56
14868000.00,1091624447282.52,-1029430698308.93,-22685223449.58,6323.47,7788.49,331.83
15292800.00,1094299948198.35,-1026114945098.02,-22542965481.18,6272.76,7822.45,337.93
15717600.00,1096953755933.38,-1022784850321.99,-22398147890.05,6221.33,7856.01,343.88
16142400.00,1099585561009.09,-1019440587111.02,-22250839354.20,6169.16,7889.15,349.66
16567200.00,1102195038599.06,-1016082331334.28,-22101110139.69,6116.20,7921.88,355.27
16992000.00,1104781847280.51,-1012710262386.40,-21949032408.41,6062.42,7954.19,360.71
17416800.00,1107345627806.66,-1009324563951.04,-21794680588.01,6007.77,7986.05,365.98
17841600.00,1109886001890.59,-1005925425112.91,-21638131849.21,5952.21,8017.46,371.06
18266400.00,1112402570530.85,-1002513041400.81,-21479466519.06,5895.68,8048.40,375.94
18691200.00,1114894912518.03,-999087615933.43,-21318768644.13,5838.14,8078.86,380.62
19116000.00,1117362582758.72,-995649360874.67,-21156126618.67,5779.51,8108.80,385.09
19540800.00,1119805110314.16,-992198499056.01,-20991633853.04,5719.75,8138.20,389.33
19965600.00,1122221996141.99,-988735265773.82,-20825389504.71,5658.77,8167.04,393.33
20390400.00,1124612710555.14,-985259910689.51,-20657499299.09,5596.51,8195.27,397.08
20815200.00,1126976690804.73,-981772700088.52,-20488076565.93,5532.89,8222.84,400.54
21240000.00,1129313338039.09,-978273919739.89,-20317243356.66,5467.81,8249.73,403.71
21664800.00,1131622013896.88,-974763877784.42,-20145131731.35,5401.17,8275.85,406.56
22089600.00,1133902037072.57,-971242908301.95,-19971885324.66,5332.88,8301.16,409.05
22514400.00,1136152679361.94,-967711375570.90,-19797661133.20,5262.82,8325.57,411.15
22939200.00,1138373161155.70,-964169679057.35,-19622631585.45,5190.86,8348.99,412.83
23364000.00,1140562646285.17,-960618259291.34,-19446986958.88,5116.85,8371.32,414.04
23788800.00,1142720236078.79,-957057604661.35,-19270938230.06,5040.65,8392.44,414.72
24213600.00,1144844963308.72,-953488259413.25,-19094720541.91,4962.09,8412.21,414.82
24638400.00,1146935785159.92,-949910833870.33,-18918597284.50,4880.98,8430.45,414.26
25063200.00,1148991574847.47,-946326016105.13,-18742864998.74,4797.11,8446.97,412.96
25488000.00,1151011112991.71,-942734586144.46,-18567859360.70,4710.26,8461.53,410.82
25912800.00,1152993077982.12,-939137433529.41,-18393962413.44,4620.16,8473.86,407.72
26337600.00,1154936035232.09,-935535578885.34,-18221611391.76,4526.54,8483.60,403.51
26762400.00,1156838425370.12,-931930200609.61,-18051309569.23,4429.10,8490.36,398.04
27187200.00,1158698551263.83,-928322668166.89,-17883639708.51,4327.49,8493.64,391.08
27612000.00,1160514563875.96,-924714583418.63,-17719280946.24,4221.33,8492.84,382.40
28036800.00,1162284449641.04,-921107832367.61,-17559029886.57,4110.23,8487.21,371.68
28461600.00,1164006018061.21,-917504652650.21,-17403827234.20,3993.75,8475.83,358.55
28886400.00,1165676890969.70,-913907718543.82,-17254792032.38,3871.46,8457.57,342.54
29311200.00,1167294499232.54,-910320250313.45,-17113265373.93,3742.89,8430.97,323.08
29736000.00,1168856091388.88,-906746156423.03,-16980866642.77,3607.64,8394.22,299.42
30160800.00,1170358763637.91,-903190218931.95,-16859566223.25,3465.43,8345.01,270.64
30585600.00,1171799527534.75,-899658335454.60,-16751779588.85,3316.16,8280.36,235.55
31010400.00,1173175443238.55,-896157834164.39,-16660488419.94,3160.20,8196.48,192.67
