0.00,1001591360048.26,-1121340054810.25,-19925850227.69,6809.05,5137.23,0.00
423360.00,1004464714670.30,-1119160607508.23,-19925668833.21,6764.73,5158.96,0.86
846720.00,1007319351897.74,-1116971855523.97,-19925126310.61,6720.63,5181.19,1.71
1270080.00,1010155368525.43,-1114773588316.62,-19924225176.44,6676.77,5203.91,2.55
1693440.00,1012972863539.97,-1112565600404.77,-19922967979.58,6633.14,5227.11,3.39
2116800.00,1015771938045.34,-1110347691250.77,-19921357307.40,6589.75,5250.78,4.22
2540160.00,1018552695086.89,-1108119665171.98,-19919395776.19,6546.61,5274.90,5.05
2963520.00,1021315239538.70,-1105881331216.90,-19917086029.30,6503.71,5299.48,5.87
3386880.00,1024059677969.96,-1103632503034.12,-19914430733.17,6461.07,5324.48,6.68
3810240.00,1026786118624.69,-1101372998790.64,-19911432586.49,6418.69,5349.91,7.49
4233600.00,1029494671252.64,-1099102641102.97,-19908094309.57,6376.57,5375.76,8.29
4656960.00,1032185447014.41,-1096821256886.92,-19904418642.02,6334.71,5402.00,9.08
5080320.00,1034858558384.09,-1094528677291.18,-19900408340.03,6293.12,5428.65,9.87
5503680.00,1037514119079.02,-1092224737552.76,-19896066176.95,6251.81,5455.67,10.65
5927040.00,1040152244048.94,-1089909276955.58,-19891394950.94,6210.76,5483.07,11.42
6350400.00,1042773049344.61,-1087582138770.99,-19886397477.35,6169.99,5510.84,12.19
6773760.00,1045376652000.73,-1085243170107.92,-19881076579.87,6129.49,5538.96,12.95
7197120.00,1047963170039.38,-1082892221857.26,-19875435097.59,6089.28,5567.43,13.70
7620480.00,1050532722335.57,-1080529148594.60,-19869475875.57,6049.35,5596.24,14.45
8043840.00,1053085428624.26,-1078153808476.62,-19863201771.34,6009.70,5625.38,15.19
8467200.00,1055621409478.48,-1075766063216.85,-19856615659.74,5970.34,5654.85,15.93
8890560.00,1058140786215.87,-1073365778031.64,-19849720428.84,5931.26,5684.62,16.65
9313920.00,1060643680787.74,-1070952821526.14,-19842518970.68,5892.48,5714.71,17.37
9737280.00,1063130215782.34,-1068527065583.36,-19835014182.53,5853.98,5745.09,18.09
10160640.00,1065600514391.32,-1066088385364.15,-19827208970.46,5815.78,5775.76,18.79
10584000.00,1068054700310.71,-1063636659176.20,-19819106239.78,5777.86,5806.72,19.49
11007360.00,1070492897776.85,-1061171768417.88,-19810708903.33,5740.25,5837.96,20.18
11430720.00,1072915231544.13,-1058693597559.02,-19802019885.25,5702.92,5869.46,20.87
11854080.00,1075321826823.19,-1056202034094.46,-19793042119.21,5665.90,5901.22,21.55
12277440.00,1077712809204.76,-1053696968467.20,-19783778543.07,5629.17,5933.25,22.22
12700800.00,1080088304607.74,-1051178293954.33,-19774232092.15,5592.74,5965.52,22.88
13124160.00,1082448439328.36,-1048645906615.94,-19764405704.84,5556.61,5998.03,23.54
13547520.00,1084793339977.73,-1046099705299.52,-19754302323.94,5520.77,6030.77,24.19
13970880.00,1087123133418.98,-1043539591505.30,-19743924887.15,5485.24,6063.75,24.84
14394240.00,1089437946813.70,-1040965469354.83,-19733276334.64,5450.01,6096.95,25.47
14817600.00,1091737907608.95,-1038377245578.98,-19722359613.03,5415.08,6130.37,26.10
15240960.00,1094023143497.32,-1035774829479.46,-19711177675.11,5380.45,6164.00,26.73
15664320.00,1096293782371.16,-1033158132871.36,-19699733477.66,5346.12,6197.83,27.34
16087680.00,1098549952279.43,-1030527070006.91,-19688029977.58,5312.10,6231.87,27.95
16511040.00,1100791781414.25,-1027881557483.22,-19676070127.12,5278.38,6266.10,28.55
16934400.00,1103019398166.46,-1025221514214.20,-19663856878.04,5244.96,6300.51,29.15
17357760.00,1105232931083.45,-1022546861450.57,-19651393186.38,5211.84,6335.11,29.74
17781120.00,1107432508805.97,-1019857522650.04,-19638682001.73,5179.03,6369.89,30.32
18204480.00,1109618260123.79,-1017153423443.25,-19625726271.58,5146.53,6404.84,30.89
18627840.00,1111790313981.58,-1014434491633.32,-19612528946.49,5114.33,6439.96,31.46
19051200.00,1113948799458.75,-1011700657168.00,-19599092981.05,5082.43,6475.24,32.02
19474560.00,1116093845746.27,-1008951852095.54,-19585421333.43,5050.84,6510.69,32.57
19897920.00,1118225582126.02,-1006188010511.35,-19571516964.05,5019.56,6546.28,33.12
20321280.00,1120344137955.42,-1003409068494.30,-19557382833.17,4988.58,6582.02,33.66
20744640.00,1122449642671.31,-1000614964035.23,-19543021897.48,4957.90,6617.91,34.19
21168000.00,1124542225838.95,-997805636997.96,-19528437109.95,4927.54,6653.93,34.71
21591360.00,1126622017174.14,-994981029162.58,-19513631428.50,4897.48,6690.10,35.23
22014720.00,1128689146462.33,-992141084145.33,-19498607811.19,4867.72,6726.39,35.74
22438080.00,1130743743604.10,-989285747306.33,-19483369210.34,4838.28,6762.81,36.25
22861440.00,1132785938662.29,-986414965769.50,-19467918579.04,4809.14,6799.35,36.75
23284800.00,1134815861861.72,-983528688415.85,-19452258874.63,4780.30,6836.01,37.24
23708160.00,1136833643583.24,-980626865852.50,-19436393059.48,4751.78,6872.79,37.72
24131520.00,1138839414362.76,-977709450371.64,-19420324100.45,4723.56,6909.68,38.19
24554880.00,1140833304895.44,-974776395906.30,-19404054968.36,4695.66,6946.67,38.66
24978240.00,1142815446045.51,-971827657981.69,-19387588637.13,4668.06,6983.77,39.13
25401600.00,1144785968867.11,-968863193663.44,-19370928082.24,4640.77,7020.96,39.58
25824960.00,1146745004646.97,-965882961515.19,-19354076278.96,4613.80,7058.26,40.03
26248320.00,1148692684967.47,-962886921605.14,-19337036203.85,4587.13,7095.64,40.47
26671680.00,1150629141708.85,-959875035551.08,-19319810843.13,4560.78,7133.12,40.91
27095040.00,1152554507005.18,-956847266417.22,-19302403188.39,4534.74,7170.67,41.33
27518400.00,1154468913327.70,-953803578651.11,-19284816230.41,4509.01,7208.32,41.75
27941760.00,1156372493538.78,-950743938126.68,-19267052965.17,4483.60,7246.04,42.17
28365120.00,1158265380905.31,-947668312144.86,-19249116397.57,4458.50,7283.83,42.57
28788480.00,1160147709116.28,-944576669410.53,-19231009542.74,4433.72,7321.70,42.97
29211840.00,1162019612307.72,-941468980004.39,-19212735426.60,4409.25,7359.64,43.36
29635200.00,1163881225093.96,-938345215354.16,-19194297086.20,4385.10,7397.64,43.75
30058560.00,1165732682604.53,-935205348206.48,-19175697569.89,4361.28,7435.71,44.12
30481920.00,1167574120527.11,-932049352599.37,-19156939937.11,4337.77,7473.84,44.49
30905280.00,1169405675160.72,-928877203836.94,-19138027257.32,4314.59,7512.02,44.85
