0.00,642809543664.39,-385114401299.48,-12773324384.62,-8853.78,33411.34,182.42
432000.00,645756149450.75,-381344419922.27,-12897370723.23,13764.49,13881.17,11.73
864000.00,647467142520.10,-376416011050.14,-13008314772.01,10370.48,5537.30,-315.34
1296000.00,652174329720.61,-370829254695.79,-13039167033.91,7769.79,20034.00,91.87
1728000.00,652428510847.77,-366161894089.69,-13185128805.26,7832.20,4599.67,-390.60
2160000.00,656602637931.46,-362372167881.54,-13281283504.75,10172.11,12278.69,-101.32
2592000.00,660536706574.23,-355664299614.19,-13289452078.74,6826.74,19134.44,51.06
3024000.00,660061063797.38,-349554388015.48,-13401659365.20,2791.76,2415.73,-551.64
3456000.00,662978405455.76,-347050093035.84,-13560147736.60,8407.30,8446.72,-250.15
3888000.00,666752614507.28,-342614059984.04,-13640215917.21,8831.34,11935.35,-129.98
4320000.00,670458149533.70,-336790061365.89,-13677029936.52,8140.03,15074.08,-42.57
4752000.00,673507815147.65,-329467366303.10,-13678555173.06,5248.51,19151.87,31.47
5184000.00,672643056024.37,-322251745192.18,-13758829515.21,-2708.44,2663.97,-639.91
5616000.00,674263011963.64,-320202946172.93,-13952132569.13,6257.41,6923.26,-328.83
6048000.00,677238121831.06,-316610865628.61,-14069473621.34,7275.29,9503.40,-225.50
6480000.00,680439367396.92,-312101085086.08,-14152526854.86,7475.46,11312.00,-162.34
6912000.00,683652700730.69,-306874679243.51,-14211775519.37,7359.10,12870.78,-113.19
7344000.00,686762219382.58,-300984245016.89,-14251118711.93,6989.08,14420.59,-69.22
7776000.00,689637841920.08,-294385930776.57,-14271696100.93,6229.27,16197.29,-25.67
8208000.00,691997125571.93,-286895239684.71,-14273186997.89,4339.90,18680.20,18.15
8640000.00,692160097017.57,-278196813197.65,-14278325230.03,-9280.08,17850.14,-270.17
9072000.00,691161168761.55,-275642594946.64,-14498002404.02,3388.08,5675.34,-403.78
9504000.00,693108450896.16,-272600150340.67,-14643897857.73,5189.14,8141.13,-288.61
9936000.00,695476761899.66,-268749891858.25,-14755060369.99,5688.74,9595.28,-230.49
10368000.00,697977169012.65,-264365833148.35,-14845704167.55,5854.76,10662.50,-190.99
10800000.00,700514923316.70,-259565273595.06,-14921343995.58,5877.08,11543.44,-160.10
11232000.00,703043200346.01,-254407262871.19,-14984732188.40,5816.40,12327.68,-133.84
11664000.00,705531710868.55,-248921736257.52,-15037384376.92,5694.68,13066.49,-110.15
12096000.00,707955531884.49,-243120019014.37,-15080126307.06,5516.38,13797.28,-87.79
12528000.00,710288854434.01,-236998034947.24,-15113315965.03,5272.86,14555.57,-65.78
12960000.00,712498651690.40,-230534931654.17,-15136922738.55,4937.60,15385.61,-43.27
13392000.00,714533410734.57,-223685915957.80,-15150519654.88,4445.53,16358.40,-19.26
13824000.00,716293379202.58,-216362425706.32,-15153234416.27,3613.25,17618.59,7.25
14256000.00,717510055921.70,-208373098187.32,-15144216951.87,1660.12,19543.79,33.08
14688000.00,716468225502.64,-199587210475.97,-15152357341.32,-11508.67,16145.94,-323.83
15120000.00,714767963172.44,-196905938016.16,-15363266087.16,1150.77,6060.23,-393.31
15552000.00,715729890370.25,-193810146055.83,-15508550972.01,2898.48,8052.90,-293.95
15984000.00,717114369656.87,-190067623286.68,-15624018440.12,3429.03,9195.60,-244.64
16416000.00,718648548223.38,-185914881695.58,-15722324585.59,3643.50,9993.82,-212.18
16848000.00,720243736377.61,-181459120234.76,-15808525301.24,3727.01,10614.79,-187.78
17280000.00,721858956475.56,-176759513126.94,-15885252229.06,3742.45,11130.60,-167.96
17712000.00,723471409020.78,-171852680715.78,-15954079876.15,3717.14,11578.52,-151.02
18144000.00,725066759842.71,-166762889680.60,-16016032382.08,3664.82,11980.30,-136.02
18576000.00,726635118539.64,-161506871783.17,-16071811965.17,3593.05,12349.87,-122.37
19008000.00,728169098093.93,-156096355374.72,-16121915686.00,3506.16,12696.86,-109.69
19440000.00,729662764879.29,-150539486541.70,-16166700216.13,3406.68,13028.42,-97.70
19872000.00,731111006454.62,-144841664401.21,-16206420099.88,3295.96,13350.26,-86.21
20304000.00,732509098550.37,-139006017686.16,-16241251029.96,3174.49,13667.26,-75.05
20736000.00,733852371253.11,-133033641432.93,-16271303676.69,3042.04,13984.02,-64.07
21168000.00,735135902420.13,-126923657229.41,-16296631375.31,2897.65,14305.15,-53.15
21600000.00,736354177988.76,-120673106821.61,-16317233209.54,2739.49,14635.73,-42.17
22032000.00,737500650913.80,-114276643906.46,-16333052668.22,2564.54,14981.85,-30.99
22464000.00,738567110294.52,-107725955155.55,-16343971381.04,2367.98,15351.31,-19.45
22896000.00,739542668937.33,-101008783028.54,-16349797433.40,2141.93,15754.85,-7.37
23328000.00,740411961956.27,-94107215463.63,-16350245472.52,1872.93,16208.45,5.50
23760000.00,741151655980.54,-86994556941.57,-16344904091.66,1536.05,16737.90,19.50
24192000.00,741722750934.59,-79629183870.92,-16333187277.03,1079.43,17389.16,35.11
24624000.00,742050173989.07,-71940928498.76,-16314289187.28,372.26,18255.96,52.81
25056000.00,741949562138.50,-63795421956.93,-16287433397.01,-1051.11,19566.22,71.06
25488000.00,740616275786.83,-54929535389.18,-16259360266.06,-7088.89,21256.88,15.41
25920000.00,736597901060.74,-50124038618.36,-16406083173.29,-3853.92,5709.09,-405.13
26352000.00,735770022551.92,-47173520851.64,-16549519638.19,-825.24,7740.16,-281.29
26784000.00,735605410560.25,-43573271985.88,-16658593793.14,-61.45,8837.15,-228.80
27216000.00,735654331213.36,-39593833383.76,-16750101389.12,247.62,9545.93,-196.83
27648000.00,735795225557.57,-35353594005.96,-16829977658.49,386.51,10063.14,-173.96
28080000.00,735976381095.48,-30915809218.55,-16901141603.52,442.33,10468.99,-156.08
28512000.00,736170639178.27,-26319196374.93,-16965291541.06,450.99,10802.95,-141.28
28944000.00,736361826954.04,-21589635299.35,-17023521884.03,430.12,11087.12,-128.55
29376000.00,736539468634.35,-16745513337.81,-17076587966.65,389.43,11334.98,-117.30
29808000.00,736696352332.42,-11800493791.42,-17125037454.82,334.72,11555.34,-107.13
30240000.00,736827275418.17,-6765082147.82,-17169282469.73,269.70,11754.24,-97.80
30672000.00,736928340942.76,-1647571521.10,-17209642116.74,196.80,11935.99,-89.12
31104000.00,736996539337.17,3545355369.99,-17246368996.55,117.75,12103.80,-80.96
