0.00,623283921823.35,-379666537233.19,-24964007614.57,6855.67,13994.49,-27.87
1200.00,623292148621.59,-379649743843.33,-24964041062.37,6855.64,13994.58,-27.72
2400.00,623300375385.38,-379632950345.60,-24964074328.07,6855.61,13994.67,-27.57
3600.00,623308602114.71,-379616156740.03,-24964107411.68,6855.58,13994.76,-27.42
4800.00,623316828809.54,-379599363026.67,-24964140313.20,6855.55,13994.85,-27.27
6000.00,623325055469.88,-379582569205.56,-24964173032.64,6855.52,13994.94,-27.11
7200.00,623333282095.69,-379565775276.75,-24964205570.02,6855.49,13995.03,-26.96
8400.00,623341508686.95,-379548981240.27,-24964237925.33,6855.46,13995.12,-26.81
9600.00,623349735243.66,-379532187096.16,-24964270098.58,6855.44,13995.21,-26.66
10800.00,623357961765.79,-379515392844.46,-24964302089.79,6855.41,13995.30,-26.51
12000.00,623366188253.32,-379498598485.23,-24964333898.96,6855.38,13995.39,-26.36
13200.00,623374414706.23,-379481804018.49,-24964365526.09,6855.35,13995.48,-26.20
14400.00,623382641124.51,-379465009444.28,-24964396971.20,6855.32,13995.57,-26.05
15600.00,623390867508.14,-379448214762.66,-24964428234.29,6855.29,13995.66,-25.90
16800.00,623399093857.09,-379431419973.66,-24964459315.37,6855.26,13995.75,-25.75
18000.00,623407320171.35,-379414625077.32,-24964490214.44,6855.23,13995.84,-25.60
19200.00,623415546450.90,-379397830073.68,-24964520931.52,6855.20,13995.93,-25.45
20400.00,623423772695.72,-379381034962.78,-24964551466.62,6855.18,13996.02,-25.29
21600.00,623431998905.79,-379364239744.67,-24964581819.73,6855.15,13996.10,-25.14
22800.00,623440225081.10,-379347444419.39,-24964611990.86,6855.12,13996.19,-24.99
24000.00,623448451221.62,-379330648986.97,-24964641980.04,6855.09,13996.28,-24.84
25200.00,623456677327.33,-379313853447.46,-24964671787.25,6855.06,13996.37,-24.69
26400.00,623464903398.23,-379297057800.90,-24964701412.51,6855.03,13996.46,-24.54
27600.00,623473129434.28,-379280262047.33,-24964730855.83,6855.00,13996.55,-24.38
28800.00,623481355435.48,-379263466186.79,-24964760117.21,6854.97,13996.64,-24.23
30000.00,623489581401.79,-379246670219.32,-24964789196.67,6854.94,13996.73,-24.08
31200.00,623497807333.21,-379229874144.96,-24964818094.20,6854.91,13996.82,-23.93
32400.00,623506033229.71,-379213077963.76,-24964846809.83,6854.88,13996.91,-23.78
33600.00,623514259091.28,-379196281675.76,-24964875343.54,6854.86,13997.00,-23.63
34800.00,623522484917.89,-379179485280.99,-24964903695.36,6854.83,13997.08,-23.47
36000.00,623530710709.53,-379162688779.50,-24964931865.28,6854.80,13997.17,-23.32
37200.00,623538936466.18,-379145892171.32,-24964959853.33,6854.77,13997.26,-23.17
38400.00,623547162187.82,-379129095456.51,-24964987659.50,6854.74,13997.35,-23.02
39600.00,623555387874.44,-379112298635.09,-24965015283.79,6854.71,13997.44,-22.87
40800.00,623563613526.00,-379095501707.12,-24965042726.23,6854.68,13997.53,-22.72
42000.00,623571839142.50,-379078704672.63,-24965069986.82,6854.65,13997.62,-22.57
43200.00,623580064723.91,-379061907531.66,-24965097065.56,6854.62,13997.71,-22.41
44400.00,623588290270.22,-379045110284.26,-24965123962.46,6854.59,13997.79,-22.26
45600.00,623596515781.41,-379028312930.46,-24965150677.53,6854.56,13997.88,-22.11
46800.00,623604741257.46,-379011515470.31,-24965177210.78,6854.53,13997.97,-21.96
48000.00,623612966698.34,-378994717903.85,-24965203562.21,6854.50,13998.06,-21.81
49200.00,623621192104.05,-378977920231.11,-24965229731.84,6854.48,13998.15,-21.66
50400.00,623629417474.56,-378961122452.15,-24965255719.66,6854.45,13998.24,-21.51
51600.00,623637642809.86,-378944324566.99,-24965281525.69,6854.42,13998.33,-21.35
52800.00,623645868109.92,-378927526575.69,-24965307149.94,6854.39,13998.41,-21.20
54000.00,623654093374.72,-378910728478.28,-24965332592.41,6854.36,13998.50,-21.05
55200.00,623662318604.26,-378893930274.80,-24965357853.11,6854.33,13998.59,-20.90
56400.00,623670543798.50,-378877131965.30,-24965382932.04,6854.30,13998.68,-20.75
57600.00,623678768957.43,-378860333549.81,-24965407829.22,6854.27,13998.77,-20.60
58800.00,623686994081.04,-378843535028.38,-24965432544.65,6854.24,13998.86,-20.44
60000.00,623695219169.30,-378826736401.05,-24965457078.35,6854.21,13998.94,-20.29
61200.00,623703444222.19,-378809937667.86,-24965481430.31,6854.18,13999.03,-20.14
62400.00,623711669239.69,-378793138828.84,-24965505600.54,6854.15,13999.12,-19.99
63600.00,623719894221.80,-378776339884.05,-24965529589.06,6854.12,13999.21,-19.84
64800.00,623728119168.48,-378759540833.51,-24965553395.87,6854.09,13999.30,-19.69
66000.00,623736344079.71,-378742741677.28,-24965577020.97,6854.06,13999.38,-19.54
67200.00,623744568955.49,-378725942415.40,-24965600464.38,6854.03,13999.47,-19.38
68400.00,623752793795.79,-378709143047.90,-24965623726.11,6854.00,13999.56,-19.23
69600.00,623761018600.59,-378692343574.82,-24965646806.15,6853.97,13999.65,-19.08
70800.00,623769243369.88,-378675543996.21,-24965669704.52,6853.94,13999.74,-18.93
72000.00,623777468103.63,-378658744312.11,-24965692421.23,6853.92,13999.82,-18.78
73200.00,623785692801.83,-378641944522.55,-24965714956.28,6853.89,13999.91,-18.63
74400.00,623793917464.45,-378625144627.59,-24965737309.68,6853.86,14000.00,-18.48
75600.00,623802142091.48,-378608344627.25,-24965759481.44,6853.83,14000.09,-18.33
76800.00,623810366682.91,-378591544521.59,-24965781471.56,6853.80,14000.18,-18.17
78000.00,623818591238.70,-378574744310.64,-24965803280.06,6853.77,14000.26,-18.02
79200.00,623826815758.84,-378557943994.44,-24965824906.94,6853.74,14000.35,-17.87
80400.00,623835040243.32,-378541143573.03,-24965846352.20,6853.71,14000.44,-17.72
81600.00,623843264692.11,-378524343046.47,-24965867615.87,6853.68,14000.53,-17.57
82800.00,623851489105.20,-378507542414.77,-24965888697.93,6853.65,14000.61,-17.42
84000.00,623859713482.57,-378490741678.00,-24965909598.41,6853.62,14000.70,-17.27
85200.00,623867937824.19,-378473940836.18,-24965930317.31,6853.59,14000.79,-17.11
