0.00,1000604846719.41,-1108712510925.91,-20624672350.53,7235.41,5379.09,0.00
426082.00,1003679073502.58,-1106418765582.84,-20624345126.39,7194.77,5387.66,1.54
852164.00,1006735947609.32,-1104121282097.77,-20623364762.11,7153.96,5396.64,3.07
1278246.00,1009775396594.58,-1101819888934.87,-20621733259.25,7112.98,5406.01,4.59
1704328.00,1012797349649.89,-1099514415027.74,-20619452673.29,7071.84,5415.79,6.11
2130410.00,1015801737576.22,-1097204689664.34,-20616525117.65,7030.53,5425.97,7.63
2556492.00,1018788492718.05,-1094890542398.93,-20612952759.30,6989.07,5436.55,9.14
2982574.00,1021757548930.26,-1092571802928.54,-20608737823.59,6947.45,5447.52,10.64
3408656.00,1024708841551.02,-1090248301002.88,-20603882592.86,6905.69,5458.90,12.14
3834738.00,1027642307355.61,-1087919866315.06,-20598389406.57,6863.78,5470.68,13.64
4260820.00,1030557884560.14,-1085586328394.42,-20592260666.34,6821.72,5482.86,15.13
4686902.00,1033455512780.19,-1083247516517.91,-20585498832.59,6779.53,5495.43,16.61
5112984.00,1036335133029.53,-1080903259590.77,-20578106430.84,6737.19,5508.42,18.09
5539066.00,1039196687714.52,-1078553386061.48,-20570086051.04,6694.73,5521.80,19.56
5965148.00,1042040120616.14,-1076197723811.44,-20561440349.10,6652.13,5535.59,21.02
6391230.00,1044865376919.92,-1073836100054.94,-20552172052.77,6609.41,5549.78,22.48
6817312.00,1047672403199.03,-1071468341249.20,-20542283959.09,6566.56,5564.39,23.93
7243394.00,1050461147444.49,-1069094272980.95,-20531778941.91,6523.59,5579.40,25.38
7669476.00,1053231559080.51,-1066713719886.55,-20520659951.82,6480.51,5594.83,26.81
8095558.00,1055983588974.59,-1064326505543.38,-20508930019.01,6437.31,5610.67,28.24
8521640.00,1058717189490.57,-1061932452379.14,-20496592260.00,6394.00,5626.93,29.67
8947722.00,1061432314493.96,-1059531381581.33,-20483649876.07,6350.59,5643.61,31.08
9373804.00,1064128919410.90,-1057123112990.41,-20470106161.90,6307.07,5660.71,32.49
9799886.00,1066806961264.83,-1054707465023.54,-20455964506.13,6263.46,5678.25,33.89
10225968.00,1069466398716.96,-1052284254568.85,-20441228395.31,6219.75,5696.21,35.28
10652050.00,1072107192143.38,-1049853296905.68,-20425901421.30,6175.94,5714.61,36.66
11078132.00,1074729303663.90,-1047414405615.11,-20409987280.73,6132.06,5733.45,38.04
11504214.00,1077332697229.86,-1044967392483.00,-20393489784.85,6088.08,5752.74,39.40
11930296.00,1079917338680.58,-1042512067428.53,-20376412860.74,6044.03,5772.47,40.76
12356378.00,1082483195813.78,-1040048238402.91,-20358760556.51,5999.91,5792.65,42.10
12782460.00,1085030238487.37,-1037575711319.81,-20340537049.57,5955.72,5813.30,43.44
13208542.00,1087558438676.26,-1035094289968.58,-20321746646.81,5911.47,5834.40,44.76
13634624.00,1090067770591.29,-1032603775930.58,-20302393795.49,5867.16,5855.98,46.08
14060706.00,1092558210757.75,-1030103968514.79,-20282483085.21,5822.79,5878.03,47.38
14486788.00,1095029738117.50,-1027594664665.13,-20262019254.34,5778.38,5900.56,48.67
14912870.00,1097482334154.49,-1025075658904.14,-20241007199.15,5733.93,5923.57,49.95
15338952.00,1099915982980.75,-1022546743250.40,-20219451975.06,5689.45,5947.07,51.22
15765034.00,1102330671487.45,-1020007707150.30,-20197358808.75,5644.93,5971.07,52.48
16191116.00,1104726389450.65,-1017458337422.05,-20174733100.68,5600.40,5995.58,53.72
16617198.00,1107103129669.99,-1014898418177.10,-20151580432.65,5555.85,6020.59,54.95
17043280.00,1109460888120.35,-1012327730781.49,-20127906577.74,5511.30,6046.13,56.17
17469362.00,1111799664070.58,-1009746053782.35,-20103717502.66,5466.75,6072.18,57.37
17895444.00,1114119460267.61,-1007153162861.40,-20079019380.98,5422.21,6098.76,58.56
18321526.00,1116420283070.25,-1004548830790.04,-20053818596.65,5377.70,6125.88,59.73
18747608.00,1118702142627.38,-1001932827369.51,-20028121752.76,5333.20,6153.55,60.89
19173690.00,1120965053060.25,-999304919413.60,-20001935682.36,5288.75,6181.76,62.03
19599772.00,1123209032620.93,-996664870691.81,-19975267451.62,5244.35,6210.54,63.15
20025854.00,1125434103911.90,-994012441912.20,-19948124374.13,5200.00,6239.88,64.26
20451936.00,1127640294052.02,-991347390695.35,-19920514015.15,5155.72,6269.79,65.34
20878018.00,1129827634895.91,-988669471541.60,-19892444201.73,5111.52,6300.28,66.41
21304100.00,1131996163247.35,-985978435841.24,-19863923034.42,5067.42,6331.36,67.46
21730182.00,1134145921061.17,-983274031840.96,-19834958891.66,5023.42,6363.03,68.49
22156264.00,1136276955702.73,-980556004664.30,-19805560445.03,4979.53,6395.31,69.50
22582346.00,1138389320153.29,-977824096313.29,-19775736664.20,4935.78,6428.19,70.49
23008428.00,1140483073274.95,-975078045676.92,-19745496827.88,4892.18,6461.69,71.45
23434510.00,1142558280057.40,-972317588578.91,-19714850536.31,4848.73,6495.81,72.40
23860592.00,1144615011867.39,-969542457780.60,-19683807716.73,4805.46,6530.57,73.31
24286674.00,1146653346746.86,-966752383051.13,-19652378639.48,4762.38,6565.96,74.21
24712756.00,1148673369660.73,-963947091206.65,-19620573923.89,4719.51,6602.00,75.08
25138838.00,1150675172811.69,-961126306173.79,-19588404550.12,4676.86,6638.69,75.92
25564920.00,1152658855925.52,-958289749089.64,-19555881872.06,4634.46,6676.03,76.74
25991002.00,1154624526552.57,-955437138360.72,-19523017623.30,4592.31,6714.04,77.52
26417084.00,1156572300403.99,-952568189800.47,-19489823933.55,4550.45,6752.72,78.28
26843166.00,1158502301644.40,-949682616723.69,-19456313335.11,4508.89,6792.08,79.01
27269248.00,1160414663253.47,-946780130085.01,-19422498775.22,4467.66,6832.11,79.71
27695330.00,1162309527349.12,-943860438646.43,-19388393629.34,4426.77,6872.84,80.37
28121412.00,1164187045543.73,-940923249114.00,-19354011707.60,4386.24,6914.25,81.01
28547494.00,1166047379318.54,-937968266366.01,-19319367270.97,4346.11,6956.36,81.61
28973576.00,1167890700363.34,-934995193629.27,-19284475037.32,4306.39,6999.16,82.17
29399658.00,1169717190979.79,-932003732722.02,-19249350193.27,4267.11,7042.67,82.70
29825740.00,1171527044437.09,-928993584313.76,-19214008407.05,4228.30,7086.88,83.19
30251822.00,1173320465376.85,-925964448171.25,-19178465834.43,4189.98,7131.80,83.64
30677904.00,1175097670213.93,-922916023502.77,-19142739133.98,4152.19,7177.42,84.05
31103986.00,1176858887519.00,-919848009246.67,-19106845472.33,4114.94,7223.75,84.42
