0.00,977836299369.04,-1118715022998.06,-19564582202.64,-6149.23,11310.54,0.22
426082.00,980832658482.80,-1116201330493.31,-19497051015.14,7706.47,18175.16,-5907.37
852164.00,983496546667.08,-1113640458972.97,-19387702578.18,20231.95,5348.76,-2033.00
1278246.00,986156464308.43,-1110690443021.08,-19462810466.90,3677.36,-6110.19,6615.49
1704328.00,989302679489.34,-1107874293336.51,-19561711743.40,-4345.40,14096.30,-1659.49
2130410.00,992126834248.77,-1105441757902.85,-19411694735.89,18065.17,11568.85,-4619.99
2556492.00,994663502341.63,-1102479968202.03,-19461365015.94,3553.51,-5959.66,6583.99
2982574.00,997858618327.30,-1099715758151.22,-19536153123.49,959.90,17582.17,-4317.85
3408656.00,1000393565994.83,-1097171010691.39,-19378099162.04,18444.21,-644.19,1238.11
3834738.00,1003351888292.49,-1094078734244.77,-19561994784.96,-6387.03,10591.79,452.51
4260820.00,1006106195943.39,-1091659544493.80,-19379003131.66,19854.37,5876.29,-2169.87
4686902.00,1008899522036.38,-1088506289898.73,-19555934296.74,-6954.06,7950.94,1850.29
5112984.00,1011664148826.56,-1086081664571.15,-19372503347.19,19802.92,4774.62,-1615.79
5539066.00,1014542729241.21,-1082935170318.17,-19556723633.11,-5415.58,12623.26,-685.15
5965148.00,1017078704096.72,-1080407738802.87,-19374964446.76,16081.47,-3033.58,2870.58
6391230.00,1020191308247.17,-1077461689574.50,-19500948618.20,4803.59,18253.66,-5310.95
6817312.00,1022573703843.70,-1074525758274.69,-19482634256.69,-1519.12,-3141.78,6232.27
7243394.00,1025518349167.13,-1072002768158.59,-19367566803.01,19373.56,7345.41,-2750.64
7669476.00,1028401221909.27,-1068878796661.14,-19528758126.20,-799.18,16851.53,-3564.09
8095558.00,1030784793605.36,-1066010945786.01,-19470281067.29,-912.61,-3475.03,6297.69
8521640.00,1033638101498.38,-1063449946290.70,-19348602087.73,19244.75,2965.85,-590.37
8947722.00,1036610244223.72,-1060450025798.21,-19459039106.89,8419.96,17878.89,-5771.59
9373804.00,1039160121468.69,-1057348403366.19,-19537308071.35,-6430.21,10398.19,639.37
9799886.00,1041615228970.43,-1054573167011.66,-19436969411.70,1772.90,-4760.02,6440.46
10225968.00,1044394331123.58,-1051918437613.91,-19336998757.56,17573.86,-573.78,1455.89
10652050.00,1047311468771.69,-1049038874132.65,-19369017346.13,16857.66,12371.74,-4665.62
11078132.00,1050085970498.92,-1045980625758.50,-19458223716.81,6287.52,18184.10,-5489.44
11504214.00,1052681162958.35,-1042915105967.56,-19515185509.13,-3476.47,15043.31,-2131.11
11930296.00,1055190082620.34,-1039938633325.88,-19510017545.94,-6910.60,6913.79,2451.63
12356378.00,1057713887478.27,-1037054329157.60,-19461019455.71,-3655.72,-836.91,5594.60
12782460.00,1060299806312.88,-1034209225531.20,-19402109528.13,2758.29,-4894.78,6360.24
13208542.00,1062935005139.77,-1031352483641.07,-19355642992.08,8671.15,-5449.24,5522.53
13634624.00,1065588475641.92,-1028463541211.20,-19326150879.64,12599.19,-4322.06,4245.36
14060706.00,1068235019983.55,-1025539426328.46,-19309582594.15,14634.23,-3065.31,3260.74
14486788.00,1070860208848.08,-1022586541653.15,-19300942381.03,15299.44,-2477.27,2855.23
14912870.00,1073461387185.79,-1019607802724.73,-19297790148.75,14857.83,-2785.68,3093.73
15338952.00,1076039620065.72,-1016600595313.52,-19301695548.11,13172.05,-3844.04,3926.43
15765034.00,1078605909369.36,-1013561574201.63,-19316788362.52,9837.20,-5029.21,5131.72
16191116.00,1081181739369.87,-1010487702709.76,-19347801520.60,4606.80,-5094.56,6152.02
16617198.00,1083795203970.68,-1007393423519.53,-19393839610.45,-1669.63,-2397.74,6032.17
17043280.00,1086468038860.73,-1004317067513.34,-19439959830.35,-6303.09,3854.77,3887.18
17469362.00,1089179154607.50,-1001309085378.29,-19457876536.50,-5935.74,11856.88,-46.31
17895444.00,1091856328553.22,-998395535285.02,-19421903167.34,583.96,17538.06,-4013.10
18321526.00,1094406126562.91,-995532009182.09,-19335131908.35,10638.14,16983.04,-5630.97
18747608.00,1096782397404.05,-992601708999.23,-19246131608.78,18110.13,8686.55,-3022.40
19173690.00,1099086908610.18,-989468182586.89,-19239548052.82,14240.62,-2719.91,3226.21
19599772.00,1101589054026.84,-986171237724.38,-19346850403.85,-1223.38,-2553.41,6060.62
20025854.00,1104360892858.41,-983042791060.20,-19421684811.19,-6073.41,11642.83,117.22
20451936.00,1107019799873.70,-980198882283.85,-19335154711.71,6880.57,18066.51,-5421.48
20878018.00,1109300950694.83,-977296339255.31,-19204029299.31,18287.98,7000.57,-2217.58
21304100.00,1111544701217.61,-973990981973.60,-19258323150.43,6068.56,-4887.68,5836.16
21730182.00,1114282775772.52,-970707927739.80,-19392703156.71,-6697.22,9805.56,1143.89
22156264.00,1116941060305.08,-967887071262.05,-19286992644.74,8996.38,17545.97,-5548.44
22582346.00,1119069818075.62,-964884127658.47,-19166973953.13,16948.17,842.04,1030.39
23008428.00,1121500147486.61,-961413385510.76,-19328109451.37,-4911.13,1256.19,4953.98
23434510.00,1124305565790.21,-958455372290.34,-19310061601.46,3626.38,18212.50,-4842.92
23860592.00,1126446207048.22,-955545487104.67,-19141232190.54,17751.05,3127.43,-212.94
24286674.00,1128817208563.50,-952024793246.44,-19309353918.15,-5301.62,1912.98,4725.97
24712756.00,1131591461542.54,-949114477342.60,-19256172239.37,7070.97,18019.06,-5384.61
25138838.00,1133591119489.69,-946047372956.63,-19130942588.92,13954.99,-2219.63,3098.53
25564920.00,1136235792594.33,-942566821287.34,-19325137169.74,-6301.99,11369.27,361.46
25991002.00,1138663640338.81,-939806650133.49,-19128236788.61,16574.98,11203.36,-3871.81
26417084.00,1140767585971.78,-936286119556.21,-19236005379.16,-2626.31,-1169.96,5734.77
26843166.00,1143558108651.17,-933319860285.13,-19203253920.09,8011.09,17794.86,-5430.37
27269248.00,1145461605462.01,-930094119652.54,-19126732315.78,7810.81,-4407.30,5336.02
27695330.00,1148271403687.67,-926812870275.78,-19246273397.34,774.26,17757.04,-4035.91
28121412.00,1150222000299.21,-923810226631.81,-19066844211.83,13687.32,-2075.54,3108.69
28547494.00,1152922304121.40,-920347216942.79,-19249962365.86,-2589.40,16180.99,-2630.30
28973576.00,1154929412558.42,-917426593371.90,-19037847848.32,15277.82,-484.15,2047.67
29399658.00,1157575535166.21,-913910167421.23,-19232679355.86,-2921.49,15969.74,-2456.96
29825740.00,1159548430676.82,-910964457705.99,-19022797541.94,14255.49,-1412.29,2696.63
30251822.00,1162236932225.55,-907499157005.01,-19197106044.24,-459.02,17380.07,-3593.48
30677904.00,1164099218951.78,-904409860843.46,-19032223965.66,9664.61,-3795.08,4722.37
31103986.00,1166858254818.72,-901128629721.76,-19127429279.83,5517.40,18235.43,-5127.35
