0.00,626544358571.62,-382320150454.00,-3805510543.05,7773.92,14321.85,-0.25
432000.00,629912378376.45,-376127275916.29,-3821886256.58,7819.21,14347.14,-76.63
864000.00,633300094135.67,-369925979659.82,-3871968107.45,7864.99,14360.63,-156.28
1296000.00,636707552375.96,-363721524972.59,-3957112215.55,7910.46,14361.55,-238.93
1728000.00,640134422067.23,-357519502332.87,-4078545277.73,7954.68,14349.16,-324.24
2160000.00,643579935867.72,-351325798967.37,-4237325721.79,7996.57,14322.84,-411.77
2592000.00,647042832961.37,-345146554226.48,-4434302553.40,8034.92,14282.06,-500.99
3024000.00,650521305327.87,-338988099145.36,-4670071964.90,8068.41,14226.45,-591.26
3456000.00,654012951526.54,-332856879907.27,-4944934404.37,8095.63,14155.86,-681.85
3888000.00,657514741492.58,-326759365268.10,-5258853417.90,8115.07,14070.34,-771.93
4320000.00,661022996200.03,-320701939769.85,-5611419148.86,8125.24,13970.24,-860.60
4752000.00,664533384799.33,-314690785448.14,-6001818486.36,8124.64,13856.16,-946.90
5184000.00,668040944171.07,-308731755215.70,-6428814608.20,8111.83,13729.01,-1029.84
5616000.00,671540120272.05,-302830246074.23,-6890739171.88,8085.53,13590.00,-1108.41
6048000.00,675024832813.75,-296991074113.99,-7385496164.20,8044.61,13440.61,-1181.65
6480000.00,678488562283.30,-291218362247.13,-7910581833.09,7988.15,13282.56,-1248.64
6912000.00,681924455110.91,-285515442923.48,-8463117303.36,7915.54,13117.79,-1308.56
7344000.00,685325445131.07,-279884784973.16,-9039895484.67,7826.42,12948.34,-1360.72
7776000.00,688684381259.50,-274327947070.93,-9637438923.55,7720.76,12776.37,-1404.56
8208000.00,691994159439.02,-268845558377.18,-10252065366.57,7598.80,12604.02,-1439.69
8640000.00,695247850058.87,-263437329526.91,-10879958970.26,7461.10,12433.39,-1465.90
9072000.00,698438816370.35,-258102090691.99,-11517242822.80,7308.46,12266.45,-1483.11
9504000.00,701560817489.79,-252837854185.15,-12160049712.67,7141.91,12105.00,-1491.44
9936000.00,704608093895.72,-247641895771.45,-12804587764.57,6962.64,11950.64,-1491.12
10368000.00,707575432631.17,-242510850753.42,-13447198992.39,6771.98,11804.74,-1482.53
10800000.00,710458211145.35,-237440818281.64,-14084408857.02,6571.33,11668.40,-1466.15
11232000.00,713252422826.63,-232427467883.13,-14712966140.15,6362.13,11542.51,-1442.52
11664000.00,715954683516.71,-227466147394.94,-15329872576.84,6145.82,11427.68,-1412.27
12096000.00,718562220768.30,-222551984608.17,-15932402698.43,5923.79,11324.31,-1376.04
12528000.00,721072851501.72,-217679979947.80,-16518115114.48,5697.37,11232.60,-1334.49
12960000.00,723484949618.19,-212845091116.92,-17084855678.08,5467.80,11152.55,-1288.28
13392000.00,725797403815.81,-208042306542.30,-17630753331.64,5236.22,11084.01,-1238.07
13824000.00,728009572957.85,-203266705551.62,-18154211833.79,5003.67,11026.72,-1184.48
14256000.00,730121238846.89,-198513509729.95,-18653896861.88,4771.07,10980.28,-1128.09
14688000.00,732132556309.00,-193778123621.08,-19128719260.69,4539.23,10944.25,-1069.44
15120000.00,734044004894.28,-189056164148.28,-19577817166.76,4308.83,10918.10,-1009.06
15552000.00,735856343632.18,-184343482615.36,-20000537480.49,4080.49,10901.26,-947.39
15984000.00,737570566545.03,-179636179807.96,-20396415377.35,3854.68,10893.16,-884.85
16416000.00,739187861916.82,-174930612950.64,-20765154651.20,3631.83,10893.18,-821.80
16848000.00,740709576025.20,-170223398161.99,-21106609207.00,3412.25,10900.74,-758.58
17280000.00,742137180099.48,-165511409004.66,-21420765075.08,3196.19,10915.23,-695.46
17712000.00,743472240334.14,-160791771511.00,-21707722983.13,2983.86,10936.09,-632.70
18144000.00,744716391631.56,-156061855701.40,-21967682329.37,2775.36,10962.77,-570.51
18576000.00,745871315661.15,-151319265527.52,-22200927451.71,2570.80,10994.72,-509.06
19008000.00,746938721227.71,-146561828452.82,-22407814425.96,2370.22,11031.45,-448.51
19440000.00,747920326911.04,-141787582956.86,-22588758319.18,2173.61,11072.49,-388.98
19872000.00,748817847310.20,-136994765088.71,-22744222679.80,1980.95,11117.39,-330.57
20304000.00,749632981913.69,-132181795573.50,-22874710643.10,1792.21,11165.74,-273.37
20736000.00,750367405548.76,-127347267386.77,-22980756734.49,1607.30,11217.16,-217.43
21168000.00,751022760162.88,-122489932993.10,-23062919010.09,1426.16,11271.29,-162.81
21600000.00,751600648869.21,-117608691448.98,-23121772632.29,1248.67,11327.80,-109.53
22032000.00,752102631830.86,-112702576582.33,-23157904997.27,1074.75,11386.41,-57.63
22464000.00,752530222712.81,-107770746296.25,-23171911281.54,904.27,11446.82,-7.11
22896000.00,752884885789.38,-102812471793.81,-23164389909.34,737.12,11508.80,42.03
23328000.00,753168034567.13,-97827127092.12,-23135939070.51,573.19,11572.12,89.78
23760000.00,753381031312.09,-92814179657.31,-23087154210.84,412.34,11636.57,136.16
24192000.00,753525186946.36,-87773181840.10,-23018625859.77,254.48,11701.96,181.18
24624000.00,753601761329.99,-82703762788.83,-22930937691.34,99.47,11768.13,224.86
25056000.00,753611964038.16,-77605620800.97,-22824664908.20,-52.80,11834.92,267.21
25488000.00,753556955705.49,-72478516289.17,-22700373114.72,-202.44,11902.20,308.27
25920000.00,753437849674.52,-67322265533.28,-22558617641.01,-349.55,11969.84,348.06
26352000.00,753255713624.95,-62136735044.57,-22399943032.57,-494.24,12037.73,386.60
26784000.00,753011571229.06,-56921836147.16,-22224882455.79,-636.62,12105.79,423.92
27216000.00,752706404277.45,-51677519845.64,-22033957367.16,-776.76,12173.91,460.04
27648000.00,752341155007.26,-46403772417.41,-21827677609.03,-914.78,12242.03,495.00
28080000.00,751916728322.92,-41100611490.22,-21606541593.89,-1050.73,12310.08,528.82
28512000.00,751433993981.11,-35768082376.33,-21371036489.37,-1184.72,12377.99,561.52
28944000.00,750893788821.83,-30406254617.71,-21121638434.98,-1316.80,12445.71,593.13
29376000.00,750296919141.99,-25015218773.90,-20858812852.53,-1447.05,12513.20,623.68
29808000.00,749644163247.09,-19595083616.35,-20583014967.83,-1575.53,12580.42,653.19
30240000.00,748936273955.12,-14145973845.77,-20294690538.52,-1702.30,12647.33,681.67
30672000.00,748173980792.56,-8668028030.38,-19994276517.70,-1827.40,12713.91,709.15
31104000.00,747357992132.93,-3161396412.33,-19682201528.11,-1950.88,12780.13,735.65
