0.00,625671111064.18,-393108744144.12,-15811137888.77,5857.60,14481.11,0.06
200000.00,626844836128.90,-390207129147.91,-15809905386.46,5880.09,14535.30,12.41
400000.00,628023185790.37,-387294846982.37,-15806185991.94,5903.85,14587.75,24.93
600000.00,629206410382.24,-384372255407.42,-15799948180.69,5928.85,14638.36,37.60
800000.00,630394753447.29,-381439728900.16,-15791162309.26,5955.04,14687.06,50.41
1000000.00,631588450644.25,-378497658728.98,-15779800804.82,5982.39,14733.77,63.35
1200000.00,632787728685.49,-375546452951.13,-15765838340.58,6010.85,14778.38,76.42
1400000.00,633992804278.39,-372586536311.96,-15749252000.68,6040.37,14820.84,89.59
1600000.00,635203882950.76,-369618350173.13,-15730021477.93,6070.88,14861.04,102.86
1800000.00,636421157807.81,-366642352210.33,-15708129270.60,6102.33,14898.92,116.21
2000000.00,637644808397.47,-363659016051.80,-15683560847.30,6134.64,14934.39,129.62
2200000.00,638874999505.76,-360668830839.06,-15656304829.35,6167.73,14967.37,143.08
2400000.00,640111879938.03,-357672300690.49,-15626353169.77,6201.52,14997.80,156.57
2600000.00,641355581248.42,-354669944018.90,-15593701340.42,6235.93,15025.60,170.08
2800000.00,642606216573.23,-351662292692.66,-15558348486.38,6270.85,15050.71,183.58
3000000.00,643863879519.12,-348649891128.99,-15520297565.91,6306.19,15073.07,197.06
3200000.00,645128643079.67,-345633295291.46,-15479555482.45,6341.84,15092.62,210.49
3400000.00,646400558510.83,-342613071590.83,-15436133227.81,6377.69,15109.31,223.85
3600000.00,647679654259.07,-339589795541.27,-15390046013.31,6413.63,15123.10,237.13
3800000.00,648965935193.61,-336564050347.99,-15341313325.45,6449.52,15133.97,250.30
4000000.00,650259381848.86,-333536425530.51,-15289958982.42,6485.26,15141.87,263.35
4200000.00,651559949606.80,-330507515379.98,-15236011211.05,6520.71,15146.79,276.23
4400000.00,652867568077.50,-327477917214.02,-15179502683.41,6555.74,15148.72,288.95
4600000.00,654182140801.62,-324448229651.77,-15120470480.49,6590.23,15147.65,301.46
4800000.00,655503544919.81,-321419050942.77,-15058956069.65,6624.03,15143.60,313.76
5000000.00,656831630906.15,-318390977067.52,-14995005284.39,6657.01,15136.58,325.82
5200000.00,658166222678.56,-315364599864.80,-14928668220.34,6689.05,15126.61,337.62
5400000.00,659507117767.70,-312340505252.63,-14859999121.23,6720.02,15113.73,349.14
5600000.00,660854087557.15,-309319271351.54,-14789056265.61,6749.77,15097.98,360.35
5800000.00,662206877787.23,-306301466605.94,-14715901810.00,6778.19,15079.42,371.25
6000000.00,663565209289.01,-303287648032.85,-14640601589.00,6805.15,15058.10,381.80
6200000.00,664928778790.05,-300278359611.96,-14563224901.72,6830.53,15034.10,392.01
6400000.00,666297259671.38,-297274130624.61,-14483844320.86,6854.22,15007.49,401.84
6600000.00,667670303015.60,-294275473914.73,-14402535471.21,6876.12,14978.37,411.28
6800000.00,669047539033.10,-291282884497.49,-14319376731.04,6896.12,14946.81,420.33
7000000.00,670428578397.19,-288296838420.48,-14234448942.06,6914.12,14912.93,428.97
7200000.00,671813013503.86,-285317791567.22,-14147835149.90,6930.04,14876.82,437.18
7400000.00,673200419895.55,-282346178494.83,-14059620332.32,6943.80,14838.59,444.97
7600000.00,674590357873.67,-279382411466.75,-13969891102.16,6955.32,14798.36,452.32
7800000.00,675982374210.17,-276426879736.55,-13878735396.07,6964.55,14756.24,459.23
8000000.00,677376003834.23,-273479949065.07,-13786242166.08,6971.42,14712.35,465.69
8200000.00,678770771365.16,-270541961311.53,-13692501098.36,6975.90,14666.81,471.70
8400000.00,680166192651.67,-267613233949.91,-13597602353.20,6977.93,14619.75,477.26
8600000.00,681561776547.71,-264694059821.36,-13501636281.80,6977.49,14571.28,482.37
8800000.00,682957026650.94,-261784707253.23,-13404693138.37,6974.56,14521.54,487.03
9000000.00,684351442831.40,-258885420259.80,-13306862823.50,6969.13,14470.64,491.24
9200000.00,685744522680.68,-255996418734.25,-13208234652.26,6961.17,14418.70,495.01
9400000.00,687135762964.53,-253117898728.75,-13108897132.98,6950.71,14365.83,498.33
9600000.00,688524661053.52,-250250032884.51,-13008937755.68,6937.73,14312.16,501.22
9800000.00,689910716275.57,-247392971004.60,-12908442794.79,6922.25,14257.80,503.68
