0.00,2196657314715.36,1972252970669.59,-21008351653.53,-881.58,4497.57,-0.05
426082.00,2194624072603.39,1974259665283.10,-21079514842.10,-5859.12,5615.04,2621.35
852164.00,2192683888414.31,1976303132637.94,-20999897613.62,-2067.62,4784.65,721.76
1278246.00,2190754756711.61,1978322776238.57,-20990754551.78,-953.40,4390.78,-326.48
1704328.00,2188735023727.90,1980345012763.91,-20986841219.12,-2156.48,4738.96,580.15
2130410.00,2186709603742.53,1982348188908.36,-21041264126.87,-5041.14,5362.54,2025.62
2556492.00,2184969531569.99,1984347808641.54,-21036045819.23,1747.18,2713.27,-5275.17
2982574.00,2182746307485.30,1986374671955.35,-21042800633.91,-5405.22,5374.64,2014.86
3408656.00,2180792178913.93,1988406251489.61,-20965930498.67,-2789.27,4797.35,694.58
3834738.00,2178882967749.60,1990412701295.31,-20956167435.78,-1323.80,4326.42,-531.43
4260820.00,2176924196189.26,1992417498681.61,-20956465467.31,-936.45,4157.42,-992.74
4686902.00,2174887170981.35,1994430123604.61,-20941637366.01,-1773.23,4427.02,-265.52
5112984.00,2172815048281.53,1996437260813.87,-20946396049.91,-3300.93,4836.96,773.98
5539066.00,2170799321880.22,1998418508966.88,-21018166783.98,-5496.89,5267.83,1731.65
5965148.00,2169149844566.36,2000349826806.23,-21166931148.04,-20363.27,3605.44,-7189.34
6391230.00,2166823026485.55,2002441928154.30,-20925191258.37,-3326.94,4785.59,643.88
6817312.00,2164930045284.19,2004370925324.49,-21123521633.10,-8749.02,5616.49,2206.23
7243394.00,2162806615447.03,2006434729788.07,-20916654140.82,-3579.66,4812.34,707.68
7669476.00,2161165577941.04,2008367897325.75,-21030242099.71,1438.44,2356.63,-6347.98
8095558.00,2158785898443.81,2010390729725.78,-21005046453.66,-5807.60,5223.61,1608.58
8521640.00,2156782018316.87,2012411401311.34,-20894894158.06,-3602.03,4769.76,608.01
8947722.00,2154930188493.12,2014388008002.56,-20890745701.43,-1698.32,4202.21,-841.33
9373804.00,2153210059079.27,2016286784588.11,-21110129384.86,-3015.38,-486.89,-16804.93
9799886.00,2150862670265.57,2018295502105.90,-21097592735.00,-8083.50,5465.46,1964.04
10225968.00,2148753719857.28,2020303152623.88,-21027626104.28,-6574.02,5273.42,1680.87
10652050.00,2146699986608.32,2022295672203.36,-20988885946.91,-5993.66,5174.50,1497.98
11078132.00,2144669204418.84,2024277311537.44,-20974483354.72,-5845.01,5138.55,1427.57
11504214.00,2142654623433.94,2026249144112.77,-20982355935.71,-6030.65,5156.63,1461.92
11930296.00,2140666259565.79,2028209643395.82,-21015326053.76,-6593.17,5229.50,1593.84
12356378.00,2138738106107.03,2030154228349.99,-21080981810.68,-7883.48,5377.71,1812.33
12782460.00,2137026886225.84,2032074172251.10,-21172884897.53,-16716.61,5159.70,-907.89
13208542.00,2134789153043.75,2034151051160.72,-20852769572.17,-1606.18,4017.03,-1279.16
13634624.00,2132548742131.33,2036146721695.73,-20797959186.05,-3216.54,4511.23,23.69
14060706.00,2130412067635.74,2038106401922.33,-20833053375.29,-4501.08,4807.13,737.43
14486788.00,2128430487865.60,2040027077838.11,-20956453897.51,-6112.64,5093.84,1346.15
14912870.00,2126932091155.19,2041887699569.87,-21163987192.66,-19353.11,4238.86,-4505.84
15338952.00,2124427789304.91,2043994221312.05,-20770901163.43,-3028.60,4413.41,-196.04
15765034.00,2122231483859.78,2045943311078.08,-20827392112.43,-4853.54,4837.98,825.26
16191116.00,2120437119549.95,2047808532723.06,-21066096643.45,-7898.33,5291.57,1666.39
16617198.00,2118342823699.35,2049855385913.90,-20758640725.03,-2767.80,4304.75,-451.48
17043280.00,2116077782082.66,2051803503013.85,-20813260068.18,-4959.93,4829.56,821.65
17469362.00,2114494675587.59,2053621724740.42,-21140363070.21,-10413.37,5450.50,1675.02
17895444.00,2112045719781.32,2055719428468.87,-20722666335.92,-3696.06,4527.16,130.15
18321526.00,2110000314071.21,2057602691756.16,-20923450031.26,-6218.59,5025.19,1238.66
18747608.00,2108122596632.10,2059588665600.77,-20735679709.92,-2638.82,4212.38,-649.64
19173690.00,2105790505654.50,2061525478135.26,-20808638271.89,-5290.72,4846.98,886.25
19599772.00,2104208925770.09,2063431426882.04,-20807266011.60,-1571.97,3820.18,-1686.11
20025854.00,2101643213658.46,2065418563285.27,-20751099315.07,-4908.33,4754.21,695.63
20451936.00,2100208577553.16,2067275103771.28,-20867619144.67,-793.74,3457.07,-2690.85
20878018.00,2097500457805.05,2069292692242.05,-20728026375.88,-4852.07,4725.01,643.54
21304100.00,2096037665051.23,2071151389434.29,-20829762264.21,-1200.19,3621.92,-2199.12
21730182.00,2093352785885.37,2073149909557.14,-20734679893.95,-5067.28,4751.21,715.05
22156264.00,2091722519988.81,2075048546562.86,-20726911969.74,-2253.93,4006.88,-1118.31
22582346.00,2089229461017.99,2076984620744.03,-20783067998.16,-5560.79,4828.19,893.25
23008428.00,2087351002651.39,2078936858842.53,-20638429597.52,-3235.51,4291.39,-356.99
23434510.00,2085211138269.58,2080782753265.96,-20901870504.57,-6526.87,4972.58,1189.50
23860592.00,2083001269873.44,2082797726889.18,-20608703908.99,-4121.53,4502.83,181.72
24286674.00,2081611103998.86,2084507249366.12,-21143752234.32,-11922.43,5362.03,1298.34
24712756.00,2078759319707.84,2086614937230.02,-20672361773.13,-5062.40,4692.17,634.15
25138838.00,2077007577926.76,2088520385837.57,-20620229812.00,-3031.18,4188.10,-573.42
25564920.00,2074781830622.65,2090363148995.98,-20878487164.01,-6526.84,4933.98,1143.04
25991002.00,2072503432907.13,2092375123617.77,-20575691573.57,-4424.97,4531.83,292.50
26417084.00,2071051030373.28,2094190519081.01,-20735515677.59,-1855.82,3767.46,-1663.38
26843166.00,2068362628079.47,2096130212805.44,-20753579299.76,-5838.81,4798.74,896.95
27269248.00,2066251372388.53,2098099727184.25,-20533573875.98,-4161.10,4446.18,115.83
27695330.00,2064946644435.94,2099858702684.26,-20827292441.93,-954.09,3348.64,-2809.36
28121412.00,2062032634619.83,2101847252472.40,-20712000327.04,-5729.79,4756.78,831.32
28547494.00,2059927650123.92,2103805891211.84,-20505665109.16,-4219.24,4436.17,119.09
28973576.00,2058529822080.70,2105584929187.53,-20732152138.17,-1755.87,3672.99,-1856.77
29399658.00,2055762815495.50,2107519201240.83,-20743683826.12,-6017.72,4784.93,910.04
29825740.00,2053535829014.25,2109493044750.59,-20492897281.14,-4548.45,4488.91,270.74
30251822.00,2051900362663.47,2111329283427.54,-20560738483.94,-2951.06,4062.13,-776.80
30677904.00,2049646470704.47,2113130559954.94,-20879086492.34,-6909.53,4903.09,1152.62
31103986.00,2047150829991.39,2115144821272.83,-20532810498.88,-5102.91,4584.87,515.85
