0.00,977638858153.87,-1118832946105.82,-19488831178.30,1628.78,-7524.79,158.71
424800.00,980685834917.71,-1115275457167.13,-19511331813.33,2084.77,9174.67,-599.17
849600.00,983502595220.83,-1113833524761.45,-19453523461.55,19085.61,8678.65,1128.84
1274400.00,985956441062.85,-1109101943330.48,-19589534759.43,3564.76,7044.47,-342.44
1699200.00,987923298831.71,-1107074841556.60,-19642499057.88,6290.46,2705.64,142.67
2124000.00,992655137941.65,-1104992140073.82,-19420200874.18,8336.41,15206.43,-252.81
2548800.00,994755416043.09,-1100277398810.15,-19586994623.99,4231.59,8679.89,-345.76
2973600.00,996620093335.78,-1097106277178.20,-19701624328.98,4639.99,6443.81,-194.01
3398400.00,998752747508.85,-1094716427811.04,-19750468719.54,5475.63,4840.45,-30.03
3823200.00,1001371166809.40,-1092992080398.14,-19717319657.10,7075.59,3235.25,210.52
4248000.00,1005376845812.31,-1091941138946.61,-19511708979.18,14639.52,2974.82,982.80
4672800.00,1009486883359.31,-1086866499642.79,-19487930161.31,5194.92,11234.26,-356.95
5097600.00,1011566397885.39,-1082639506510.93,-19625465024.09,4787.92,9011.55,-287.87
5522400.00,1013612559168.39,-1079062783712.45,-19733806954.34,4870.44,7911.82,-223.74
5947200.00,1015715621177.06,-1075869341403.23,-19816750547.01,5039.81,7155.96,-167.44
6372000.00,1017899760537.39,-1072961381733.01,-19876572681.58,5250.18,6549.44,-114.20
6796800.00,1020181468479.76,-1070294567232.32,-19913750814.41,5500.78,6011.29,-60.22
7221600.00,1022580782921.78,-1067850509845.73,-19927162140.69,5808.27,5493.98,-1.55
7646400.00,1025128964025.17,-1065628839023.50,-19913695886.05,6211.19,4957.15,67.61
8071200.00,1027882823524.62,-1063647943031.62,-19866787372.03,6800.59,4349.61,158.82
8496000.00,1030968968533.91,-1061954592487.37,-19771522773.38,7862.89,3583.01,304.99
8920800.00,1034839866624.22,-1060631146409.18,-19578680410.16,11302.80,2747.28,692.28
9345600.00,1039924069830.12,-1056477240398.28,-19399407974.63,6511.06,13120.95,-282.62
9770400.00,1042316003699.66,-1051570133061.09,-19524263725.15,5249.37,10525.45,-281.26
10195200.00,1044506109025.51,-1047333170687.46,-19635826898.32,5103.29,9526.42,-244.82
10620000.00,1046669042098.15,-1043419916822.49,-19733256878.63,5089.63,8936.52,-214.79
11044800.00,1048834993791.32,-1039715436789.60,-19819054655.37,5111.12,8523.84,-189.75
11469600.00,1051013100387.06,-1036164105151.70,-19894976973.78,5144.97,8207.27,-168.09
11894400.00,1053206815621.09,-1032733841427.75,-19962217313.09,5183.94,7949.72,-148.74
12319200.00,1055417658260.62,-1029404180561.43,-20021604848.23,5225.36,7731.28,-131.03
12744000.00,1057646427790.15,-1026161205418.73,-20073726369.39,5268.26,7540.14,-114.47
13168800.00,1059893689809.38,-1022995046068.94,-20118997530.03,5312.43,7368.65,-98.73
13593600.00,1062159994002.32,-1019898533360.74,-20157706058.86,5357.96,7211.55,-83.54
14018400.00,1064445982364.69,-1016866408055.90,-20190039027.45,5405.17,7064.99,-68.68
14443200.00,1066752457862.42,-1013894832235.22,-20216099390.57,5454.51,6926.07,-53.98
14868000.00,1069080442838.66,-1010981083971.03,-20235914833.45,5506.56,6792.39,-39.25
15292800.00,1071431233820.26,-1008123370304.16,-20249441422.08,5562.02,6661.95,-24.34
15717600.00,1073806464077.67,-1005320708528.04,-20256562912.60,5621.80,6532.91,-9.06
16142400.00,1076208192561.08,-1002572871639.03,-20257084542.39,5687.01,6403.53,6.77
16567200.00,1078639021334.44,-999880389719.80,-20250721473.70,5759.10,6271.97,23.40
16992000.00,1081102259464.55,-997244599845.42,-20237080182.68,5839.99,6136.25,41.10
17416800.00,1083602165491.48,-994667753266.44,-20215629208.01,5932.29,5994.01,60.24
17841600.00,1086144325623.98,-992153207652.46,-20185652479.46,6039.72,5842.34,81.34
18266400.00,1088736254858.07,-989705752266.35,-20146174350.75,6167.80,5677.35,105.13
18691200.00,1091388405817.98,-987332126097.51,-20095834466.48,6325.17,5493.60,132.73
19116000.00,1094116030100.04,-985041896836.54,-20032660766.99,6526.48,5282.93,165.97
19540800.00,1096942935456.82,-982849065087.05,-19953620806.53,6799.13,5032.06,208.21
19965600.00,1099910183843.91,-980775178703.39,-19853612446.53,7202.34,4717.45,266.45
20390400.00,1103101224893.76,-978855854447.83,-19722666631.79,7899.45,4293.69,359.00
20815200.00,1106751769991.23,-977150915294.27,-19534612302.55,9633.47,3713.92,561.45
21240000.00,1112146701214.22,-974485044876.07,-19220001799.18,11147.27,15620.40,133.22
21664800.00,1115033838990.62,-968709510133.20,-19303178208.15,5508.54,12136.77,-250.17
22089600.00,1117272895589.94,-963824492427.59,-19405560002.58,5124.36,11016.05,-230.33
22514400.00,1119422188197.70,-959275148257.77,-19499112189.37,5012.26,10450.85,-210.73
22939200.00,1121540051861.80,-954916157511.76,-19585161669.00,4964.43,10093.63,-194.91
23364000.00,1123643130858.91,-950684549293.53,-19665133381.36,4939.29,9841.28,-181.96
23788800.00,1125737836043.41,-946546017276.70,-19740064275.05,4923.77,9650.81,-171.07
24213600.00,1127827006639.64,-942479320393.57,-19810706728.39,4912.70,9500.59,-161.70
24638400.00,1129911974320.82,-938470174606.24,-19877622842.88,4903.73,9378.39,-153.48
25063200.00,1131993357993.37,-934508394761.80,-19941245211.26,4895.70,9276.66,-146.16
25488000.00,1134071415279.20,-930586399444.65,-20001915150.99,4888.00,9190.46,-139.56
25912800.00,1136146210237.02,-926698355862.72,-20059907919.28,4880.30,9116.38,-133.54
26337600.00,1138217700142.15,-922839656204.79,-20115449688.43,4872.41,9051.99,-128.01
26762400.00,1140285783083.66,-919006580824.93,-20168729258.20,4864.24,8995.51,-122.88
27187200.00,1142350325050.24,-915196072542.63,-20219906369.28,4855.73,8945.57,-118.10
27612000.00,1144411175975.83,-911405580229.51,-20269117731.13,4846.86,8901.13,-113.62
28036800.00,1146468179355.26,-907632948030.04,-20316481480.78,4837.62,8861.37,-109.40
28461600.00,1148521177311.25,-903876333895.45,-20362100658.18,4828.00,8825.63,-105.40
28886400.00,1150570013971.96,-900134148062.73,-20406065852.21,4818.03,8793.38,-101.61
29311200.00,1152614537708.49,-896405006900.05,-20448457227.61,4807.70,8764.16,-97.99
29736000.00,1154654602206.99,-892687697372.23,-20489346158.82,4797.03,8737.62,-94.53
30160800.00,1156690066890.82,-888981149002.98,-20528796557.18,4786.04,8713.46,-91.22
30585600.00,1158720797037.89,-885284411466.91,-20566865949.52,4774.74,8691.40,-88.03
31010400.00,1160746663730.30,-881596636506.57,-20603606362.02,4763.15,8671.23,-84.96
