0.00,657292278511.41,-395516507641.25,-5302388060.84,4177.47,10413.47,-0.13
200000.00,658118901678.73,-393427896099.56,-5304989503.20,4087.86,10473.60,-26.29
400000.00,658927598809.53,-391327048788.98,-5312908190.30,3998.22,10535.87,-53.31
600000.00,659718373815.41,-389213527631.84,-5326317843.78,3908.65,10600.37,-81.21
800000.00,660491248336.43,-387086876400.15,-5345394811.95,3819.23,10667.20,-110.00
1000000.00,661246263520.29,-384946620546.24,-5370317717.85,3730.08,10736.46,-139.68
1200000.00,661983481956.27,-382792267156.88,-5401267004.74,3641.29,10808.22,-170.27
1400000.00,662702989771.93,-380623304995.80,-5438424402.94,3553.00,10882.59,-201.77
1600000.00,663404898816.32,-378439204828.22,-5481972247.11,3465.33,10959.64,-234.18
1800000.00,664089348891.50,-376239419754.59,-5532092842.75,3378.44,11039.48,-267.51
2000000.00,664756510221.27,-374023385800.89,-5588967617.38,3292.48,11122.17,-301.73
2200000.00,665406585965.17,-371790522767.75,-5652776174.02,3207.63,11207.81,-336.85
2400000.00,666039814804.89,-369540235330.78,-5723695231.19,3124.06,11296.46,-372.84
2600000.00,666656473578.46,-367271914409.17,-5801897448.91,3041.97,11388.19,-409.69
2800000.00,667256879965.97,-364984938810.88,-5887550148.57,2961.59,11483.05,-447.35
3000000.00,667841395253.41,-362678677262.71,-5980813842.61,2883.12,11581.08,-485.80
3200000.00,668410427038.98,-360352490903.05,-6081840580.80,2806.81,11682.33,-524.98
3400000.00,668964431747.76,-358005736185.48,-6190772202.05,2732.92,11786.80,-564.84
3600000.00,669503917047.79,-355637768041.63,-6307738572.39,2661.69,11894.49,-605.32
3800000.00,670029444267.45,-353247943623.94,-6432855529.72,2593.41,12005.39,-646.34
4000000.00,670541630398.13,-350835626706.66,-6566222620.03,2528.36,12119.44,-687.81
4200000.00,671041149641.65,-348400192428.12,-6707920887.45,2466.83,12236.58,-729.64
4400000.00,671528734647.43,-345941032435.59,-6858010622.49,2409.11,12356.71,-771.71
4600000.00,672005177314.44,-343457560658.05,-7016528917.14,2355.49,12479.70,-813.90
4800000.00,672471328826.31,-340949219598.54,-7183487162.93,2306.29,12605.40,-856.09
5000000.00,672928098938.79,-338415486874.32,-7358868689.21,2261.77,12733.61,-898.11
5200000.00,673376454593.22,-335855882130.64,-7542626439.36,2222.24,12864.10,-939.82
5400000.00,673817417544.67,-333269974350.21,-7734680662.62,2187.94,12996.61,-981.04
5600000.00,674252060931.67,-330657389143.26,-7934916912.33,2159.14,13130.84,-1021.60
5800000.00,674681504945.08,-328017816034.80,-8143184314.55,2136.04,13266.45,-1061.31
6000000.00,675106911419.52,-325351015767.42,-8359294058.62,2118.85,13403.06,-1099.98
6200000.00,675529477149.30,-322656827362.99,-8583018222.27,2107.72,13540.26,-1137.41
6400000.00,675950426033.24,-319935174391.75,-8814089205.34,2102.76,13677.63,-1173.40
6600000.00,676371000533.77,-317186070325.45,-9052199821.01,2104.04,13814.69,-1207.76
6800000.00,676792452437.49,-314409623466.01,-9297003742.96,2111.59,13950.97,-1240.29
7000000.00,677216032286.13,-311606041177.86,-9548116314.43,2125.37,14085.95,-1270.79
7200000.00,677642978006.22,-308775632170.73,-9805116299.12,2145.29,14219.13,-1299.11
7400000.00,678074503766.32,-305918807156.05,-10067548452.70,2171.21,14350.00,-1325.07
7600000.00,678511788781.81,-303036078451.77,-10334926527.58,2202.91,14478.06,-1348.52
7800000.00,678955965983.98,-300128058245.59,-10606736743.82,2240.14,14602.80,-1369.34
8000000.00,679408110861.17,-297195455206.44,-10882441782.74,2282.58,14723.77,-1387.43
8200000.00,679869231019.98,-294239069226.04,-11161485306.17,2329.87,14840.52,-1402.69
8400000.00,680340257086.54,-291259784533.29,-11443296879.12,2381.61,14952.65,-1415.07
8600000.00,680822034941.82,-288258561919.80,-11727297039.30,2437.35,15059.79,-1424.54
8800000.00,681315318822.24,-285236430248.37,-12012902362.92,2496.63,15161.64,-1431.09
9000000.00,681820765701.74,-282194476708.01,-12299530555.20,2558.93,15257.92,-1434.75
9200000.00,682338931585.42,-279133836201.46,-12586605459.25,2623.75,15348.42,-1435.54
9400000.00,682870269573.42,-276055680411.36,-12873561806.12,2690.58,15432.99,-1433.54
9600000.00,683415129591.45,-272961206915.33,-13159849589.12,2758.90,15511.52,-1428.84
9800000.00,683973759490.95,-269851628596.55,-13444937991.30,2828.21,15583.97,-1421.54
