0.00,966339095711.34,-1115265871540.83,-22841946923.70,6452.14,4841.22,0.01
432000.00,969143864394.90,-1113176427637.98,-22835638151.61,6533.39,4832.96,29.30
864000.00,971984326875.41,-1111089457974.17,-22816565108.65,6617.39,4829.81,59.10
1296000.00,974861669678.19,-1109002697500.09,-22784513174.69,6704.13,4832.04,89.38
1728000.00,977777072662.32,-1106913756719.72,-22739276500.21,6793.59,4839.96,120.13
2160000.00,980731704626.95,-1104820102320.86,-22680660310.05,6885.74,4853.93,151.32
2592000.00,983726717411.59,-1102719036360.76,-22608483534.12,6980.53,4874.35,182.91
3024000.00,986763236072.03,-1100607673303.62,-22522582860.64,7077.89,4901.69,214.85
3456000.00,989842346480.88,-1098482914132.35,-22422817501.89,7177.70,4936.46,247.09
3888000.00,992965078697.01,-1096341418720.94,-22309075226.01,7279.81,4979.28,279.54
4320000.00,996132383830.70,-1094179575624.52,-22181280528.59,7384.01,5030.79,312.13
4752000.00,999345105702.64,-1091993469053.19,-22039404112.89,7490.02,5091.74,344.71
5184000.00,1002603943827.45,-1089778844793.05,-21883475017.11,7597.44,5162.96,377.16
5616000.00,1005909405156.73,-1087531074575.31,-21713596015.74,7705.77,5245.36,409.26
6048000.00,1009261744911.57,-1085245120106.63,-21529961791.48,7814.34,5339.92,440.79
6480000.00,1012660891810.25,-1082915500487.63,-21332881560.97,7922.31,5447.70,471.46
6912000.00,1016106354098.92,-1080536264304.65,-21122806698.52,8028.56,5569.82,500.89
7344000.00,1019597105937.96,-1078100971240.04,-20900363122.27,8131.72,5707.42,528.64
7776000.00,1023131449812.30,-1075602692009.46,-20666389742.39,8230.05,5861.61,554.16
8208000.00,1026706851517.95,-1073034033399.07,-20421982942.10,8321.41,6033.41,576.82
8640000.00,1030319750702.12,-1070387200600.58,-20168545703.03,8403.17,6223.65,595.83
9072000.00,1033965350505.30,-1067654114540.88,-19907840022.50,8472.23,6432.78,610.31
9504000.00,1037637392199.74,-1064826600795.34,-19642039417.10,8524.93,6660.75,619.24
9936000.00,1041327936270.84,-1061896668106.98,-19373774754.05,8557.16,6906.74,621.52
10368000.00,1045027181082.27,-1058856893520.58,-19106164341.31,8564.44,7168.88,616.02
10800000.00,1048723356847.42,-1055700924382.70,-18842816619.79,8542.18,7444.04,601.61
11232000.00,1052402752716.19,-1052424082440.43,-18587790212.68,8486.06,7727.58,577.35
11664000.00,1056049937322.28,-1049024027922.39,-18345497248.93,8392.54,8013.30,542.58
12096000.00,1059648222182.34,-1045501417882.30,-18120539552.30,8259.45,8293.59,497.10
12528000.00,1063180385600.56,-1041860442089.41,-17917478619.59,8086.56,8559.80,441.32
12960000.00,1066629617936.22,-1038109107962.16,-17740557328.61,7876.07,8803.03,376.32
13392000.00,1069980595770.14,-1034259168265.94,-17593405473.78,7632.65,9015.02,303.84
13824000.00,1073220519477.08,-1030325639607.78,-17478776868.45,7363.22,9189.06,226.16
14256000.00,1076339939572.28,-1026325952181.75,-17398364319.37,7076.25,9320.79,145.87
14688000.00,1079333232178.75,-1022278846968.31,-17352726739.36,6780.81,9408.52,65.59
15120000.00,1082198665443.26,-1018203213752.22,-17341332649.16,6485.70,9453.20,-12.29
15552000.00,1084938092421.55,-1014117045537.75,-17362700792.06,6198.61,9457.94,-85.80
15984000.00,1087556361209.87,-1010036637802.50,-17414607262.11,5925.67,9427.38,-153.47
16416000.00,1090060590352.35,-1005976086505.39,-17494313823.75,5671.24,9366.94,-214.39
16848000.00,1092459429120.09,-1001947071021.68,-17598784917.35,5438.09,9282.30,-268.08
17280000.00,1094762392479.24,-997958872783.08,-17724871667.61,5227.50,9178.83,-314.47
17712000.00,1096979314692.20,-994018549402.09,-17869454837.17,5039.72,9061.40,-353.76
18144000.00,1099119938705.72,-990131198949.17,-18029545014.15,4874.13,8934.22,-386.33
18576000.00,1101193635391.57,-986300256317.13,-18202344655.66,4729.66,8800.78,-412.68
19008000.00,1103209225386.16,-982527791648.78,-18385282029.83,4604.88,8663.91,-433.36
19440000.00,1105174883914.19,-978814782919.00,-18576023197.54,4498.24,8525.85,-448.90
19872000.00,1107098102536.04,-975161352697.73,-18772469896.71,4408.14,8388.33,-459.86
20304000.00,1108985694221.91,-971566967611.78,-18972747635.91,4333.05,8252.68,-466.72
20736000.00,1110843822250.16,-968030601765.13,-19175188983.28,4271.51,8119.87,-469.94
21168000.00,1112678043860.46,-964550869252.16,-19378314465.97,4222.17,7990.59,-469.95
21600000.00,1114493361075.70,-961126125707.73,-19580812885.78,4183.80,7865.36,-467.10
22032000.00,1116294274776.62,-957754549076.53,-19781522100.47,4155.31,7744.49,-461.71
22464000.00,1118084838204.99,-954434200510.42,-19979410986.94,4135.73,7628.22,-454.08
22896000.00,1119868706227.31,-951163071999.50,-20173563120.93,4124.18,7516.64,-444.45
23328000.00,1121649182134.69,-947939119757.44,-20363162011.21,4119.91,7409.81,-433.04
23760000.00,1123429259884.82,-944760289350.46,-20547478018.31,4122.24,7307.74,-420.02
24192000.00,1125211663108.33,-941624533924.44,-20725856659.33,4130.59,7210.39,-405.57
24624000.00,1126998878261.42,-938529826754.21,-20897708570.49,4144.44,7117.69,-389.83
25056000.00,1128793185380.30,-935474168875.15,-21062500623.86,4163.35,7029.59,-372.91
25488000.00,1130596684738.17,-932455592830.22,-21219748375.58,4186.94,6946.01,-354.91
25920000.00,1132411321355.62,-929472165611.95,-21369009123.93,4214.86,6866.86,-335.94
26352000.00,1134238905238.90,-926521988332.68,-21509876210.65,4246.84,6792.06,-316.07
26784000.00,1136081130073.57,-923603194685.96,-21641973915.99,4282.61,6721.55,-295.35
27216000.00,1137939589468.34,-920713947031.60,-21764953285.25,4321.97,6655.27,-273.86
27648000.00,1139815791977.80,-917852433693.01,-21878488017.05,4364.73,6593.15,-251.64
28080000.00,1141711173377.20,-915016863835.73,-21982271312.45,4410.74,6535.15,-228.72
28512000.00,1143627107823.79,-912205462234.86,-22076013054.00,4459.86,6481.25,-205.15
28944000.00,1145564917918.95,-909416462323.52,-22159437545.08,4512.00,6431.44,-180.96
29376000.00,1147525883987.62,-906648100717.02,-22232281086.85,4567.05,6385.71,-156.17
29808000.00,1149511251572.18,-903898609680.31,-22294290323.70,4624.96,6344.08,-130.80
30240000.00,1151522237867.26,-901166209617.85,-22345220871.18,4685.65,6306.60,-104.88
30672000.00,1153560037794.98,-898449099870.27,-22384836272.49,4749.09,6273.31,-78.42
31104000.00,1155625829555.13,-895745450730.92,-22412906730.56,4815.24,6244.30,-51.44
