0.00,2196726538441.05,1972218404352.99,-21180517369.39,-10081.57,6860.00,6628.69
1200.00,2196714440554.07,1972226636357.41,-21172562945.88,-9122.66,6751.98,7354.08
2400.00,2196703493358.93,1972234738736.82,-21163738049.02,-8117.76,6611.87,7921.30
3600.00,2196693752049.59,1972242672974.99,-21154232483.63,-7089.31,6445.06,8333.99
4800.00,2196685244875.77,1972250407041.34,-21144231697.89,-6058.18,6256.93,8598.05
6000.00,2196677975055.60,1972257915357.08,-21133914035.13,-5043.37,6052.77,8721.69
7200.00,2196671923012.30,1972265178686.81,-21123448012.65,-4061.69,5837.69,8715.16
8400.00,2196667048986.77,1972272183916.82,-21112989825.14,-3127.50,5616.49,8590.48
9600.00,2196663295990.27,1972278923703.57,-21102681247.02,-2252.49,5393.58,8360.98
10800.00,2196660592997.64,1972285395995.66,-21092648065.39,-1445.63,5172.88,8040.79
12000.00,2196658858242.02,1972291603449.00,-21082999119.69,-713.15,4957.76,7644.30
13200.00,2196658002459.12,1972297552766.20,-21073825964.15,-58.77,4751.03,7185.71
14400.00,2196657931938.80,1972303253996.27,-21065203115.25,516.11,4554.86,6678.59
15600.00,2196658551268.30,1972308719831.42,-21057188803.31,1012.02,4370.92,6135.57
16800.00,2196659765687.67,1972313964932.92,-21049826121.09,1431.11,4200.32,5568.06
18000.00,2196661483016.91,1972319005311.66,-21043144451.10,1776.78,4043.72,4986.16
19200.00,2196663615149.07,1972323857780.43,-21037161056.61,2053.32,3901.42,4398.60
20400.00,2196666079132.47,1972328539487.36,-21031882734.37,2265.63,3773.37,3812.74
21600.00,2196668797884.29,1972333067532.71,-21027307445.80,2418.92,3659.28,3234.65
22800.00,2196671700589.40,1972337458665.93,-21023425864.53,2518.54,3558.66,2669.22
24000.00,2196674722842.21,1972341729056.49,-21020222798.21,2569.79,3470.89,2120.28
25200.00,2196677806588.11,1972345894129.18,-21017678460.25,2577.77,3395.27,1590.73
26400.00,2196680899916.01,1972349968454.36,-21015769581.47,2547.36,3331.02,1082.68
27600.00,2196683956746.86,1972353965683.09,-21014470362.16,2483.09,3277.36,597.57
28800.00,2196686936455.01,1972357898518.04,-21013753272.57,2389.16,3233.50,136.30
30000.00,2196689803452.15,1972361778712.07,-21013589714.33,2269.42,3198.65,-300.70
31200.00,2196692526756.45,1972365617087.18,-21013950557.93,2127.34,3172.07,-713.34
32400.00,2196695079563.63,1972369423568.27,-21014806571.83,1966.06,3153.05,-1101.82
33600.00,2196697438831.86,1972373207226.73,-21016128758.98,1788.38,3140.92,-1466.55
34800.00,2196699584888.17,1972376976330.30,-21017888615.07,1596.81,3135.05,-1808.09
36000.00,2196701501061.43,1972380738396.14,-21020058321.86,1393.57,3134.87,-2127.14
37200.00,2196703173344.20,1972384500245.12,-21022610887.15,1180.62,3139.84,-2424.46
38400.00,2196704590084.33,1972388268055.58,-21025520241.43,959.68,3149.47,-2700.88
39600.00,2196705741705.94,1972392047415.56,-21028761299.92,732.29,3163.30,-2957.25
40800.00,2196706620458.72,1972395843372.67,-21032309997.04,499.78,3180.92,-3194.42
42000.00,2196707220193.74,1972399660481.19,-21036143299.47,263.31,3201.97,-3413.25
43200.00,2196707536163.89,1972403502846.09,-21040239202.62,23.90,3226.10,-3614.59
44400.00,2196707564847.04,1972407374163.88,-21044576714.52,-217.55,3253.00,-3799.26
45600.00,2196707303789.56,1972411277760.23,-21049135830.48,-460.27,3282.39,-3968.06
46800.00,2196706751468.41,1972415216624.57,-21053897500.99,-703.58,3314.01,-4121.75
48000.00,2196705907169.81,1972419193441.68,-21058843595.05,-946.91,3347.65,-4261.05
49200.00,2196704770882.64,1972423210620.45,-21063956860.46,-1189.73,3383.08,-4386.68
50400.00,2196703343204.98,1972427270320.09,-21069220882.40,-1431.62,3420.13,-4499.30
51600.00,2196701625262.33,1972431374473.81,-21074620041.29,-1672.19,3458.61,-4599.52
52800.00,2196699618636.07,1972435524810.32,-21080139470.61,-1911.11,3498.39,-4687.95
54000.00,2196697325301.04,1972439722873.25,-21085765015.38,-2148.11,3539.30,-4765.15
55200.00,2196694747571.03,1972443970038.72,-21091483191.52,-2382.93,3581.24,-4831.63
56400.00,2196691888051.41,1972448267531.10,-21097281146.62,-2615.38,3624.09,-4887.90
57600.00,2196688749597.90,1972452616437.34,-21103146622.08,-2845.26,3667.74,-4934.41
58800.00,2196685335280.75,1972457017719.80,-21109067916.94,-3072.44,3712.09,-4971.61
60000.00,2196681648353.75,1972461472227.82,-21115033853.43,-3296.77,3757.07,-4999.91
61200.00,2196677692227.45,1972465980708.14,-21121033744.17,-3518.15,3802.59,-5019.68
62400.00,2196673470445.97,1972470543814.26,-21127057361.17,-3736.48,3848.58,-5031.29
63600.00,2196668986667.20,1972475162114.92,-21133094906.52,-3951.68,3894.99,-5035.07
64800.00,2196664244645.72,1972479836101.58,-21139136984.73,-4163.69,3941.74,-5031.33
66000.00,2196659248218.34,1972484566195.30,-21145174576.69,-4372.44,3988.80,-5020.37
67200.00,2196654001291.78,1972489352752.77,-21151199015.19,-4577.88,4036.10,-5002.46
68400.00,2196648507832.29,1972494196071.85,-21157201961.91,-4779.98,4083.60,-4977.85
69600.00,2196642771857.08,1972499096396.40,-21163175385.84,-4978.69,4131.27,-4946.80
70800.00,2196636797427.19,1972504053920.67,-21169111543.01,-5173.99,4179.06,-4909.51
72000.00,2196630588641.72,1972509068793.24,-21175002957.52,-5365.84,4226.94,-4866.21
73200.00,2196624149633.26,1972514141120.44,-21180842403.77,-5554.22,4274.87,-4817.07
74400.00,2196617484564.42,1972519270969.49,-21186622889.78,-5739.12,4322.83,-4762.29
75600.00,2196610597625.25,1972524458371.20,-21192337641.66,-5920.49,4370.79,-4702.04
76800.00,2196603493031.51,1972529703322.36,-21197980089.02,-6098.34,4418.72,-4636.47
78000.00,2196596175023.75,1972535005787.89,-21203543851.37,-6272.63,4466.60,-4565.73
79200.00,2196588647867.00,1972540365702.64,-21209022725.43,-6443.35,4514.39,-4489.96
80400.00,2196580915851.14,1972545782972.99,-21214410673.21,-6610.47,4562.09,-4409.28
81600.00,2196572983291.76,1972551257478.18,-21219701811.03,-6773.97,4609.66,-4323.82
82800.00,2196564854531.61,1972556789071.44,-21224890399.19,-6933.82,4657.09,-4233.69
84000.00,2196556533942.41,1972562377580.94,-21229970832.41,-7090.01,4704.36,-4139.00
85200.00,2196548025927.20,1972568022810.49,-21234937630.94,-7242.50,4751.44,-4039.83
