0.00,994002260014.28,-1125788018944.41,-26158181925.18,6278.12,4942.92,0.06
432000.00,996702351844.14,-1123644859772.52,-26154569280.42,6222.06,4979.57,16.76
864000.00,999378399118.63,-1121485602596.88,-26143774531.52,6166.81,5017.45,33.30
1296000.00,1002030757651.53,-1119309720651.80,-26125868426.98,6112.40,5056.53,49.68
1728000.00,1004659797531.59,-1117116706803.50,-26100929408.43,6058.87,5096.77,65.86
2160000.00,1007265902049.45,-1114906074010.11,-26069043333.91,6006.23,5138.10,81.83
2592000.00,1009849466483.59,-1112677355571.98,-26030303010.48,5954.53,5180.49,97.59
3024000.00,1012410897022.01,-1110430105364.92,-25984807832.51,5903.77,5223.90,113.10
3456000.00,1014950609734.98,-1108163897962.48,-25932663435.62,5853.99,5268.26,128.37
3888000.00,1017469029483.30,-1105878328879.90,-25873981385.77,5805.20,5313.53,143.37
4320000.00,1019966588752.89,-1103573014476.44,-25808878663.18,5757.42,5359.67,158.09
4752000.00,1022443726743.56,-1101247591956.39,-25737477357.46,5710.67,5406.62,172.52
5184000.00,1024900888316.27,-1098901719229.16,-25659904232.20,5664.95,5454.34,186.66
5616000.00,1027338523170.21,-1096535074848.55,-25576290479.27,5620.28,5502.78,200.48
6048000.00,1029757084795.30,-1094147357908.16,-25486771347.37,5576.65,5551.90,213.99
6480000.00,1032157029500.44,-1091738287652.82,-25391485667.66,5534.09,5601.64,227.18
6912000.00,1034538815730.37,-1089307603213.73,-25290575579.93,5492.60,5651.96,240.03
7344000.00,1036902903137.81,-1086855063336.40,-25184186171.09,5452.16,5702.82,252.54
7776000.00,1039249751923.23,-1084380445953.96,-25072465154.43,5412.79,5754.17,264.71
8208000.00,1041579822119.79,-1081883547961.70,-24955562652.71,5374.49,5805.96,276.53
8640000.00,1043893572781.75,-1079364184786.86,-24833630850.50,5337.25,5858.17,287.99
9072000.00,1046191461298.86,-1076822189811.39,-24706823621.44,5301.06,5910.74,299.09
9504000.00,1048473942956.71,-1074257413888.77,-24575296272.81,5265.92,5963.63,309.84
9936000.00,1050741470340.26,-1071669725044.73,-24439205361.44,5231.83,6016.81,320.22
10368000.00,1052994492749.38,-1069059007806.35,-24298708331.64,5198.78,6070.24,330.24
10800000.00,1055233455865.90,-1066425162817.61,-24153963371.01,5166.75,6123.88,339.88
11232000.00,1057458801234.75,-1063768106415.77,-24005129218.99,5135.74,6177.69,349.16
11664000.00,1059670965782.64,-1061087770055.17,-23852364918.01,5105.73,6231.65,358.08
12096000.00,1061870381441.83,-1058384099678.58,-23695829567.11,5076.72,6285.72,366.62
12528000.00,1064057474930.55,-1055657055136.03,-23535682119.42,5048.69,6339.86,374.80
12960000.00,1066232667564.07,-1052906609852.96,-23372081296.10,5021.63,6394.05,382.61
13392000.00,1068396374808.77,-1050132750293.98,-23205185407.00,4995.52,6448.25,390.05
13824000.00,1070549006167.73,-1047335475303.22,-23035152142.57,4970.35,6502.45,397.13
14256000.00,1072690965035.43,-1044514795796.11,-22862138524.28,4946.11,6556.60,403.85
14688000.00,1074822648442.34,-1041670734281.32,-22686300789.05,4922.79,6610.69,410.20
15120000.00,1076944446874.78,-1038803324305.30,-22507794254.08,4900.35,6664.69,416.20
15552000.00,1079056744171.09,-1035912609897.66,-22326773192.41,4878.80,6718.58,421.84
15984000.00,1081159917498.83,-1032998645056.85,-22143390727.01,4858.12,6772.33,427.13
16416000.00,1083254337398.73,-1030061493371.48,-21957798764.95,4838.28,6825.92,432.07
16848000.00,1085340367702.58,-1027101227785.40,-21770147982.64,4819.28,6879.34,436.66
17280000.00,1087418365362.20,-1024117930011.67,-21580587729.53,4801.09,6932.55,440.91
17712000.00,1089488680607.88,-1021111690049.61,-21389265940.57,4783.71,6985.54,444.81
18144000.00,1091551656952.27,-1018082605994.52,-21196329141.75,4767.12,7038.30,448.38
18576000.00,1093607631140.94,-1015030783661.81,-21001922419.20,4751.30,7090.81,451.62
19008000.00,1095656933171.70,-1011956336167.79,-20806189378.72,4736.23,7143.05,454.52
19440000.00,1097699886363.62,-1008859383529.86,-20609272112.70,4721.91,7195.00,457.10
19872000.00,1099736807465.28,-1005740052303.06,-20411311175.67,4708.31,7246.65,459.35
20304000.00,1101768006799.19,-1002598475279.95,-20212445568.82,4695.42,7297.98,461.28
20736000.00,1103793788400.13,-999434791307.77,-20012812739.06,4683.23,7348.99,462.90
21168000.00,1105814450025.80,-996249145168.11,-19812548597.67,4671.72,7399.65,464.20
21600000.00,1107830283137.80,-993041687169.32,-19611787526.42,4660.88,7449.96,465.20
22032000.00,1109841573175.49,-989812572764.34,-19410662357.18,4650.69,7499.91,465.89
22464000.00,1111848599670.81,-986561962544.69,-19209304391.81,4641.14,7549.48,466.28
22896000.00,1113851636268.28,-983290022053.93,-19007843427.51,4632.22,7598.66,466.36
23328000.00,1115850950826.83,-979996921529.82,-18806407774.28,4623.91,7647.44,466.16
23760000.00,1117846805560.99,-976682835673.05,-18605124273.44,4616.20,7695.81,465.66
24192000.00,1119839457198.30,-973347943456.75,-18404118319.46,4609.08,7743.76,464.87
24624000.00,1121829157145.01,-969992427972.73,-18203513884.29,4602.54,7791.28,463.80
25056000.00,1123816151654.79,-966616476329.97,-18003433540.03,4596.56,7838.37,462.44
25488000.00,1125800681966.05,-963220279623.82,-17803998477.14,4591.13,7885.00,460.81
25920000.00,1127782984352.14,-959804032937.86,-17605328522.13,4586.25,7931.18,458.90
26352000.00,1129763290118.31,-956367935211.85,-17407542177.28,4581.89,7976.90,456.72
26784000.00,1131741825805.16,-952912188942.26,-17210756680.43,4578.06,8022.15,454.27
27216000.00,1133718813445.22,-949437000196.44,-17015088016.02,4574.73,8066.91,451.55
27648000.00,1135694470554.61,-945942578706.23,-16820650924.17,4571.90,8111.18,448.56
28080000.00,1137669010187.57,-942429137767.95,-16627558940.33,4569.56,8154.96,445.32
28512000.00,1139642641062.39,-938896894149.19,-16435924434.95,4567.69,8198.23,441.81
28944000.00,1141615567694.54,-935346068035.80,-16245858649.47,4566.30,8240.98,438.05
29376000.00,1143587990526.15,-931776883009.84,-16057471729.49,4565.36,8283.22,434.04
29808000.00,1145560106048.28,-928189566057.08,-15870872753.72,4564.88,8324.92,429.77
30240000.00,1147532106908.95,-924584347606.25,-15686169755.45,4564.83,8366.09,425.26
30672000.00,1149504181992.58,-920961461603.09,-15503469732.11,4565.22,8406.71,420.50
31104000.00,1151476516441.01,-917321145603.52,-15322878642.82,4566.03,8446.78,415.50
