0.00,958538158331.46,-1119715735357.89,-13746713566.79,6971.25,7623.21,-0.00
7200.00,958588352606.11,-1119660846932.84,-13746714247.84,6971.61,7623.57,-0.19
14400.00,958638549492.63,-1119605955895.92,-13746716291.26,6971.97,7623.94,-0.38
21600.00,958688748991.85,-1119551062249.41,-13746719697.48,6972.33,7624.30,-0.57
28800.00,958738951104.63,-1119496165995.56,-13746724466.92,6972.70,7624.66,-0.76
36000.00,958789155831.83,-1119441267136.66,-13746730600.00,6973.06,7625.02,-0.95
43200.00,958839363174.30,-1119386365674.97,-13746738097.14,6973.42,7625.38,-1.14
50400.00,958889573132.90,-1119331461612.77,-13746746958.77,6973.79,7625.74,-1.33
57600.00,958939785708.47,-1119276554952.32,-13746757185.30,6974.15,7626.11,-1.52
64800.00,958990000901.86,-1119221645695.92,-13746768777.15,6974.51,7626.47,-1.70
72000.00,959040218713.93,-1119166733845.83,-13746781734.75,6974.88,7626.83,-1.89
79200.00,959090439145.54,-1119111819404.34,-13746796058.51,6975.24,7627.19,-2.08
86400.00,959140662197.52,-1119056902373.72,-13746811748.86,6975.61,7627.55,-2.27
93600.00,959190887870.74,-1119001982756.26,-13746828806.22,6975.97,7627.90,-2.46
100800.00,959241116166.03,-1118947060554.24,-13746847231.01,6976.33,7628.26,-2.65
108000.00,959291347084.26,-1118892135769.94,-13746867023.65,6976.70,7628.62,-2.84
115200.00,959341580626.27,-1118837208405.66,-13746888184.56,6977.06,7628.98,-3.03
122400.00,959391816792.90,-1118782278463.67,-13746910714.16,6977.43,7629.34,-3.22
129600.00,959442055585.01,-1118727345946.28,-13746934612.87,6977.79,7629.70,-3.41
136800.00,959492297003.46,-1118672410855.76,-13746959881.12,6978.16,7630.05,-3.60
144000.00,959542541049.07,-1118617473194.41,-13746986519.31,6978.52,7630.41,-3.80
151200.00,959592787722.70,-1118562532964.53,-13747014527.88,6978.89,7630.77,-3.99
158400.00,959643037025.20,-1118507590168.40,-13747043907.24,6979.25,7631.12,-4.18
165600.00,959693288957.42,-1118452644808.33,-13747074657.82,6979.62,7631.48,-4.37
172800.00,959743543520.20,-1118397696886.61,-13747106780.02,6979.98,7631.83,-4.56
180000.00,959793800714.38,-1118342746405.54,-13747140274.28,6980.35,7632.19,-4.75
187200.00,959844060540.81,-1118287793367.43,-13747175141.02,6980.71,7632.54,-4.94
194400.00,959894323000.34,-1118232837774.57,-13747211380.64,6981.08,7632.90,-5.13
201600.00,959944588093.80,-1118177879629.26,-13747248993.58,6981.45,7633.25,-5.32
208800.00,959994855822.06,-1118122918933.82,-13747287980.26,6981.81,7633.61,-5.51
216000.00,960045126185.94,-1118067955690.55,-13747328341.08,6982.18,7633.96,-5.70
223200.00,960095399186.29,-1118012989901.75,-13747370076.48,6982.54,7634.31,-5.89
230400.00,960145674823.95,-1117958021569.74,-13747413186.87,6982.91,7634.67,-6.08
237600.00,960195953099.77,-1117903050696.83,-13747457672.67,6983.28,7635.02,-6.27
244800.00,960246234014.59,-1117848077285.32,-13747503534.30,6983.64,7635.37,-6.47
252000.00,960296517569.25,-1117793101337.53,-13747550772.18,6984.01,7635.72,-6.66
259200.00,960346803764.59,-1117738122855.78,-13747599386.73,6984.38,7636.08,-6.85
266400.00,960397092601.45,-1117683141842.41,-13747649378.37,6984.74,7636.43,-7.04
273600.00,960447384080.67,-1117628158299.67,-13747700747.52,6985.11,7636.78,-7.23
280800.00,960497678203.10,-1117573172229.93,-13747753494.60,6985.48,7637.13,-7.42
288000.00,960547974969.56,-1117518183635.50,-13747807620.02,6985.85,7637.48,-7.61
295200.00,960598274380.91,-1117463192518.69,-13747863124.21,6986.21,7637.83,-7.80
302400.00,960648576437.97,-1117408198881.84,-13747920007.58,6986.58,7638.18,-8.00
309600.00,960698881141.60,-1117353202727.27,-13747978270.56,6986.95,7638.53,-8.19
316800.00,960749188492.61,-1117298204057.30,-13748037913.56,6987.32,7638.88,-8.38
324000.00,960799498491.87,-1117243202874.26,-13748098937.00,6987.68,7639.23,-8.57
331200.00,960849811140.19,-1117188199180.48,-13748161341.30,6988.05,7639.58,-8.76
338400.00,960900126438.42,-1117133192978.30,-13748225126.89,6988.42,7639.92,-8.96
345600.00,960950444387.39,-1117078184270.04,-13748290294.17,6988.79,7640.27,-9.15
352800.00,961000764987.94,-1117023173058.03,-13748356843.57,6989.16,7640.62,-9.34
360000.00,961051088240.91,-1116968159344.61,-13748424775.50,6989.53,7640.97,-9.53
367200.00,961101414147.13,-1116913143132.12,-13748494090.39,6989.89,7641.31,-9.72
374400.00,961151742707.43,-1116858124422.90,-13748564788.65,6990.26,7641.66,-9.92
381600.00,961202073922.65,-1116803103219.27,-13748636870.71,6990.63,7642.01,-10.11
388800.00,961252407793.63,-1116748079523.60,-13748710336.97,6991.00,7642.35,-10.30
396000.00,961302744321.19,-1116693053338.20,-13748785187.87,6991.37,7642.70,-10.49
403200.00,961353083506.18,-1116638024665.44,-13748861423.81,6991.74,7643.04,-10.68
410400.00,961403425349.42,-1116582993507.65,-13748939045.22,6992.11,7643.39,-10.88
417600.00,961453769851.74,-1116527959867.18,-13749018052.52,6992.48,7643.73,-11.07
424800.00,961504117013.99,-1116472923746.37,-13749098446.11,6992.85,7644.08,-11.26
432000.00,961554466836.98,-1116417885147.59,-13749180226.43,6993.22,7644.42,-11.45
439200.00,961604819321.56,-1116362844073.17,-13749263393.90,6993.59,7644.77,-11.65
446400.00,961655174468.55,-1116307800525.47,-13749347948.92,6993.96,7645.11,-11.84
453600.00,961705532278.79,-1116252754506.84,-13749433891.91,6994.33,7645.45,-12.03
460800.00,961755892753.10,-1116197706019.64,-13749521223.31,6994.70,7645.79,-12.23
468000.00,961806255892.31,-1116142655066.22,-13749609943.51,6995.07,7646.14,-12.42
475200.00,961856621697.26,-1116087601648.95,-13749700052.95,6995.44,7646.48,-12.61
482400.00,961906990168.77,-1116032545770.18,-13749791552.04,6995.81,7646.82,-12.80
489600.00,961957361307.68,-1115977487432.27,-13749884441.20,6996.18,7647.16,-13.00
496800.00,962007735114.80,-1115922426637.59,-13749978720.85,6996.55,7647.50,-13.19
504000.00,962058111590.98,-1115867363388.49,-13750074391.40,6996.92,7647.84,-13.38
511200.00,962108490737.03,-1115812297687.35,-13750171453.27,6997.29,7648.18,-13.58
518400.00,962158872553.78,-1115757229536.54,-13750269906.89,6997.66,7648.52,-13.77
