0.00,970816134520.40,-1116421847490.22,-18458928295.64,6287.86,8833.20,-0.01
432000.00,973584935515.17,-1112624057398.89,-18466990150.36,6522.86,8746.48,-36.03
864000.00,976445661609.61,-1108866476181.35,-18489042717.51,6714.87,8648.47,-65.04
1296000.00,979381522619.05,-1105152417119.64,-18522383017.86,6871.90,8545.83,-88.49
1728000.00,982378871789.49,-1101482949481.35,-18564860013.01,7000.50,8442.51,-107.51
2160000.00,985426602370.52,-1097857836051.00,-18614754442.68,7105.91,8340.77,-122.96
2592000.00,988515625521.24,-1094276102234.71,-18670682076.92,7192.28,8241.83,-135.54
3024000.00,991638447885.85,-1090736378025.27,-18731517936.12,7262.87,8146.35,-145.76
3456000.00,994788839943.16,-1087237106228.97,-18796339196.21,7320.29,8054.58,-154.05
3888000.00,997961576715.51,-1083776666178.15,-18864381215.38,7366.62,7966.57,-160.72
4320000.00,1001152237511.38,-1080353447650.81,-18935004214.69,7403.52,7882.23,-166.03
4752000.00,1004357049102.11,-1076965893887.60,-19007667822.13,7432.33,7801.42,-170.20
5184000.00,1007572763369.80,-1073612524538.87,-19081911196.09,7454.16,7723.94,-173.37
5616000.00,1010796561035.68,-1070291947969.69,-19157337795.52,7469.89,7649.57,-175.69
6048000.00,1014025974894.92,-1067002865461.70,-19233603311.30,7480.27,7578.10,-177.27
6480000.00,1017258828930.29,-1063744071303.91,-19310406076.50,7485.91,7509.31,-178.19
6912000.00,1020493188754.90,-1060514450724.36,-19387479518.84,7487.31,7443.00,-178.54
7344000.00,1023727321496.90,-1057312975701.74,-19464585977.89,7484.92,7378.98,-178.36
7776000.00,1026959663139.94,-1054138700614.18,-19541511705.45,7479.08,7317.05,-177.71
8208000.00,1030188791123.47,-1050990757387.26,-19618062805.15,7470.09,7257.04,-176.63
8640000.00,1033413401850.88,-1047868350437.30,-19694061813.07,7458.20,7198.80,-175.16
9072000.00,1036632291727.48,-1044770752306.56,-19769344874.83,7443.63,7142.16,-173.32
9504000.00,1039844340889.38,-1041697299071.56,-19843759372.34,7426.56,7087.00,-171.14
9936000.00,1043048499557.15,-1038647386128.74,-19917161865.60,7407.12,7033.16,-168.64
10368000.00,1046243776022.53,-1035620464683.79,-19989416348.07,7385.45,6980.53,-165.83
10800000.00,1049429226148.28,-1032616038060.40,-20060392723.70,7361.64,6929.00,-162.72
11232000.00,1052603944273.11,-1029633658491.55,-20129965436.56,7335.78,6878.45,-159.33
11664000.00,1055767054796.40,-1026672924457.62,-20198012271.02,7307.91,6828.77,-155.66
12096000.00,1058917704667.75,-1023733477881.97,-20264413257.89,7278.09,6779.88,-151.71
12528000.00,1062055056559.24,-1020815001794.95,-20329049639.87,7246.35,6731.67,-147.49
12960000.00,1065178282161.11,-1017917218400.44,-20391802915.86,7212.70,6684.06,-142.99
13392000.00,1068286555980.74,-1015039886945.37,-20452553927.99,7177.13,6636.97,-138.22
13824000.00,1071379049381.39,-1012182801990.88,-20511181948.55,7139.63,6590.32,-133.16
14256000.00,1074454924380.77,-1009345791984.88,-20567563783.24,7100.18,6544.02,-127.82
14688000.00,1077513327636.12,-1006528717564.92,-20621572876.38,7058.74,6498.01,-122.17
15120000.00,1080553384285.34,-1003731470208.05,-20673078360.57,7015.23,6452.22,-116.22
15552000.00,1083574191234.41,-1000953971095.79,-20721944056.54,6969.60,6406.57,-109.95
15984000.00,1086574810254.80,-998196169549.13,-20768027449.71,6921.75,6361.02,-103.34
16416000.00,1089554260548.22,-995458041752.37,-20811178535.89,6871.58,6315.48,-96.37
16848000.00,1092511510376.18,-992739589544.23,-20851238542.08,6818.95,6269.92,-89.02
17280000.00,1095445467965.68,-990040838504.54,-20888038596.43,6763.72,6224.26,-81.27
17712000.00,1098354971382.79,-987361836215.23,-20921398153.06,6705.70,6178.48,-73.09
18144000.00,1101238776909.39,-984702650270.06,-20951123205.59,6644.71,6132.52,-64.44
18576000.00,1104095545733.77,-982063365241.25,-20977004362.43,6580.49,6086.34,-55.29
19008000.00,1106923828840.03,-979444079348.67,-20998814513.83,6512.78,6039.92,-45.59
19440000.00,1109722049314.09,-976844900157.88,-21016306151.26,6441.25,5993.25,-35.29
19872000.00,1112488481345.35,-974265938542.77,-21029208330.86,6365.54,5946.32,-24.33
20304000.00,1115221226110.95,-971707300947.57,-21037223055.13,6285.21,5899.16,-12.65
20736000.00,1117918182794.70,-969169079229.63,-21040020988.28,6199.76,5851.82,-0.16
21168000.00,1120577013525.42,-966651336840.87,-21037236383.02,6108.59,5804.37,13.22
21600000.00,1123195102271.04,-964154089647.24,-21028461206.51,6011.01,5756.96,27.59
22032000.00,1125769504400.84,-961677280537.50,-21013237870.59,5906.19,5709.79,43.09
22464000.00,1128296885163.40,-959220744262.36,-20991050537.33,5793.14,5663.17,59.86
22896000.00,1130773445390.20,-956784157436.20,-20961315050.49,5670.69,5617.52,78.07
23328000.00,1133194830118.25,-954366970019.48,-20923366353.05,5537.44,5573.48,97.92
23760000.00,1135556016366.15,-951968307693.34,-20876443589.19,5391.68,5531.93,119.66
24192000.00,1137851175730.64,-949586830969.70,-20819672675.61,5231.38,5494.17,143.57
24624000.00,1140073509306.37,-947220532532.14,-20752046060.10,5054.07,5462.03,169.98
25056000.00,1142215049487.84,-944866439793.09,-20672399854.96,4856.79,5438.20,199.28
25488000.00,1144266434018.17,-942520173008.87,-20579390719.57,4636.04,5426.59,231.92
25920000.00,1146216676160.83,-940175283715.56,-20471478940.03,4387.82,5432.99,268.36
26352000.00,1148052978896.42,-937822261616.94,-20346926650.32,4107.82,5465.98,309.03
26784000.00,1149760737405.44,-935447042397.08,-20203839969.75,3792.15,5538.34,354.18
27216000.00,1151324051954.77,-933028816826.54,-20040311787.95,3439.14,5668.85,403.55
27648000.00,1152727410035.55,-930537020395.20,-19854770482.13,3053.17,5884.14,455.70
28080000.00,1153959791440.81,-927927813381.81,-19646722427.86,2652.30,6218.66,506.83
28512000.00,1155022996252.08,-925141873630.74,-19418120626.29,2279.96,6707.36,549.14
28944000.00,1155944878612.82,-922108469902.00,-19175331309.86,2013.62,7362.64,570.12
29376000.00,1156791967519.38,-918763183563.28,-18930612642.41,1948.52,8136.62,556.16
29808000.00,1157665640510.75,-915078934552.28,-18700643289.93,2138.45,8907.43,502.24
30240000.00,1158670556894.69,-911087806415.65,-18500959088.61,2541.33,9538.47,418.80
30672000.00,1159876041278.75,-906868088528.09,-18340250048.12,3047.34,9962.15,324.99
31104000.00,1161303383980.71,-902508511285.87,-18219366937.79,3555.17,10192.94,236.31
