0.00,2196761389663.79,1972205674876.68,-21185308123.16,-12772.77,7251.69,0.71
426082.00,2194810867586.43,1974241471286.70,-21103044386.94,8222.92,964.55,747.28
852164.00,2192799897921.94,1976260613628.98,-21189939394.41,-9076.78,6647.63,2790.06
1278246.00,2190851094563.82,1978272729543.88,-21201842733.72,-10969.43,6762.79,417.42
1704328.00,2188930357755.54,1980295718799.04,-21100099941.22,9226.96,-284.04,-4035.95
2130410.00,2186863849473.56,1982332862618.01,-21143175485.56,-2287.80,4909.95,4641.19
2556492.00,2184880953130.88,1984347702354.47,-21156355650.52,-3415.50,5179.57,4280.58
2982574.00,2183001129491.84,1986343099310.89,-21093979737.20,7633.11,770.48,-1010.74
3408656.00,2180924161872.07,1988374154911.81,-21146459307.69,-2416.33,4823.31,4079.81
3834738.00,2179066302639.55,1990355533813.15,-21096040586.90,8697.15,-343.08,-5029.80
4260820.00,2176992293913.38,1992388022111.97,-21110576815.80,951.47,3686.45,3590.65
4686902.00,2174993394151.67,1994374645702.76,-21230641207.78,-8314.16,6051.36,1183.67
5112984.00,2172970354717.13,1996394321636.68,-21204881603.47,-5757.13,5549.42,2667.00
5539066.00,2170997504601.50,1998386262313.47,-21230251540.53,-7316.10,5830.91,1684.53
5965148.00,2169181287415.95,2000352828721.07,-21125848323.34,155.63,-163.68,-17483.92
6391230.00,2167005764726.14,2002385643090.21,-21234819439.91,-7045.71,5731.77,1660.51
6817312.00,2164986489544.39,2004396290214.19,-21198006492.90,-4765.56,5227.38,2692.46
7243394.00,2162986975155.52,2006389557593.78,-21206889027.17,-5068.85,5277.72,2503.03
7669476.00,2161022536090.55,2008362626692.42,-21251785354.73,-7568.75,5754.93,1043.04
8095558.00,2159166405455.02,2010341133706.03,-21083903937.45,7331.18,472.51,-2667.17
8521640.00,2156985535370.22,2012354205462.14,-21238631450.71,-6173.22,5459.69,1786.76
8947722.00,2155007031710.96,2014353238052.50,-21132368453.36,-1477.82,4241.56,2950.43
9373804.00,2153181490577.93,2016290819887.33,-21088878978.70,8033.72,-528.67,-6646.21
9799886.00,2151161920660.40,2018252031262.53,-21217470526.73,-11722.33,5594.72,-6215.46
10225968.00,2149188697015.67,2020229575366.63,-21175017447.40,-10989.10,4252.73,-11971.54
10652050.00,2147025199030.76,2022270395518.40,-21093398148.01,1017.71,3355.14,2437.56
11078132.00,2144900516127.53,2024261760397.15,-21193288790.77,-3878.82,4835.83,2375.84
11504214.00,2142936639022.69,2026203667462.36,-21281387708.73,-7587.51,5598.01,476.14
11930296.00,2140958991524.41,2028199531019.74,-21098861304.04,252.52,3578.74,2474.82
12356378.00,2138868535321.81,2030157132028.14,-21280131922.15,-6898.30,5453.98,883.93
12782460.00,2136843516239.90,2032152671920.27,-21148183855.53,-2285.55,4348.66,2500.86
13208542.00,2134998192300.80,2034044887546.95,-21253391324.74,-10622.58,5726.95,-3542.77
13634624.00,2132788554789.91,2036059526173.15,-21288906859.06,-6884.72,5410.88,774.45
14060706.00,2130713308980.99,2038046202019.80,-21243140635.99,-5024.78,5019.49,1726.00
14486788.00,2128688933123.19,2040014973138.27,-21196355441.28,-3720.29,4690.31,2119.43
14912870.00,2126671840353.22,2041975221623.29,-21169032711.40,-2956.21,4475.37,2248.12
15338952.00,2124635982567.84,2043933604560.53,-21167971371.08,-2922.36,4454.45,2224.29
15765034.00,2122579056067.17,2045890779942.88,-21193407016.52,-3585.04,4620.30,2063.78
16191116.00,2120521940182.98,2047841429518.71,-21239783207.15,-4684.17,4881.75,1706.71
16617198.00,2118499558222.60,2049777741600.09,-21292199847.59,-6090.97,5177.04,1037.31
17043280.00,2116564519338.89,2051690833413.16,-21313277315.71,-8137.62,5503.75,-483.26
17469362.00,2114649194986.66,2053648460112.01,-21059342478.54,3816.03,2033.51,521.15
17895444.00,2112345527869.92,2055644772020.65,-21207297536.78,-3828.94,4628.60,1874.82
18321526.00,2110343685870.08,2057553185627.13,-21318913006.20,-6875.56,5279.99,450.86
18747608.00,2108468610960.82,2059491574159.25,-21061241963.10,2149.64,2694.74,1397.23
19173690.00,2106172236031.97,2061465720260.85,-21272823474.96,-5155.07,4915.25,1350.61
19599772.00,2104434504884.88,2063311300978.39,-21251649616.19,-10593.78,5496.90,-4225.04
20025854.00,2102052260147.99,2065346163269.70,-21258482353.26,-4771.66,4807.75,1463.63
20451936.00,2100368108814.33,2067174882916.01,-21213260229.71,-11252.65,5195.41,-6768.15
20878018.00,2097935234776.96,2069205031929.64,-21298261570.86,-5553.63,4962.55,1088.16
21304100.00,2096016573001.13,2071131009253.85,-21094572277.66,-891.50,3706.65,2004.06
21730182.00,2093916083400.63,2073023370361.05,-21339832238.62,-7477.81,5296.66,-168.76
22156264.00,2091722499186.25,2075004667083.65,-21258840857.42,-4638.68,4728.60,1420.01
22582346.00,2089843341113.60,2076906130375.43,-21079703613.39,-410.50,3522.42,1905.68
23008428.00,2087768367276.74,2078780940668.65,-21335605779.31,-8153.49,5359.40,-821.17
23434510.00,2085519232139.24,2080758547929.04,-21321918538.96,-5812.47,4960.33,853.36
23860592.00,2083437178353.35,2082698463861.96,-21225339107.05,-3999.18,4536.27,1562.20
24286674.00,2081503509475.69,2084596284179.06,-21098293705.60,-1344.61,3783.36,1901.43
24712756.00,2079672385948.18,2086409158797.41,-21235302135.23,-10749.77,5314.58,-5042.68
25138838.00,2077357342968.91,2088371953512.44,-21349543902.78,-7808.08,5269.32,-584.10
25564920.00,2075161027159.61,2090316886827.48,-21354805860.00,-6576.99,5063.91,334.43
25991002.00,2073021053320.33,2092247332703.06,-21332470440.98,-5755.56,4895.40,794.87
26417084.00,2070912935789.38,2094166983053.96,-21302214754.14,-5133.20,4752.90,1074.54
26843166.00,2068821477202.26,2096078717887.73,-21273201075.28,-4654.03,4634.41,1251.62
27269248.00,2066735622090.53,2097984919554.35,-21250605025.18,-4311.16,4543.77,1356.96
27695330.00,2064647337452.75,2099887463752.97,-21237436081.40,-4115.95,4487.30,1405.30
28121412.00,2062551797432.02,2101787533694.32,-21235207229.79,-4079.02,4469.74,1404.27
28547494.00,2060447823285.51,2103685431958.76,-21244212002.18,-4197.21,4490.72,1357.03
28973576.00,2058337911046.37,2105580556493.16,-21263604941.09,-4451.75,4544.44,1263.27
29399658.00,2056227715467.39,2107471570572.30,-21291339298.62,-4817.81,4622.63,1119.49
29825740.00,2054125417735.73,2109356637896.26,-21323951613.21,-5277.90,4718.28,917.16
30251822.00,2052041599194.70,2111233564440.94,-21356027254.00,-5834.11,4828.13,636.07
30677904.00,2049990329387.38,2113099745311.10,-21378751327.45,-6525.88,4954.23,224.25
31103986.00,2047993330101.56,2114951809225.38,-21375150635.34,-7491.64,5106.50,-486.17
