0.00,2200232044267.79,1967205160705.30,-25132201638.19,-5407.80,4502.94,-186.86
1200.00,2200225554903.04,1967210564237.54,-25132425871.92,-5407.88,4503.02,-186.79
2400.00,2200219065447.24,1967215967863.68,-25132650018.82,-5407.96,4503.10,-186.72
3600.00,2200212575900.42,1967221371583.72,-25132874078.87,-5408.03,4503.18,-186.64
4800.00,2200206086262.58,1967226775397.68,-25133098052.07,-5408.11,4503.26,-186.57
6000.00,2200199596533.75,1967232179305.57,-25133321938.40,-5408.18,4503.33,-186.50
7200.00,2200193106713.94,1967237583307.39,-25133545737.85,-5408.26,4503.41,-186.43
8400.00,2200186616803.18,1967242987403.17,-25133769450.42,-5408.33,4503.49,-186.35
9600.00,2200180126801.48,1967248391592.90,-25133993076.09,-5408.41,4503.57,-186.28
10800.00,2200173636708.86,1967253795876.59,-25134216614.86,-5408.49,4503.65,-186.21
12000.00,2200167146525.34,1967259200254.26,-25134440066.72,-5408.56,4503.73,-186.14
13200.00,2200160656250.93,1967264604725.92,-25134663431.65,-5408.64,4503.80,-186.06
14400.00,2200154165885.67,1967270009291.58,-25134886709.64,-5408.71,4503.88,-185.99
15600.00,2200147675429.56,1967275413951.25,-25135109900.70,-5408.79,4503.96,-185.92
16800.00,2200141184882.62,1967280818704.93,-25135333004.80,-5408.86,4504.04,-185.85
18000.00,2200134694244.88,1967286223552.63,-25135556021.93,-5408.94,4504.12,-185.78
19200.00,2200128203516.34,1967291628494.38,-25135778952.10,-5409.02,4504.20,-185.70
20400.00,2200121712697.04,1967297033530.17,-25136001795.28,-5409.09,4504.27,-185.63
21600.00,2200115221786.98,1967302438660.02,-25136224551.46,-5409.17,4504.35,-185.56
22800.00,2200108730786.19,1967307843883.93,-25136447220.65,-5409.24,4504.43,-185.49
24000.00,2200102239694.69,1967313249201.92,-25136669802.82,-5409.32,4504.51,-185.41
25200.00,2200095748512.49,1967318654614.00,-25136892297.98,-5409.39,4504.59,-185.34
26400.00,2200089257239.61,1967324060120.17,-25137114706.10,-5409.47,4504.67,-185.27
27600.00,2200082765876.07,1967329465720.45,-25137337027.18,-5409.55,4504.75,-185.20
28800.00,2200076274421.90,1967334871414.85,-25137559261.20,-5409.62,4504.82,-185.12
30000.00,2200069782877.10,1967340277203.38,-25137781408.17,-5409.70,4504.90,-185.05
31200.00,2200063291241.70,1967345683086.04,-25138003468.07,-5409.77,4504.98,-184.98
32400.00,2200056799515.71,1967351089062.84,-25138225440.89,-5409.85,4505.06,-184.90
33600.00,2200050307699.16,1967356495133.81,-25138447326.61,-5409.92,4505.14,-184.83
34800.00,2200043815792.06,1967361901298.94,-25138669125.24,-5410.00,4505.22,-184.76
36000.00,2200037323794.44,1967367307558.24,-25138890836.76,-5410.07,4505.29,-184.69
37200.00,2200030831706.30,1967372713911.74,-25139112461.16,-5410.15,4505.37,-184.61
38400.00,2200024339527.67,1967378120359.43,-25139333998.43,-5410.22,4505.45,-184.54
39600.00,2200017847258.57,1967383526901.32,-25139555448.56,-5410.30,4505.53,-184.47
40800.00,2200011354899.02,1967388933537.43,-25139776811.55,-5410.37,4505.61,-184.40
42000.00,2200004862449.03,1967394340267.77,-25139998087.37,-5410.45,4505.69,-184.32
43200.00,2199998369908.62,1967399747092.34,-25140219276.03,-5410.53,4505.77,-184.25
44400.00,2199991877277.82,1967405154011.16,-25140440377.51,-5410.60,4505.84,-184.18
45600.00,2199985384556.64,1967410561024.24,-25140661391.80,-5410.68,4505.92,-184.11
46800.00,2199978891745.09,1967415968131.58,-25140882318.90,-5410.75,4506.00,-184.03
48000.00,2199972398843.21,1967421375333.20,-25141103158.79,-5410.83,4506.08,-183.96
49200.00,2199965905851.00,1967426782629.10,-25141323911.46,-5410.90,4506.16,-183.89
50400.00,2199959412768.48,1967432190019.30,-25141544576.91,-5410.98,4506.24,-183.82
51600.00,2199952919595.68,1967437597503.80,-25141765155.12,-5411.05,4506.32,-183.74
52800.00,2199946426332.62,1967443005082.62,-25141985646.09,-5411.13,4506.39,-183.67
54000.00,2199939932979.30,1967448412755.77,-25142206049.80,-5411.20,4506.47,-183.60
55200.00,2199933439535.76,1967453820523.25,-25142426366.24,-5411.28,4506.55,-183.52
56400.00,2199926946002.00,1967459228385.08,-25142646595.42,-5411.35,4506.63,-183.45
57600.00,2199920452378.05,1967464636341.26,-25142866737.30,-5411.43,4506.71,-183.38
58800.00,2199913958663.93,1967470044391.80,-25143086791.90,-5411.50,4506.79,-183.31
60000.00,2199907464859.65,1967475452536.73,-25143306759.19,-5411.58,4506.87,-183.23
61200.00,2199900970965.23,1967480860776.03,-25143526639.16,-5411.65,4506.94,-183.16
62400.00,2199894476980.70,1967486269109.74,-25143746431.81,-5411.73,4507.02,-183.09
63600.00,2199887982906.07,1967491677537.84,-25143966137.13,-5411.80,4507.10,-183.01
64800.00,2199881488741.36,1967497086060.36,-25144185755.11,-5411.88,4507.18,-182.94
66000.00,2199874994486.58,1967502494677.31,-25144405285.74,-5411.95,4507.26,-182.87
67200.00,2199868500141.77,1967507903388.69,-25144624729.00,-5412.03,4507.34,-182.80
68400.00,2199862005706.93,1967513312194.52,-25144844084.89,-5412.10,4507.42,-182.72
69600.00,2199855511182.08,1967518721094.80,-25145063353.40,-5412.18,4507.50,-182.65
70800.00,2199849016567.25,1967524130089.54,-25145282534.52,-5412.25,4507.57,-182.58
72000.00,2199842521862.44,1967529539178.76,-25145501628.24,-5412.33,4507.65,-182.51
73200.00,2199836027067.69,1967534948362.46,-25145720634.54,-5412.40,4507.73,-182.43
74400.00,2199829532183.01,1967540357640.66,-25145939553.43,-5412.48,4507.81,-182.36
75600.00,2199823037208.42,1967545767013.36,-25146158384.89,-5412.55,4507.89,-182.29
76800.00,2199816542143.93,1967551176480.58,-25146377128.91,-5412.63,4507.97,-182.21
78000.00,2199810046989.57,1967556586042.32,-25146595785.48,-5412.70,4508.05,-182.14
79200.00,2199803551745.35,1967561995698.59,-25146814354.59,-5412.78,4508.13,-182.07
80400.00,2199797056411.30,1967567405449.41,-25147032836.23,-5412.85,4508.20,-182.00
81600.00,2199790560987.43,1967572815294.78,-25147251230.39,-5412.93,4508.28,-181.92
82800.00,2199784065473.75,1967578225234.71,-25147469537.07,-5413.00,4508.36,-181.85
84000.00,2199777569870.30,1967583635269.22,-25147687756.24,-5413.08,4508.44,-181.78
85200.00,2199771074177.09,1967589045398.31,-25147905887.91,-5413.15,4508.52,-181.70
