0.00,662783369034.72,-369092126779.41,-19242477081.94,6976.52,10131.44,0.00
432000.00,665765686393.49,-364715082322.17,-19237828787.86,6829.97,10132.63,21.64
864000.00,668684067199.88,-360337551180.36,-19223689159.96,6680.48,10133.71,43.95
1296000.00,671537199449.47,-355959565817.22,-19199751904.57,6527.86,10134.75,67.00
1728000.00,674323685116.20,-351581123210.53,-19165690591.97,6371.90,10135.84,90.83
2160000.00,677042031427.17,-347202177080.89,-19121157011.85,6212.36,10137.10,115.50
2592000.00,679690641269.50,-342822628766.10,-19065779393.82,6049.00,10138.65,141.05
3024000.00,682267802700.17,-338442316338.13,-18999160548.06,5881.53,10140.66,167.55
3456000.00,684771677357.85,-334061001675.10,-18920875866.94,5709.65,10143.33,195.07
3888000.00,687200287859.66,-329678355024.62,-18830471271.02,5533.02,10146.87,223.67
4320000.00,689551504013.00,-325293936433.69,-18727461088.28,5351.28,10151.58,253.44
4752000.00,691823027856.80,-320907173500.25,-18611325911.87,5164.00,10157.79,284.45
5184000.00,694012377650.11,-316517334431.42,-18481510584.31,4970.76,10165.90,316.79
5616000.00,696116870742.99,-312123495483.60,-18337422299.90,4771.06,10176.40,350.54
6048000.00,698133605842.55,-307724501450.54,-18178429139.06,4564.38,10189.87,385.81
6480000.00,700059444912.91,-303318917503.89,-18003859189.57,4350.15,10207.04,422.68
6912000.00,701890995628.44,-298904970616.77,-17813000655.42,4127.75,10228.75,461.23
7344000.00,703624595698.63,-294480477890.71,-17605103528.05,3896.56,10256.05,501.57
7776000.00,705256300792.47,-290042759151.10,-17379383456.67,3655.90,10290.22,543.76
8208000.00,706781879507.97,-285588530297.28,-17135029106.31,3405.12,10332.78,587.85
8640000.00,708196819287.53,-281113773320.68,-16871214206.79,3143.58,10385.60,633.85
9072000.00,709496350865.19,-276613579078.09,-16587116832.85,2870.74,10450.96,681.74
9504000.00,710675500755.62,-272081958535.85,-16281948681.29,2586.21,10531.60,731.38
9936000.00,711729185823.92,-267511620098.01,-15954998285.70,2289.89,10630.82,782.53
10368000.00,712652370655.99,-262893712708.92,-15605693773.96,1982.14,10752.55,834.78
10800000.00,713440314047.70,-258217541318.82,-15233691551.05,1664.02,10901.40,887.48
11232000.00,714088941424.03,-253470273378.40,-14838999558.10,1337.61,11082.64,939.63
11664000.00,714595384209.79,-248636673866.97,-14422142538.59,1006.50,11302.09,989.81
12096000.00,714958729742.12,-243698940609.29,-13984375870.38,676.25,11565.75,1036.05
12528000.00,715181009544.20,-238636753394.30,-13527945741.43,355.02,11879.12,1075.72
12960000.00,715268405731.05,-233427705173.73,-13056377466.97,53.92,12246.12,1105.53
13392000.00,715232563089.74,-228048319465.87,-12574744949.73,-212.95,12667.50,1121.64
13824000.00,715091737895.82,-222475835244.98,-12089835590.26,-429.29,13138.87,1120.04
14256000.00,714871345560.17,-216690797705.63,-11610090354.39,-578.69,13649.08,1097.22
14688000.00,714603374499.76,-210680168429.04,-11145198474.74,-647.75,14179.62,1051.08
15120000.00,714324277667.69,-204440261813.66,-10705300698.41,-629.76,14706.17,981.74
15552000.00,714071453023.13,-197978523403.95,-10299906069.86,-527.35,15202.30,892.01
15984000.00,713879074520.31,-191313350387.86,-9936792199.76,-352.60,15644.56,786.99
16416000.00,713774457553.93,-184471843410.82,-9621211621.77,-124.55,16016.67,673.05
16848000.00,713775955225.74,-177486194629.92,-9355616235.82,135.07,16311.40,556.58
17280000.00,713892699501.03,-170389854986.78,-9139891503.37,405.88,16529.85,442.94
17712000.00,714125813574.39,-163214434346.31,-8971926682.74,671.48,16678.98,335.98
18144000.00,714470373588.54,-155987770205.26,-8848292682.17,920.31,16768.86,237.97
18576000.00,714917472882.71,-148733113183.65,-8764859215.79,1145.35,16810.35,149.95
19008000.00,715455983823.81,-141469122652.89,-8717261590.43,1343.16,16813.66,72.04
19440000.00,716073865857.36,-134210311475.91,-8701204116.58,1512.80,16787.72,3.83
19872000.00,716759056491.31,-126967672647.10,-8712655021.42,1654.98,16739.88,-55.45
20304000.00,717500022527.37,-119749352068.87,-8747948167.94,1771.33,16675.98,-106.70
20736000.00,718286053711.02,-112561262623.29,-8803811831.29,1863.97,16600.57,-150.83
21168000.00,719107388605.79,-105407598841.20,-8877359938.85,1935.15,16517.10,-188.71
21600000.00,719955238128.21,-98291253540.42,-8966065006.31,1987.08,16428.17,-221.13
22032000.00,720821749487.81,-91214144286.97,-9067722351.07,2021.87,16335.73,-248.78
22464000.00,721699939512.88,-84177466722.05,-9180412509.34,2041.44,16241.19,-272.30
22896000.00,722583614365.93,-77181886899.10,-9302464556.87,2047.53,16145.61,-292.21
23328000.00,723467286456.08,-70227687818.72,-9432422615.01,2041.67,16049.72,-308.97
23760000.00,724346093779.98,-63314879014.93,-9569015763.37,2025.22,15954.06,-322.98
24192000.00,725215725310.48,-56443278485.30,-9711131761.89,1999.37,15858.99,-334.59
24624000.00,726072354176.39,-49612574214.39,-9857794473.19,1965.18,15764.76,-344.08
25056000.00,726912577625.44,-42822369994.71,-10008144456.85,1923.56,15671.51,-351.70
25488000.00,727733364538.90,-36072219263.60,-10161422401.02,1875.32,15579.33,-357.67
25920000.00,728532009059.82,-29361650293.65,-10316955008.70,1821.16,15488.26,-362.16
26352000.00,729306090320.58,-22690184304.05,-10474142946.85,1761.69,15398.30,-365.35
26784000.00,730053437346.53,-16057348638.12,-10632450599.72,1697.47,15309.41,-367.37
27216000.00,730772098631.43,-9462686230.93,-10791397330.44,1628.96,15221.56,-368.33
27648000.00,731460315451.28,-2905762062.67,-10950550019.10,1556.59,15134.69,-368.34
28080000.00,732116498953.98,3613832396.24,-11109516681.42,1480.71,15048.73,-367.48
28512000.00,732739209885.42,10096476268.43,-11267940995.98,1401.67,14963.61,-365.84
28944000.00,733327141044.14,16542517715.23,-11425497593.54,1319.74,14879.26,-363.47
29376000.00,733879101848.99,22952273107.95,-11581888004.07,1235.18,14795.61,-360.45
29808000.00,734394004858.79,29326026824.01,-11736837137.94,1148.21,14712.57,-356.81
30240000.00,734870853746.25,35664031624.02,-11890090243.81,1059.03,14630.09,-352.60
30672000.00,735308732903.13,41966509335.83,-12041410255.85,967.82,14548.09,-347.87
31104000.00,735706798040.82,48233651554.05,-12190575466.08,874.73,14466.49,-342.63
