0.00,644069092417.35,-384000098580.21,-12721908984.35,1127.86,18034.15,-72.41
1200.00,644070445850.55,-383978457594.96,-12721995878.28,1095.13,18005.54,-73.75
2400.00,644071760006.29,-383956850950.61,-12722084379.81,1062.55,17976.75,-75.09
3600.00,644073035071.76,-383935278849.62,-12722174492.81,1030.14,17947.80,-76.44
4800.00,644074271235.18,-383913741493.39,-12722266221.12,997.88,17918.68,-77.79
6000.00,644075468685.83,-383892239082.27,-12722359568.54,965.77,17889.39,-79.14
7200.00,644076627614.03,-383870771815.58,-12722454538.80,933.83,17859.94,-80.50
8400.00,644077748211.11,-383849339891.58,-12722551135.59,902.05,17830.32,-81.86
9600.00,644078830669.42,-383827943507.47,-12722649362.57,870.43,17800.54,-83.22
10800.00,644079875182.36,-383806582859.38,-12722749223.32,838.97,17770.60,-84.58
12000.00,644080881944.30,-383785258142.38,-12722850721.41,807.67,17740.49,-85.95
13200.00,644081851150.63,-383763969550.45,-12722953860.34,776.54,17710.23,-87.32
14400.00,644082782997.76,-383742717276.49,-12723058643.56,745.57,17679.80,-88.69
15600.00,644083677683.06,-383721501512.34,-12723165074.49,714.77,17649.22,-90.07
16800.00,644084535404.91,-383700322448.72,-12723273156.49,684.13,17618.48,-91.45
18000.00,644085356362.64,-383679180275.25,-12723382892.86,653.66,17587.58,-92.83
19200.00,644086140756.59,-383658075180.46,-12723494286.88,623.36,17556.52,-94.21
20400.00,644086888788.05,-383637007351.77,-12723607341.77,593.23,17525.31,-95.60
21600.00,644087600659.26,-383615976975.49,-12723722060.68,563.26,17493.95,-96.99
22800.00,644088276573.44,-383594984236.79,-12723838446.76,533.47,17462.43,-98.38
24000.00,644088916734.74,-383574029319.73,-12723956503.06,503.84,17430.76,-99.77
25200.00,644089521348.26,-383553112407.25,-12724076232.61,474.39,17398.94,-101.17
26400.00,644090090620.04,-383532233681.15,-12724197638.39,445.11,17366.97,-102.57
27600.00,644090624757.05,-383511393322.06,-12724320723.33,416.01,17334.84,-103.97
28800.00,644091123967.17,-383490591509.52,-12724445490.31,387.08,17302.57,-105.38
30000.00,644091588459.22,-383469828421.88,-12724571942.16,358.32,17270.15,-106.78
31200.00,644092018442.93,-383449104236.33,-12724700081.65,329.74,17237.59,-108.19
32400.00,644092414128.91,-383428419128.94,-12724829911.53,301.33,17204.88,-109.60
33600.00,644092775728.71,-383407773274.58,-12724961434.48,273.11,17172.02,-111.02
34800.00,644093103454.73,-383387166846.97,-12725094653.13,245.05,17139.02,-112.43
36000.00,644093397520.30,-383366600018.65,-12725229570.08,217.18,17105.88,-113.85
37200.00,644093658139.61,-383346072960.98,-12725366187.85,189.49,17072.60,-115.27
38400.00,644093885527.71,-383325585844.14,-12725504508.93,161.98,17039.17,-116.69
39600.00,644094079900.55,-383305138837.12,-12725644535.77,134.65,17005.61,-118.11
40800.00,644094241474.91,-383284732107.73,-12725786270.76,107.49,16971.90,-119.54
42000.00,644094370468.46,-383264365822.59,-12725929716.24,80.53,16938.06,-120.97
43200.00,644094467099.68,-383244040147.09,-12726074874.50,53.74,16904.08,-122.39
44400.00,644094531587.92,-383223755245.46,-12726221747.77,27.14,16869.97,-123.83
45600.00,644094564153.35,-383203511280.69,-12726370338.27,0.72,16835.72,-125.26
46800.00,644094565016.98,-383183308414.57,-12726520648.12,-25.51,16801.34,-126.69
48000.00,644094534400.62,-383163146807.68,-12726672679.43,-51.56,16766.82,-128.13
49200.00,644094472526.93,-383143026619.38,-12726826434.24,-77.42,16732.18,-129.57
50400.00,644094379619.34,-383122948007.81,-12726981914.55,-103.10,16697.40,-131.01
51600.00,644094255902.09,-383102911129.88,-12727139122.29,-128.58,16662.49,-132.45
52800.00,644094101600.23,-383082916141.27,-12727298059.38,-153.88,16627.45,-133.89
54000.00,644093916939.58,-383062963196.44,-12727458727.66,-178.99,16592.29,-135.33
55200.00,644093702146.75,-383043052448.60,-12727621128.92,-203.91,16557.00,-136.78
56400.00,644093457449.10,-383023184049.71,-12727785264.91,-228.65,16521.58,-138.23
57600.00,644093183074.77,-383003358150.52,-12727951137.34,-253.19,16486.04,-139.68
58800.00,644092879252.66,-382983574900.50,-12728118747.84,-277.53,16450.38,-141.13
60000.00,644092546212.41,-382963834447.88,-12728288098.03,-301.69,16414.59,-142.58
61200.00,644092184184.42,-382944136939.63,-12728459189.46,-325.65,16378.68,-144.03
62400.00,644091793399.80,-382924482521.49,-12728632023.61,-349.42,16342.65,-145.48
63600.00,644091374090.39,-382904871337.89,-12728806601.95,-373.00,16306.50,-146.94
64800.00,644090926488.78,-382885303532.04,-12728982925.88,-396.38,16270.24,-148.39
66000.00,644090450828.25,-382865779245.85,-12729160996.74,-419.57,16233.85,-149.85
67200.00,644089947342.78,-382846298619.97,-12729340815.85,-442.56,16197.36,-151.31
68400.00,644089416267.06,-382826861793.78,-12729522384.44,-465.36,16160.74,-152.77
69600.00,644088857836.47,-382807468905.36,-12729705703.73,-487.96,16124.01,-154.23
70800.00,644088272287.07,-382788120091.53,-12729890774.87,-510.36,16087.17,-155.69
72000.00,644087659855.61,-382768815487.81,-12730077598.96,-532.56,16050.22,-157.15
73200.00,644087020779.49,-382749555228.45,-12730266177.05,-554.57,16013.15,-158.61
74400.00,644086355296.78,-382730339446.37,-12730456510.15,-576.38,15975.98,-160.07
75600.00,644085663646.21,-382711168273.24,-12730648599.21,-597.98,15938.69,-161.54
76800.00,644084946067.15,-382692041839.39,-12730842445.14,-619.39,15901.30,-163.00
78000.00,644084202799.61,-382672960273.87,-12731038048.80,-640.60,15863.81,-164.47
79200.00,644083434084.23,-382653923704.42,-12731235410.98,-661.60,15826.21,-165.93
80400.00,644082640162.30,-382634932257.48,-12731434532.44,-682.41,15788.50,-167.40
81600.00,644081821275.69,-382615986058.16,-12731635413.89,-703.01,15750.69,-168.87
82800.00,644080977666.90,-382597085230.27,-12731838055.98,-723.41,15712.78,-170.34
84000.00,644080109579.03,-382578229896.29,-12732042459.32,-743.60,15674.77,-171.80
85200.00,644079217255.79,-382559420177.39,-12732248624.47,-763.60,15636.65,-173.27
