0.00,643926424542.25,-414035437712.30,-19653038393.21,4889.47,11364.79,0.06
423360.00,645979077636.65,-409200791823.47,-19649540739.92,4807.09,11475.21,16.54
846720.00,647997050825.26,-404319603848.29,-19639108544.26,4725.63,11584.65,32.82
1270080.00,649980720091.73,-399392284905.33,-19621831704.43,4645.03,11693.13,48.88
1693440.00,651930441040.06,-394419243919.82,-19597798426.91,4565.25,11800.64,64.73
2116800.00,653846550639.74,-389400887209.80,-19567095175.84,4486.25,11907.20,80.39
2540160.00,655729369005.58,-384337618215.25,-19529806664.10,4407.98,12012.81,95.84
2963520.00,657579201055.21,-379229837256.40,-19486015846.48,4330.42,12117.48,111.10
3386880.00,659396338180.11,-374077941397.58,-19435803938.39,4253.53,12221.21,126.17
3810240.00,661181059853.16,-368882324350.34,-19379250445.91,4177.28,12324.01,141.06
4233600.00,662933635234.04,-363643376445.42,-19316433208.41,4101.67,12425.90,155.76
4656960.00,664654324708.60,-358361484721.28,-19247428476.64,4026.65,12526.88,170.29
5080320.00,666343381388.02,-353037032912.89,-19172310951.28,3952.23,12626.96,184.64
5503680.00,668001052704.39,-347670401632.36,-19091153878.04,3878.39,12726.14,198.82
5927040.00,669627581825.49,-342261968582.41,-19004029162.16,3805.11,12824.43,212.83
6350400.00,671223209195.21,-336812108728.27,-18911007450.02,3732.41,12921.84,226.68
6773760.00,672788173967.68,-331321194639.43,-18812158269.40,3660.26,13018.37,240.36
7197120.00,674322715473.74,-325789596720.09,-18707550130.95,3588.69,13114.03,253.88
7620480.00,675827074753.51,-320217683572.86,-18597250665.20,3517.69,13208.82,267.25
8043840.00,677301496012.10,-314605822473.95,-18481326798.62,3447.26,13302.74,280.45
8467200.00,678746228106.46,-308954379795.92,-18359844912.01,3377.44,13395.80,293.50
8890560.00,680161526025.37,-303263721542.93,-18232871028.93,3308.22,13487.99,306.40
9313920.00,681547652437.64,-297534213819.19,-18100470973.21,3239.64,13579.32,319.14
9737280.00,682904879249.13,-291766223513.20,-17962710597.18,3171.70,13669.78,331.72
10160640.00,684233489144.38,-285960118910.32,-17819655992.98,3104.46,13759.37,344.15
10584000.00,685533777258.09,-280116270427.14,-17671373722.91,3037.92,13848.08,356.41
11007360.00,686806052806.67,-274235051494.51,-17517931102.28,2972.13,13935.90,368.52
11430720.00,688050640682.00,-268316839484.01,-17359396502.49,2907.13,14022.83,380.47
11854080.00,689267883180.22,-262362016551.93,-17195839616.23,2842.96,14108.85,392.25
12277440.00,690458141861.67,-256370970734.33,-17027331775.73,2779.67,14193.94,403.85
12700800.00,691621799275.33,-250344097217.26,-16853946341.55,2717.31,14278.09,415.29
13124160.00,692759260780.54,-244281799526.26,-16675759070.53,2655.94,14361.28,426.54
13547520.00,693870956574.27,-238184490910.98,-16492848508.93,2595.61,14443.48,437.60
13970880.00,694957343616.13,-232052596077.39,-16305296485.69,2536.39,14524.66,448.46
14394240.00,696018907472.57,-225886552939.55,-16113188634.80,2478.36,14604.79,459.12
14817600.00,697056164428.95,-219686814389.01,-15916614896.56,2421.59,14683.82,469.55
15240960.00,698069663603.78,-213453850511.57,-15715670115.46,2366.15,14761.73,479.76
15664320.00,699059988918.20,-207188150955.56,-15510454700.49,2312.13,14838.46,489.72
16087680.00,700027761255.10,-200890227402.51,-15301075299.63,2259.63,14913.94,499.43
16511040.00,700973640660.04,-194560616409.36,-15087645550.85,2208.74,14988.13,508.85
16934400.00,701898328487.02,-188199882629.61,-14870286915.93,2159.55,15060.95,517.98
17357760.00,702802569330.21,-181808622422.29,-14649129616.34,2112.17,15132.32,526.79
17781120.00,703687152993.21,-175387467525.37,-14424313601.35,2066.72,15202.15,535.26
18204480.00,704552916690.32,-168937089258.68,-14195989581.04,2023.30,15270.34,543.36
18627840.00,705400746724.29,-162458203478.45,-13964320224.07,1982.03,15336.79,551.06
19051200.00,706231579817.77,-155951575698.86,-13729481430.45,1943.04,15401.36,558.32
19474560.00,707046404545.08,-149418026500.01,-13491663653.62,1906.44,15463.93,565.12
19897920.00,707846262718.45,-142858437556.59,-13251073321.89,1872.37,15524.34,571.41
20321280.00,708632250362.93,-136273758584.76,-13007934397.83,1840.96,15582.41,577.15
20744640.00,709405517582.53,-129665015106.59,-12762490095.82,1812.32,15637.97,582.29
21168000.00,710167267848.20,-123033316118.25,-12515004664.12,1786.59,15690.80,586.78
21591360.00,710918757670.95,-116379862349.10,-12265765219.70,1763.89,15740.68,590.56
22014720.00,711661295081.98,-109705956049.24,-12015083745.18,1744.34,15787.36,593.57
22438080.00,712396236250.86,-103013011351.22,-11763299190.15,1728.05,15830.55,595.75
22861440.00,713124981104.34,-96302564723.15,-11510779605.68,1715.11,15869.96,597.03
23284800.00,713848968075.90,-89576285881.14,-11257924318.68,1705.60,15905.26,597.32
23708160.00,714569667666.51,-82835989399.14,-11005166149.76,1699.61,15936.09,596.55
24131520.00,715288574074.30,-76083647261.50,-10752973633.30,1697.16,15962.06,594.63
24554880.00,716007193881.27,-69321401770.54,-10501853129.60,1698.28,15982.77,591.46
24978240.00,716727032534.30,-62551577724.72,-10252350792.96,1702.94,15997.75,586.96
25401600.00,717449579426.38,-55776694600.91,-10005054427.66,1711.08,16006.54,581.01
25824960.00,718176289603.17,-48999479044.29,-9760595040.06,1722.61,16008.64,573.53
26248320.00,718908561623.07,-42222876036.48,-9519647915.16,1737.35,16003.51,564.39
26671680.00,719647712530.03,-35450058410.82,-9282933197.32,1755.08,15990.61,553.50
27095040.00,720394949377.30,-28684434507.79,-9051215792.58,1775.51,15969.37,540.75
27518400.00,721151337411.42,-21929652953.51,-8825304456.25,1798.26,15939.23,526.04
27941760.00,721917765211.47,-15189604364.24,-8606049994.98,1822.87,15899.61,509.28
28365120.00,722694905782.34,-8468419131.20,-8394342190.42,1848.77,15849.96,490.36
28788480.00,723483174274.57,-1770459197.26,-8191105203.19,1875.32,15789.74,469.23
29211840.00,724282684651.41,4899696496.60,-7997291710.10,1901.75,15718.46,445.82
29635200.00,725093205275.27,11537272294.19,-7813875642.40,1927.17,15635.68,420.09
30058560.00,725914112217.82,18137324047.71,-7641842729.10,1950.62,15541.06,392.03
30481920.00,726744342887.36,24694777872.22,-7482178702.05,1971.01,15434.33,361.65
30905280.00,727582353847.07,31204478683.94,-7335855808.08,1987.15,15315.37,329.00
