0.00,637674221521.95,-400474282239.30,-31899261311.83,8137.97,11653.02,-326.62
432000.00,641175102755.27,-395417130192.77,-32024899619.56,8069.14,11760.05,-254.70
864000.00,644645674808.25,-390313767381.93,-32119325794.87,7997.63,11866.97,-182.10
1296000.00,648084772431.85,-385164231640.05,-32182236627.20,7923.41,11973.83,-108.78
1728000.00,651491213380.68,-379968536983.55,-32213300795.26,7846.43,12080.68,-34.65
2160000.00,654863791486.99,-374726672317.00,-32212157723.30,7766.62,12187.59,40.34
2592000.00,658201269248.68,-369438600085.23,-32178416505.76,7683.90,12294.61,116.28
3024000.00,661502369830.60,-364104254866.65,-32111654693.39,7598.18,12401.82,193.23
3456000.00,664765768311.39,-358723541918.02,-32011417212.25,7509.32,12509.29,271.28
3888000.00,667990082049.95,-353296335686.60,-31877215164.85,7417.19,12617.08,350.49
4320000.00,671173859986.64,-347822478307.94,-31708524807.64,7321.61,12725.28,430.96
4752000.00,674315570615.77,-342301778088.42,-31504786522.32,7222.39,12833.96,512.77
5184000.00,677413588526.46,-336734008042.38,-31265404085.93,7119.28,12943.21,596.00
5616000.00,680466178972.99,-331118904527.32,-30989743991.15,7012.01,13053.12,680.74
6048000.00,683471480501.80,-325456166041.20,-30677135424.63,6900.28,13163.76,767.08
6480000.00,686427484793.47,-319745452350.92,-30326870571.43,6783.70,13275.24,855.10
6912000.00,689332013552.36,-313986384014.80,-29938205748.85,6661.87,13387.65,944.88
7344000.00,692182691896.28,-308178542492.78,-29510363683.51,6534.29,13501.06,1036.49
7776000.00,694976917122.33,-302321471364.95,-29042537229.03,6400.39,13615.58,1130.01
8208000.00,697711822838.33,-296414678672.63,-28533895115.54,6259.52,13731.27,1225.46
8640000.00,700384236393.89,-290457641442.97,-27983590685.25,6110.91,13848.21,1322.89
9072000.00,702990629734.53,-284449812371.78,-27390773928.34,5953.68,13966.43,1422.28
9504000.00,705527061461.35,-278390630722.60,-26754609785.02,5786.80,14085.95,1523.57
9936000.00,707989108875.00,-272279538086.56,-26074302491.91,5609.06,14206.75,1626.63
10368000.00,710371788810.66,-266116001369.36,-25349130667.74,5419.06,14328.73,1731.23
10800000.00,712669465026.48,-259899545669.70,-24578495158.85,5215.18,14451.71,1837.04
11232000.00,714875741555.29,-253629801046.69,-23761985895.20,4995.52,14575.38,1943.51
11664000.00,716983340420.89,-247306568328.87,-22899473100.66,4757.89,14699.24,2049.86
12096000.00,718983965692.84,-240929911295.59,-21991233739.55,4499.76,14822.56,2154.98
12528000.00,720868155536.56,-234500286106.09,-21038123738.50,4218.25,14944.24,2257.28
12960000.00,722625132310.56,-228018718094.07,-20041811419.63,3910.16,15062.71,2354.54
13392000.00,724242670663.82,-221487046846.53,-19005095796.88,3572.01,15175.74,2443.71
13824000.00,725707010993.30,-214908258459.08,-17932327253.61,3200.21,15280.21,2520.61
14256000.00,727002880362.73,-208286922497.95,-16829956557.46,2791.42,15371.86,2579.62
14688000.00,728113720195.15,-201629757446.54,-15707228570.56,2343.16,15444.94,2613.38
15120000.00,729022246963.58,-194946319699.62,-14576999737.44,1854.77,15492.02,2612.50
15552000.00,729711556126.47,-188249755591.77,-13456607962.17,1328.97,15503.92,2565.65
15984000.00,730166986765.25,-181557495175.63,-12368603513.87,773.80,15470.12,2460.22
16416000.00,730378877809.50,-174891601050.74,-11340981900.58,204.70,15379.99,2284.01
16848000.00,730346088509.59,-168278344936.57,-10406397152.89,-354.22,15225.18,2028.27
17280000.00,730079620021.82,-161746536986.32,-9599803968.22,-871.29,15002.87,1691.83
17712000.00,729604998590.41,-155324423553.09,-8954378215.58,-1312.05,14718.94,1284.57
18144000.00,728961835053.53,-149035592629.24,-8496417550.16,-1647.24,14389.02,828.27
18576000.00,728199769899.03,-142895146997.74,-8240834574.55,-1860.85,14036.07,352.91
19008000.00,727371696033.84,-136907623967.73,-8189046908.98,-1954.02,13685.04,-110.29
19440000.00,726526635328.22,-131067410865.60,-8330016519.22,-1942.74,13357.16,-535.86
19872000.00,725704621816.65,-125361192138.96,-8643692734.80,-1851.44,13066.52,-907.87
20304000.00,724934586730.23,-119771211913.40,-9105255792.72,-1706.09,12819.70,-1219.95
20736000.00,724234793518.74,-114278226089.33,-9688793672.99,-1529.55,12617.35,-1472.96
21168000.00,723614697146.73,-108863594769.86,-10369795979.36,-1339.59,12456.37,-1672.07
21600000.00,723077213556.75,-103510465707.86,-11126461555.60,-1148.78,12331.85,-1824.33
22032000.00,722620802077.14,-98204252205.90,-11940149682.87,-965.34,12238.37,-1937.14
22464000.00,722241121010.61,-92932681738.93,-12795326509.92,-794.19,12170.72,-2017.38
22896000.00,721932227083.75,-87685620406.60,-13679253062.10,-637.97,12124.25,-2071.07
23328000.00,721687389482.80,-82454799385.08,-14581579806.32,-497.78,12094.99,-2103.26
23760000.00,721499621442.35,-77233519742.00,-15493942592.41,-373.77,12079.63,-2118.10
24192000.00,721362015400.11,-72016381647.21,-16409599633.54,-265.49,12075.44,-2118.97
24624000.00,721267935541.45,-66799049516.29,-17323119955.29,-172.17,12080.22,-2108.58
25056000.00,721211120251.94,-61578051561.13,-18230126038.52,-92.85,12092.17,-2089.10
25488000.00,721185730716.73,-56350614835.38,-19127085131.69,-26.55,12109.83,-2062.30
25920000.00,721186365132.78,-51114532210.20,-20011141114.49,27.75,12132.04,-2029.56
26352000.00,721208049175.42,-45868055990.41,-20879980577.10,71.02,12157.82,-1992.00
26784000.00,721246214079.22,-40609810349.63,-21731726404.45,104.17,12186.42,-1950.54
27216000.00,721296671419.14,-35338720972.40,-22564852069.16,128.03,12217.19,-1905.90
27648000.00,721355584242.28,-30053959735.53,-23378113523.89,143.41,12249.64,-1858.66
28080000.00,721419436709.38,-24754899380.78,-24170495271.88,150.99,12283.34,-1809.29
28512000.00,721485005862.68,-19441076201.50,-24941166476.46,151.43,12317.94,-1758.20
28944000.00,721549335287.00,-14112160413.11,-25689445433.47,145.32,12353.17,-1705.67
29376000.00,721609710080.60,-8767932154.54,-26414771248.49,133.19,12388.80,-1651.96
29808000.00,721663633735.62,-3408261551.54,-27116681018.80,115.51,12424.63,-1597.29
30240000.00,721708807466.62,1966908030.98,-27794790848.99,92.73,12460.53,-1541.80
30672000.00,721743111792.07,7357573428.71,-28448780110.95,65.24,12496.35,-1485.64
31104000.00,721764589494.22,12763682573.47,-29078379018.86,33.39,12532.01,-1428.90
