0.00,272634761039.77,316389916015.76,-40453827318.73,-13843.92,10549.60,2883.21
432000.00,266608819428.77,320894370758.80,-39201591795.53,-14054.03,10302.78,2914.14
864000.00,260492931536.34,325291226498.75,-37936179057.30,-14260.30,10051.45,2944.21
1296000.00,254288778032.95,329578542765.83,-36657960129.76,-14462.64,9795.65,2973.42
1728000.00,247998083249.00,333754398952.86,-35367313453.29,-14660.93,9535.42,3001.74
2160000.00,241622615310.27,337816895358.12,-34064624874.86,-14855.08,9270.83,3029.16
2592000.00,235164186251.48,341764154251.30,-32750287635.18,-15044.98,9001.91,3055.67
3024000.00,228624652106.76,345594320962.55,-31424702350.96,-15230.53,8728.73,3081.23
3456000.00,222005912975.77,349305564994.39,-30088276991.83,-15411.63,8451.34,3105.84
3888000.00,215309913064.25,352896081156.37,-28741426852.02,-15588.19,8169.80,3129.49
4320000.00,208538640697.95,356364090722.22,-27384574516.28,-15760.09,7884.17,3152.15
4752000.00,201694128308.52,359707842608.82,-26018149820.10,-15927.23,7594.53,3173.80
5184000.00,194778452389.90,362925614576.49,-24642589803.70,-16089.51,7300.93,3194.43
5616000.00,187793733423.94,366015714449.82,-23258338659.81,-16246.84,7003.45,3214.03
6048000.00,180742135773.52,368976481358.54,-21865847674.71,-16399.10,6702.17,3232.57
6480000.00,173625867542.14,371806286997.81,-20465575162.57,-16546.21,6397.15,3250.05
6912000.00,166447180398.34,374503536907.19,-19057986392.71,-16688.04,6088.49,3266.44
7344000.00,159208369363.76,377066671767.59,-17643553509.51,-16824.52,5776.25,3281.73
7776000.00,151911772563.38,379494168715.11,-16222755444.98,-16955.54,5460.54,3295.90
8208000.00,144559770936.61,381784542670.99,-14796077823.46,-17080.99,5141.43,3308.94
8640000.00,137154787907.81,383936347686.50,-13364012858.47,-17200.79,4819.02,3320.84
9072000.00,129699289014.86,385948178301.59,-11927059241.34,-17314.83,4493.40,3331.57
9504000.00,122195781494.51,387818670916.26,-10485722021.55,-17423.01,4164.68,3341.12
9936000.00,114646813823.05,389546505172.99,-9040512478.39,-17525.25,3832.95,3349.49
10368000.00,107054975211.14,391130405349.13,-7591947983.95,-17621.45,3498.33,3356.65
10800000.00,99422895051.24,392569141757.47,-6140551857.03,-17711.52,3160.91,3362.59
11232000.00,91753242316.59,393861532153.70,-4686853207.99,-17795.37,2820.81,3367.30
11664000.00,84048724910.36,395006443149.06,-3231386774.23,-17872.90,2478.14,3370.77
12096000.00,76312088964.06,396002791626.86,-1774692746.21,-17944.03,2133.03,3372.98
12528000.00,68546118084.03,396849546160.78,-317316583.88,-18008.67,1785.59,3373.92
12960000.00,60753632545.18,397545728432.84,1140191176.63,-18066.74,1435.95,3373.58
13392000.00,52937488430.62,398090414648.93,2597275126.25,-18118.16,1084.24,3371.95
13824000.00,45100576716.39,398482736949.63,4053375196.14,-18162.85,730.58,3369.02
14256000.00,37245822300.33,398721884814.27,5507926881.01,-18200.73,375.11,3364.78
14688000.00,29376182974.25,398807106456.00,6960361472.51,-18231.73,17.97,3359.22
15120000.00,21494648338.85,398737710205.40,8410106302.95,-18255.77,-340.69,3352.32
15552000.00,13604238660.68,398513065880.27,9856584999.15,-18272.78,-700.75,3344.09
15984000.00,5708003670.67,398132606139.11,11299217746.63,-18282.70,-1062.04,3334.51
16416000.00,-2190978696.26,397595827815.56,12737421563.96,-18285.47,-1424.42,3323.58
16848000.00,-10089603620.65,396902293231.38,14170610587.46,-18281.02,-1787.74,3311.29
17280000.00,-17984740777.32,396051631484.93,15598196365.94,-18269.29,-2151.84,3297.63
17712000.00,-25873235773.54,395043539712.56,17019588165.56,-18250.23,-2516.56,3282.61
18144000.00,-33751911646.39,393877784319.90,18434193284.74,-18223.80,-2881.74,3266.21
18576000.00,-41617570419.37,392554202180.12,19841417378.81,-18189.94,-3247.21,3248.43
19008000.00,-49466994717.71,391072701796.21,21240664794.45,-18148.61,-3612.81,3229.27
19440000.00,-57296949442.02,389433264424.37,22631338913.55,-18099.77,-3978.37,3208.73
19872000.00,-65104183499.86,387635945155.76,24012842506.47,-18043.39,-4343.72,3186.81
20304000.00,-72885431594.08,385680873953.66,25384578094.31,-17979.43,-4708.67,3163.51
20736000.00,-80637416067.11,383568256643.14,26745948319.99,-17907.88,-5073.07,3138.82
21168000.00,-88356848799.89,381298375849.81,28096356327.79,-17828.70,-5436.71,3112.75
21600000.00,-96040433164.30,378871591884.68,29435206151.08,-17741.88,-5799.44,3085.31
22032000.00,-103684866027.55,376288343571.83,30761903107.76,-17647.42,-6161.05,3056.48
22464000.00,-111286839807.06,373549149016.21,32075854203.20,-17545.29,-6521.37,3026.29
22896000.00,-118843044573.95,370654606308.41,33376468540.06,-17435.50,-6880.22,2994.74
23328000.00,-126350170203.21,367605394163.59,34663157734.65,-17318.05,-7237.40,2961.82
23760000.00,-133804908568.45,364402272491.76,35935336339.34,-17192.94,-7592.73,2927.56
24192000.00,-141203955778.85,361046082896.57,37192422270.48,-17060.19,-7946.01,2891.95
24624000.00,-148544014455.90,357537749100.01,38433837241.26,-16919.82,-8297.06,2855.00
25056000.00,-155821796047.25,353878277290.31,39659007199.07,-16771.85,-8645.68,2816.73
25488000.00,-163034023174.77,350068756390.57,40867362766.53,-16616.31,-8991.69,2777.15
25920000.00,-170177432013.91,346110358245.76,42058339685.82,-16453.23,-9334.89,2736.28
26352000.00,-177248774701.21,342004337725.76,43231379265.42,-16282.65,-9675.08,2694.11
26784000.00,-184244821766.49,337752032742.22,44385928828.79,-16104.62,-10012.09,2650.67
27216000.00,-191162364586.45,333354864177.27,45521442164.12,-15919.19,-10345.71,2605.98
27648000.00,-197998217855.95,328814335722.18,46637379974.48,-15726.42,-10675.75,2560.04
28080000.00,-204749222073.70,324132033624.49,47733210327.73,-15526.36,-11002.02,2512.89
28512000.00,-211412246038.19,319309626342.44,48808409105.35,-15319.09,-11324.34,2464.53
28944000.00,-217984189350.19,314348864105.43,49862460449.50,-15104.68,-11642.51,2414.98
29376000.00,-224461984917.29,309251578379.34,50894857207.51,-14883.21,-11956.35,2364.27
29808000.00,-230842601456.54,304019681235.74,51905101372.91,-14654.77,-12265.66,2312.42
30240000.00,-237123045990.67,298655164624.27,52892704522.27,-14419.44,-12570.28,2259.45
30672000.00,-243300366333.73,293160099547.66,53857188247.04,-14177.33,-12870.01,2205.39
31104000.00,-249371653561.74,287536635139.40,54798084579.48,-13928.54,-13164.67,2150.25
