0.00,666964751435.99,-372869122935.04,-15907912348.11,6836.80,9984.61,0.02
200000.00,668325217113.11,-370871503656.21,-15907432250.08,6767.08,9991.67,4.83
400000.00,669671690117.79,-368872460182.83,-15905985452.89,6696.86,9998.86,9.69
600000.00,671004068789.73,-366871965658.15,-15903562086.70,6626.13,10006.18,14.60
800000.00,672322249744.86,-364869991132.64,-15900152127.72,6554.88,10013.66,19.56
1000000.00,673626127857.71,-362866505451.90,-15895745400.28,6483.10,10021.30,24.57
1200000.00,674915596230.73,-360861475136.91,-15890331576.41,6410.77,10029.11,29.63
1400000.00,676190546160.73,-358854864271.27,-15883900173.95,6337.90,10037.11,34.74
1600000.00,677450867106.45,-356846634353.14,-15876440557.22,6264.48,10045.31,39.91
1800000.00,678696446691.27,-354836744161.29,-15867941943.14,6190.48,10053.72,45.13
2000000.00,679927170668.71,-352825149623.89,-15858393399.59,6115.91,10062.35,50.41
2200000.00,681142922900.63,-350811803666.57,-15847783846.36,6040.76,10071.24,55.75
2400000.00,682343585344.02,-348796656051.54,-15836102058.57,5965.01,10080.38,61.14
2600000.00,683529038048.09,-346779653214.23,-15823336671.76,5888.65,10089.79,66.58
2800000.00,684699159153.67,-344760738096.39,-15809476186.97,5811.68,10099.51,72.09
3000000.00,685853824887.19,-342739849978.05,-15794508974.41,5734.09,10109.53,77.65
3200000.00,686992909548.59,-340716924294.20,-15778423275.87,5655.87,10119.89,83.27
3400000.00,688116285519.83,-338691892424.73,-15761207212.03,5577.00,10130.60,88.95
3600000.00,689223823314.74,-336664681493.42,-15742848797.27,5497.48,10141.69,94.70
3800000.00,690315391588.41,-334635214187.37,-15723335944.68,5417.29,10153.17,100.50
4000000.00,691390857133.33,-332603408531.53,-15702656469.30,5336.44,10165.08,106.36
4200000.00,692450084934.02,-330569177641.32,-15680798103.24,5254.91,10177.43,112.29
4400000.00,693492938237.60,-328532429496.96,-15657748512.97,5172.69,10190.26,118.28
4600000.00,694519278590.53,-326493066717.18,-15633495308.69,5089.77,10203.59,124.33
4800000.00,695528965888.67,-324450986291.35,-15608026056.57,5006.15,10217.45,130.44
5000000.00,696521858477.49,-322406079311.20,-15581328299.90,4921.81,10231.86,136.61
5200000.00,697497813241.33,-320358230711.39,-15553389577.34,4836.76,10246.87,142.85
5400000.00,698456685690.33,-318307318983.69,-15524197440.68,4750.98,10262.51,149.15
5600000.00,699398330091.35,-316253215872.94,-15493739480.35,4664.47,10278.80,155.51
5800000.00,700322599622.19,-314195786084.97,-15462003353.99,4577.23,10295.79,161.93
6000000.00,701229346513.10,-312134886992.17,-15428976811.25,4489.24,10313.51,168.41
6200000.00,702118422184.67,-310070368310.12,-15394647716.75,4400.51,10332.00,174.95
6400000.00,702989677441.74,-308002071736.98,-15359004083.00,4311.03,10351.30,181.56
6600000.00,703842962740.66,-305929830614.65,-15322034116.13,4220.80,10371.46,188.22
6800000.00,704678128442.37,-303853469619.02,-15283726257.86,4129.82,10392.52,194.94
7000000.00,705495025030.54,-301772804426.49,-15244069219.06,4038.10,10414.52,201.71
7200000.00,706293503362.17,-299687641326.21,-15203052016.77,3945.63,10437.51,208.54
7400000.00,707073415022.57,-297597776818.20,-15160664028.88,3852.43,10461.55,215.42
7600000.00,707834612740.86,-295502997260.70,-15116895060.21,3758.49,10486.68,222.35
7800000.00,708576950778.78,-293403078541.72,-15071735402.11,3663.83,10512.96,229.33
8000000.00,709300285298.92,-291297785717.29,-15025175884.14,3568.45,10540.45,236.35
8200000.00,710004474787.15,-289186872595.86,-14977207931.12,3472.37,10569.19,243.41
8400000.00,710689380606.36,-287070081336.44,-14927823642.29,3375.61,10599.25,250.51
8600000.00,711354867604.27,-284947142112.39,-14877015879.77,3278.18,10630.69,257.64
8800000.00,712000804703.30,-282817772795.19,-14824778352.21,3180.11,10663.58,264.81
9000000.00,712627065495.59,-280681678612.43,-14771105695.18,3081.41,10697.97,271.99
9200000.00,713233528919.08,-278538551785.37,-14715993560.46,2982.13,10733.93,279.20
9400000.00,713820080043.60,-276388071206.94,-14659438721.26,2882.29,10771.53,286.42
9600000.00,714386610895.46,-274229902179.12,-14601439182.83,2781.93,10810.84,293.65
9800000.00,714933021307.39,-272063696154.22,-14541994292.93,2681.09,10851.93,300.87
