0.00,2213904199121.12,-4635650029271.20,-144364879423.97,4908.35,1018.46,-1604.36
1200.00,2213910089144.71,-4635648807116.00,-144366804657.40,4907.36,1018.94,-1601.87
2400.00,2213915977979.81,-4635647584384.11,-144368726907.19,4906.40,1019.45,-1599.39
3600.00,2213921865655.41,-4635646361041.88,-144370646169.92,4905.45,1019.99,-1596.89
4800.00,2213927752200.66,-4635645137055.79,-144372562442.76,4904.54,1020.55,-1594.40
6000.00,2213933637644.93,-4635643912392.47,-144374475723.39,4903.64,1021.14,-1591.91
7200.00,2213939522017.74,-4635642687018.73,-144376386010.08,4902.78,1021.76,-1589.41
8400.00,2213945405348.80,-4635641460901.51,-144378293301.67,4901.93,1022.41,-1586.91
9600.00,2213951287667.97,-4635640234007.95,-144380197597.52,4901.11,1023.09,-1584.42
10800.00,2213957169005.29,-4635639006305.33,-144382098897.59,4900.32,1023.79,-1581.92
12000.00,2213963049390.94,-4635637777761.15,-144383997202.39,4899.55,1024.52,-1579.43
13200.00,2213968928855.25,-4635636548343.06,-144385892512.96,4898.81,1025.27,-1576.93
14400.00,2213974807428.69,-4635635318018.92,-144387784830.93,4898.09,1026.05,-1574.44
15600.00,2213980685141.88,-4635634086756.79,-144389674158.48,4897.40,1026.86,-1571.95
16800.00,2213986562025.56,-4635632854524.93,-144391560498.34,4896.74,1027.69,-1569.46
18000.00,2213992438110.59,-4635631621291.81,-144393443853.79,4896.10,1028.55,-1566.98
19200.00,2213998313427.97,-4635630387026.12,-144395324228.68,4895.48,1029.44,-1564.50
20400.00,2214004188008.78,-4635629151696.75,-144397201627.39,4894.90,1030.35,-1562.02
21600.00,2214010061884.25,-4635627915272.84,-144399076054.87,4894.33,1031.29,-1559.55
22800.00,2214015935085.67,-4635626677723.76,-144400947516.61,4893.80,1032.25,-1557.09
24000.00,2214021807644.45,-4635625439019.11,-144402816018.65,4893.29,1033.24,-1554.62
25200.00,2214027679592.09,-4635624199128.74,-144404681567.58,4892.81,1034.25,-1552.17
26400.00,2214033550960.15,-4635622958022.75,-144406544170.53,4892.35,1035.29,-1549.72
27600.00,2214039421780.29,-4635621715671.48,-144408403835.18,4891.92,1036.35,-1547.28
28800.00,2214045292084.24,-4635620472045.54,-144410260569.73,4891.52,1037.44,-1544.84
30000.00,2214051161903.78,-4635619227115.82,-144412114382.94,4891.14,1038.55,-1542.42
31200.00,2214057031270.75,-4635617980853.45,-144413965284.10,4890.79,1039.69,-1540.00
32400.00,2214062900217.06,-4635616733229.86,-144415813283.03,4890.46,1040.84,-1537.59
33600.00,2214068768774.66,-4635615484216.75,-144417658390.08,4890.17,1042.03,-1535.19
34800.00,2214074636975.52,-4635614233786.11,-144419500616.14,4889.90,1043.23,-1532.80
36000.00,2214080504851.66,-4635612981910.21,-144421339972.61,4889.65,1044.46,-1530.42
37200.00,2214086372435.14,-4635611728561.65,-144423176471.43,4889.44,1045.71,-1528.04
38400.00,2214092239758.02,-4635610473713.28,-144425010125.06,4889.25,1046.98,-1525.68
39600.00,2214098106852.39,-4635609217338.29,-144426840946.45,4889.08,1048.27,-1523.34
40800.00,2214103973750.34,-4635607959410.18,-144428668949.09,4888.94,1049.59,-1521.00
42000.00,2214109840483.96,-4635606699902.76,-144430494146.99,4888.83,1050.93,-1518.67
43200.00,2214115707085.35,-4635605438790.14,-144432316554.64,4888.75,1052.29,-1516.36
44400.00,2214121573586.60,-4635604176046.79,-144434136187.06,4888.69,1053.67,-1514.06
45600.00,2214127440019.77,-4635602911647.49,-144435953059.74,4888.66,1055.07,-1511.77
46800.00,2214133306416.91,-4635601645567.35,-144437767188.72,4888.66,1056.49,-1509.50
48000.00,2214139172810.04,-4635600377781.82,-144439578590.47,4888.68,1057.93,-1507.24
49200.00,2214145039231.15,-4635599108266.71,-144441387282.00,4888.73,1059.39,-1505.00
50400.00,2214150905712.18,-4635597836998.15,-144443193280.79,4888.81,1060.87,-1502.77
51600.00,2214156772285.03,-4635596563952.64,-144444996604.79,4888.91,1062.37,-1500.56
52800.00,2214162638981.55,-4635595289107.03,-144446797272.44,4889.04,1063.89,-1498.36
54000.00,2214168505833.53,-4635594012438.52,-144448595302.66,4889.20,1065.43,-1496.18
55200.00,2214174372872.68,-4635592733924.69,-144450390714.82,4889.38,1066.98,-1494.01
56400.00,2214180240130.68,-4635591453543.47,-144452183528.79,4889.59,1068.56,-1491.86
57600.00,2214186107639.09,-4635590171273.17,-144453973764.86,4889.83,1070.15,-1489.73
58800.00,2214191975429.41,-4635588887092.47,-144455761443.80,4890.09,1071.76,-1487.62
60000.00,2214197843533.04,-4635587600980.44,-144457546586.83,4890.37,1073.39,-1485.52
61200.00,2214203711981.30,-4635586312916.51,-144459329215.62,4890.69,1075.03,-1483.45
62400.00,2214209580805.40,-4635585022880.51,-144461109352.27,4891.03,1076.69,-1481.39
63600.00,2214215450036.44,-4635583730852.66,-144462887019.32,4891.39,1078.37,-1479.35
64800.00,2214221319705.41,-4635582436813.57,-144464662239.75,4891.78,1080.06,-1477.33
66000.00,2214227189843.20,-4635581140744.23,-144466435036.96,4892.20,1081.77,-1475.33
67200.00,2214233060480.54,-4635579842626.04,-144468205434.79,4892.64,1083.49,-1473.35
68400.00,2214238931648.06,-4635578542440.82,-144469973457.46,4893.11,1085.23,-1471.39
69600.00,2214244803376.25,-4635577240170.76,-144471739129.64,4893.60,1086.98,-1469.46
70800.00,2214250675695.44,-4635575935798.47,-144473502476.39,4894.12,1088.74,-1467.54
72000.00,2214256548635.83,-4635574629306.97,-144475263523.16,4894.66,1090.52,-1465.64
73200.00,2214262422227.47,-4635573320679.71,-144477022295.81,4895.23,1092.32,-1463.77
74400.00,2214268296500.24,-4635572009900.53,-144478778820.58,4895.82,1094.12,-1461.92
75600.00,2214274171483.86,-4635570696953.69,-144480533124.11,4896.44,1095.94,-1460.09
76800.00,2214280047207.88,-4635569381823.89,-144482285233.39,4897.08,1097.77,-1458.29
78000.00,2214285923701.68,-4635568064496.23,-144484035175.81,4897.74,1099.62,-1456.50
79200.00,2214291800994.44,-4635566744956.24,-144485782979.10,4898.43,1101.47,-1454.74
80400.00,2214297679115.19,-4635565423189.89,-144487528671.38,4899.15,1103.34,-1453.01
81600.00,2214303558092.74,-4635564099183.56,-144489272281.09,4899.89,1105.22,-1451.30
82800.00,2214309437955.70,-4635562772924.08,-144491013837.04,4900.65,1107.10,-1449.61
84000.00,2214315318732.50,-4635561444398.68,-144492753368.37,4901.43,1109.00,-1447.95
85200.00,2214321200451.36,-4635560113595.07,-144494490904.57,4902.24,1110.91,-1446.31
