0.00,2196852362466.82,1972192062626.76,-21139624915.77,-5606.78,3650.78,0.57
7200.00,2196769704360.98,1972280311792.58,-21133363158.89,23563.65,91004.60,3184.88
14400.00,2196936795155.59,1972926669072.46,-21110780730.16,23151.04,89592.01,3129.64
21600.00,2197103420631.81,1973571540639.75,-21088254417.87,23136.85,89548.39,3128.02
28800.00,2197269985619.55,1974216227200.75,-21065734932.88,23131.84,89533.17,3127.46
36000.00,2197436524718.26,1974860835526.75,-21043218316.04,23129.25,89525.41,3127.18
43200.00,2197603049177.57,1975505400218.90,-21020703286.68,23127.65,89520.68,3127.01
50400.00,2197769564092.81,1976149936925.35,-20998189266.11,23126.55,89517.48,3126.89
57600.00,2197936072209.02,1976794454068.54,-20975675943.02,23125.74,89515.17,3126.81
64800.00,2198102575175.67,1977438956706.14,-20953163130.54,23125.11,89513.41,3126.75
72000.00,2198269074061.83,1978083448114.59,-20930650707.63,23124.60,89512.03,3126.70
79200.00,2198435569600.19,1978727930538.34,-20908138591.40,23124.17,89510.90,3126.66
86400.00,2198602062314.86,1979372405582.38,-20885626722.61,23123.81,89509.97,3126.63
93600.00,2198768552593.79,1980016874434.26,-20863115057.41,23123.50,89509.18,3126.61
100800.00,2198935040732.21,1980661337997.36,-20840603562.45,23123.21,89508.49,3126.59
108000.00,2199101526960.03,1981305796974.94,-20818092211.79,23122.96,89507.90,3126.57
115200.00,2199268011459.78,1981950251925.17,-20795580984.84,23122.73,89507.37,3126.55
122400.00,2199434494378.86,1982594703298.53,-20773069864.97,23122.52,89506.90,3126.54
129600.00,2199600975838.00,1983239151463.83,-20750558838.59,23122.33,89506.48,3126.53
136800.00,2199767455937.33,1983883596726.85,-20728047894.42,23122.15,89506.10,3126.51
144000.00,2199933934760.86,1984528039343.93,-20705537023.02,23121.97,89505.75,3126.51
151200.00,2200100412379.72,1985172479532.09,-20683026216.38,23121.81,89505.42,3126.50
158400.00,2200266888854.74,1985816917476.68,-20660515467.69,23121.66,89505.12,3126.49
165600.00,2200433364238.28,1986461353337.28,-20638004771.06,23121.51,89504.84,3126.48
172800.00,2200599838575.82,1987105787252.24,-20615494121.41,23121.36,89504.58,3126.48
180000.00,2200766311907.06,1987750219342.33,-20592983514.28,23121.23,89504.34,3126.47
187200.00,2200932784266.88,1988394649713.56,-20570472945.79,23121.10,89504.10,3126.47
194400.00,2201099255686.12,1989039078459.49,-20547962412.49,23120.97,89503.88,3126.46
201600.00,2201265726192.15,1989683505663.16,-20525451911.32,23120.84,89503.67,3126.46
208800.00,2201432195809.39,1990327931398.58,-20502941439.58,23120.72,89503.48,3126.45
216000.00,2201598664559.75,1990972355731.96,-20480430994.83,23120.60,89503.28,3126.45
223200.00,2201765132462.91,1991616778722.85,-20457920574.90,23120.48,89503.10,3126.45
230400.00,2201931599536.67,1992261200424.94,-20435410177.80,23120.37,89502.93,3126.44
237600.00,2202098065797.16,1992905620886.82,-20412899801.76,23120.26,89502.76,3126.44
244800.00,2202264531259.03,1993550040152.64,-20390389445.18,23120.15,89502.59,3126.44
252000.00,2202430995935.69,1994194458262.59,-20367879106.56,23120.04,89502.44,3126.43
259200.00,2202597459839.36,1994838875253.40,-20345368784.59,23119.93,89502.28,3126.43
266400.00,2202763922981.27,1995483291158.70,-20322858478.02,23119.83,89502.14,3126.43
273600.00,2202930385371.79,1996127706009.37,-20300348185.73,23119.72,89501.99,3126.43
280800.00,2203096847020.42,1996772119833.85,-20277837906.69,23119.62,89501.85,3126.43
288000.00,2203263307936.00,1997416532658.35,-20255327639.94,23119.52,89501.71,3126.43
295200.00,2203429768126.67,1998060944507.12,-20232817384.60,23119.42,89501.58,3126.42
302400.00,2203596227600.03,1998705355402.63,-20210307139.85,23119.32,89501.45,3126.42
309600.00,2203762686363.13,1999349765365.72,-20187796904.95,23119.22,89501.32,3126.42
316800.00,2203929144422.54,1999994174415.77,-20165286679.18,23119.13,89501.19,3126.42
324000.00,2204095601784.41,2000638582570.86,-20142776461.90,23119.03,89501.07,3126.42
331200.00,2204262058454.48,2001282989847.84,-20120266252.49,23118.93,89500.95,3126.42
338400.00,2204428514438.16,2001927396262.45,-20097756050.39,23118.84,89500.83,3126.42
345600.00,2204594969740.49,2002571801829.45,-20075245855.07,23118.74,89500.71,3126.42
352800.00,2204761424366.23,2003216206562.66,-20052735666.03,23118.65,89500.60,3126.41
360000.00,2204927878319.87,2003860610475.05,-20030225482.80,23118.56,89500.49,3126.41
367200.00,2205094331605.62,2004505013578.83,-20007715304.95,23118.47,89500.38,3126.41
374400.00,2205260784227.49,2005149415885.47,-19985205132.07,23118.37,89500.27,3126.41
381600.00,2205427236189.25,2005793817405.80,-19962694963.78,23118.28,89500.16,3126.41
388800.00,2205593687494.47,2006438218150.02,-19940184799.70,23118.19,89500.05,3126.41
396000.00,2205760138146.54,2007082618127.81,-19917674639.50,23118.10,89499.94,3126.41
403200.00,2205926588148.69,2007727017348.25,-19895164482.85,23118.01,89499.84,3126.41
410400.00,2206093037503.96,2008371415819.99,-19872654329.45,23117.92,89499.74,3126.41
417600.00,2206259486215.29,2009015813551.23,-19850144179.01,23117.83,89499.63,3126.41
424800.00,2206425934285.44,2009660210549.72,-19827634031.26,23117.74,89499.53,3126.41
432000.00,2206592381717.06,2010304606822.84,-19805123885.93,23117.65,89499.43,3126.41
439200.00,2206758828512.67,2010949002377.59,-19782613742.79,23117.57,89499.33,3126.41
446400.00,2206925274674.69,2011593397220.65,-19760103601.60,23117.48,89499.23,3126.41
453600.00,2207091720205.44,2012237791358.36,-19737593462.13,23117.39,89499.14,3126.41
460800.00,2207258165107.13,2012882184796.77,-19715083324.18,23117.30,89499.04,3126.41
468000.00,2207424609381.88,2013526577541.66,-19692573187.55,23117.22,89498.94,3126.41
475200.00,2207591053031.73,2014170969598.53,-19670063052.05,23117.13,89498.85,3126.41
482400.00,2207757496058.62,2014815360972.65,-19647552917.50,23117.04,89498.75,3126.41
489600.00,2207923938464.45,2015459751669.04,-19625042783.72,23116.96,89498.66,3126.41
496800.00,2208090380251.02,2016104141692.52,-19602532650.55,23116.87,89498.57,3126.41
504000.00,2208256821420.07,2016748531047.69,-19580022517.84,23116.79,89498.48,3126.41
511200.00,2208423261973.28,2017392919738.96,-19557512385.43,23116.70,89498.38,3126.41
518400.00,2208589701912.27,2018037307770.58,-19535002253.19,23116.62,89498.29,3126.41
