0.00,2196848365463.06,1972188243819.91,-21178111385.19,-9960.46,4944.57,54.45
432000.00,2201448687291.75,1976918524259.92,-13708389121.84,11011.69,10968.51,17375.72
864000.00,2206202685335.53,1981655176866.48,-6204306432.23,10999.29,10961.13,17367.33
1296000.00,2210952719137.88,1986389200470.27,1297699179.82,10991.95,10955.78,17364.55
1728000.00,2215699904895.82,1991121045761.16,8798855801.10,10985.88,10950.96,17363.15
2160000.00,2220444596963.04,1995850858606.08,16299540776.16,10980.34,10946.35,17362.30
2592000.00,2225186958092.39,2000578708309.64,23799917864.21,10975.07,10941.86,17361.70
3024000.00,2229927079423.81,2005304635572.23,31300071122.24,10969.96,10937.44,17361.25
3456000.00,2234665019132.71,2010028667926.77,38800048001.05,10964.96,10933.08,17360.88
3888000.00,2239400818070.08,2014750825982.80,46299876778.11,10960.04,10928.76,17360.56
4320000.00,2244134507095.38,2019471126353.12,53799574728.45,10955.19,10924.48,17360.27
4752000.00,2248866110892.12,2024189583176.23,61299152375.23,10950.39,10920.23,17360.00
5184000.00,2253595650114.56,2028906208972.61,68798615880.45,10945.63,10916.00,17359.74
5616000.00,2258323142671.29,2033621015156.63,76297968474.14,10940.91,10911.80,17359.49
6048000.00,2263048604531.43,2038334012357.93,83797211351.58,10936.23,10907.63,17359.23
6480000.00,2267772050251.66,2043045210631.47,91296344259.61,10931.58,10903.48,17358.98
6912000.00,2272493493332.69,2047754619599.51,98795365893.00,10926.96,10899.35,17358.72
7344000.00,2277212946467.26,2052462248550.33,106294274169.94,10922.37,10895.24,17358.45
7776000.00,2281930421717.06,2057168106508.68,113793066428.47,10917.80,10891.15,17358.18
8208000.00,2286645930641.79,2061872202286.96,121291739569.45,10913.26,10887.08,17357.90
8640000.00,2291359484394.86,2066574544523.33,128790290162.49,10908.75,10883.03,17357.61
9072000.00,2296071093795.77,2071275141710.39,136288714525.91,10904.26,10879.00,17357.31
9504000.00,2300780769385.51,2075974002217.08,143787008787.75,10899.80,10874.99,17357.01
9936000.00,2305488521469.64,2080671134305.75,151285168933.10,10895.35,10871.00,17356.69
10368000.00,2310194360152.20,2085366546145.55,158783190841.13,10890.94,10867.02,17356.37
10800000.00,2314898295362.57,2090060245822.96,166281070314.38,10886.54,10863.07,17356.03
11232000.00,2319600336877.14,2094752241350.32,173778803102.16,10882.17,10859.13,17355.69
11664000.00,2324300494336.71,2099442540672.66,181276384919.34,10877.82,10855.22,17355.34
12096000.00,2328998777260.90,2104131151673.30,188773811461.62,10873.49,10851.32,17354.97
12528000.00,2333695195059.90,2108818082178.41,196271078417.95,10869.19,10847.44,17354.60
12960000.00,2338389757044.19,2113503339960.82,203768181480.67,10864.90,10843.57,17354.21
13392000.00,2343082472432.72,2118186932743.08,211265116353.98,10860.64,10839.73,17353.82
13824000.00,2347773350359.72,2122868868200.19,218761878760.78,10856.39,10835.90,17353.41
14256000.00,2352462399880.54,2127549153961.70,226258464448.46,10852.17,10832.09,17353.00
14688000.00,2357149629976.51,2132227797613.64,233754869193.65,10847.97,10828.30,17352.58
15120000.00,2361835049559.10,2136904806700.05,241251088806.23,10843.79,10824.52,17352.14
15552000.00,2366518667473.59,2141580188724.37,248747119132.56,10839.63,10820.77,17351.70
15984000.00,2371200492502.14,2146253951150.51,256242956058.32,10835.49,10817.02,17351.25
16416000.00,2375880533366.42,2150926101403.94,263738595510.71,10831.37,10813.30,17350.79
16848000.00,2380558798730.01,2155596646872.42,271234033460.43,10827.27,10809.60,17350.31
17280000.00,2385235297200.38,2160265594906.84,278729265923.15,10823.19,10805.91,17349.83
17712000.00,2389910037330.73,2164932952821.81,286224288960.89,10819.13,10802.23,17349.34
18144000.00,2394583027621.46,2169598727896.17,293719098682.98,10815.09,10798.58,17348.85
18576000.00,2399254276521.66,2174262927373.60,301213691246.97,10811.07,10794.94,17348.34
19008000.00,2403923792430.28,2178925558462.89,308708062859.23,10807.06,10791.32,17347.82
19440000.00,2408591583697.22,2183586628338.46,316202209775.51,10803.08,10787.71,17347.30
19872000.00,2413257658624.30,2188246144140.57,323696128301.30,10799.12,10784.12,17346.77
20304000.00,2417922025466.15,2192904112975.72,331189814792.12,10795.17,10780.55,17346.23
20736000.00,2422584692431.00,2197560541916.85,338683265653.68,10791.25,10776.99,17345.68
21168000.00,2427245667681.35,2202215438003.58,346176477341.94,10787.34,10773.45,17345.12
21600000.00,2431904959334.68,2206868808242.43,353669446363.19,10783.45,10769.93,17344.55
22032000.00,2436562575463.97,2211520659607.02,361162169273.95,10779.58,10766.42,17343.98
22464000.00,2441218524098.23,2216170999038.25,368654642680.88,10775.73,10762.93,17343.40
22896000.00,2445872813223.03,2220819833444.39,376146863240.61,10771.90,10759.45,17342.81
23328000.00,2450525450780.90,2225467169701.35,383638827659.59,10768.09,10755.99,17342.21
23760000.00,2455176444671.77,2230113014652.68,391130532693.80,10764.29,10752.55,17341.61
24192000.00,2459825802753.35,2234757375109.79,398621975148.50,10760.51,10749.12,17341.00
24624000.00,2464473532841.51,2239400257852.02,406113151877.96,10756.76,10745.71,17340.38
25056000.00,2469119642710.53,2244041669626.75,413604059785.12,10753.01,10742.31,17339.75
25488000.00,2473764140093.46,2248681617149.55,421094695821.23,10749.29,10738.93,17339.12
25920000.00,2478407032682.45,2253320107104.21,428585056985.53,10745.58,10735.56,17338.48
26352000.00,2483048328128.97,2257957146142.86,436075140324.85,10741.90,10732.21,17337.83
26784000.00,2487688034044.05,2262592740886.12,443564942933.20,10738.23,10728.88,17337.18
27216000.00,2492326157998.62,2267226897923.07,451054461951.41,10734.57,10725.56,17336.52
27648000.00,2496962707523.66,2271859623811.47,458543694566.68,10730.94,10722.25,17335.85
28080000.00,2501597690110.44,2276490925077.75,466032638012.18,10727.32,10718.96,17335.18
28512000.00,2506231113210.78,2281120808217.11,473521289566.59,10723.72,10715.69,17334.50
28944000.00,2510862984237.23,2285749279693.62,481009646553.71,10720.13,10712.42,17333.82
29376000.00,2515493310563.26,2290376345940.29,488497706341.96,10716.57,10709.18,17333.13
29808000.00,2520122099523.49,2295002013359.17,495985466343.99,10713.01,10705.95,17332.43
30240000.00,2524749358413.86,2299626288321.43,503472924016.18,10709.48,10702.73,17331.73
30672000.00,2529375094491.82,2304249177167.34,510960076858.22,10705.96,10699.53,17331.02
31104000.00,2533999314976.51,2308870686206.52,518446922412.63,10702.46,10696.34,17330.30
