0.00,254623207417.24,-391557683314.76,15689104036.78,15343.88,8435.32,-874.19
432000.00,261220914072.06,-387866759871.50,15309585767.61,15200.05,8652.54,-882.83
864000.00,267755812264.13,-384082609198.60,14926387552.33,15053.10,8866.91,-891.23
1296000.00,274226569721.60,-380206474047.02,14539614091.29,14903.10,9078.38,-899.38
1728000.00,280631883433.49,-376239616027.34,14149370403.64,14750.12,9286.91,-907.29
2160000.00,286970479853.12,-372183314803.19,13755761776.59,14594.23,9492.45,-914.96
2592000.00,293241115077.52,-368038867287.56,13358893715.42,14435.49,9694.97,-922.38
3024000.00,299442575001.23,-363807586843.14,12958871894.34,14273.98,9894.44,-929.56
3456000.00,305573675446.73,-359490802487.00,12555802108.29,14109.76,10090.81,-936.49
3888000.00,311633262270.11,-355089858101.02,12149790225.71,13942.90,10284.05,-943.18
4320000.00,317620211443.94,-350606111647.71,11740942142.21,13773.47,10474.14,-949.62
4752000.00,323533429117.74,-346040934393.16,11329363735.17,13601.55,10661.03,-955.82
5184000.00,329371851655.05,-341395710137.35,10915160819.39,13427.20,10844.71,-961.77
5616000.00,335134445649.15,-336671834451.98,10498439103.79,13250.50,11025.14,-967.48
6048000.00,340820207918.03,-331870713927.05,10079304149.04,13071.50,11202.31,-972.94
6480000.00,346428165478.98,-326993765426.84,9657861326.37,12890.29,11376.18,-978.16
6912000.00,351957375503.07,-322042415355.78,9234215777.37,12706.94,11546.75,-983.14
7344000.00,357406925250.02,-317018098934.53,8808472375.00,12521.50,11713.98,-987.87
7776000.00,362775931984.59,-311922259486.73,8380735685.71,12334.06,11877.86,-992.37
8208000.00,368063542875.19,-306756347736.92,7951109932.50,12144.67,12038.37,-996.62
8640000.00,373268934875.11,-301521821120.34,7519698959.30,11953.42,12195.51,-1000.63
9072000.00,378391314586.48,-296220143104.74,7086606196.38,11760.36,12349.25,-1004.40
9504000.00,383429918108.05,-290852782524.36,6651934626.93,11565.57,12499.58,-1007.94
9936000.00,388384010867.71,-285421212926.50,6215786754.77,11369.12,12646.50,-1011.24
10368000.00,393252887440.19,-279926911931.26,5778264573.21,11171.06,12789.99,-1014.30
10800000.00,398035871350.29,-274371360604.39,5339469534.96,10971.47,12930.05,-1017.13
11232000.00,402732314862.76,-268756042843.65,4899502523.32,10770.41,13066.67,-1019.73
11664000.00,407341598759.22,-263082444778.91,4458463824.34,10567.96,13199.85,-1022.09
12096000.00,411863132102.65,-257352054186.34,4016453100.25,10364.17,13329.59,-1024.22
12528000.00,416296351989.33,-251566359916.33,3573569363.84,10159.11,13455.88,-1026.13
12960000.00,420640723289.89,-245726851335.20,3129910954.09,9952.84,13578.72,-1027.81
13392000.00,424895738379.94,-239835017780.97,2685575512.67,9745.43,13698.11,-1029.27
13824000.00,429060916860.99,-233892348033.51,2240659961.64,9536.94,13814.06,-1030.50
14256000.00,433135805271.57,-227900329799.22,1795260482.09,9327.43,13926.57,-1031.51
14688000.00,437119976788.78,-221860449209.83,1349472494.05,9116.96,14035.63,-1032.29
15120000.00,441013030921.83,-215774190335.13,903390637.28,8905.59,14141.27,-1032.87
15552000.00,444814593198.40,-209643034709.87,457108753.10,8693.39,14243.48,-1033.22
15984000.00,448524314844.33,-203468460875.03,10719867.11,8480.41,14342.27,-1033.36
16416000.00,452141872456.51,-197251943933.67,-435683827.08,8266.71,14437.65,-1033.29
16848000.00,455666967668.66,-190994955121.06,-882010983.11,8052.35,14529.63,-1033.01
17280000.00,459099326810.91,-184698961388.26,-1328171116.17,7837.39,14618.22,-1032.51
17712000.00,462438700565.01,-178365424999.28,-1774074616.36,7621.87,14703.43,-1031.82
18144000.00,465684863615.19,-171995803142.01,-2219632761.35,7405.86,14785.27,-1030.92
18576000.00,468837614295.47,-165591547552.84,-2664757728.06,7189.41,14863.76,-1029.81
19008000.00,471896774233.06,-159154104155.25,-3109362603.68,6972.58,14938.91,-1028.51
19440000.00,474862187987.59,-152684912711.81,-3553361395.60,6755.41,15010.74,-1027.01
19872000.00,477733722687.21,-146185406488.96,-3996669040.67,6537.96,15079.25,-1025.31
20304000.00,480511267662.56,-139657011934.46,-4439201413.69,6320.28,15144.47,-1023.42
20736000.00,483194734079.04,-133101148367.65,-4880875335.21,6102.42,15206.41,-1021.33
21168000.00,485784054567.56,-126519227682.16,-5321608578.63,5884.43,15265.10,-1019.06
21600000.00,488279182854.06,-119912654061.13,-5761319876.70,5666.35,15320.54,-1016.60
22032000.00,490680093387.58,-113282823704.71,-6199928927.31,5448.24,15372.76,-1013.96
22464000.00,492986780967.43,-106631124569.14,-6637356398.54,5230.14,15421.78,-1011.13
22896000.00,495199260370.31,-99958936117.37,-7073523933.28,5012.10,15467.61,-1008.12
23328000.00,497317565977.63,-93267629081.02,-7508354153.12,4794.16,15510.28,-1004.94
23760000.00,499341751403.36,-86558565233.29,-7941770661.78,4576.37,15549.81,-1001.58
24192000.00,501271889123.18,-79833097173.01,-8373698048.04,4358.76,15586.22,-998.04
24624000.00,503108070104.45,-73092568119.38,-8804061888.14,4141.39,15619.53,-994.34
25056000.00,504850403437.21,-66338311717.22,-9232788747.66,3924.29,15649.77,-990.47
25488000.00,506499015967.18,-59571651852.22,-9659806183.06,3707.51,15676.95,-986.43
25920000.00,508054051930.62,-52793902476.32,-10085042742.66,3491.07,15701.10,-982.22
26352000.00,509515672590.94,-46006367442.80,-10508427967.31,3275.04,15722.25,-977.85
26784000.00,510884055877.75,-39210340350.59,-10929892390.57,3059.43,15740.41,-973.33
27216000.00,512159396029.03,-32407104397.71,-11349367538.57,2844.29,15755.61,-968.64
27648000.00,513341903236.39,-25597932243.94,-11766785929.50,2629.65,15767.89,-963.81
28080000.00,514431803293.31,-18784085882.14,-12182081072.80,2415.56,15777.25,-958.81
28512000.00,515429337247.08,-11966816518.25,-12595187467.99,2202.04,15783.73,-953.67
28944000.00,516334761054.52,-5147364459.77,-13006040603.27,1989.13,15787.35,-948.38
29376000.00,517148345240.72,1673040987.28,-13414576953.77,1776.86,15788.14,-942.95
29808000.00,517870374560.94,8493181613.80,-13820733979.53,1565.27,15786.12,-937.37
30240000.00,518501147666.80,15311850395.57,-14224450123.16,1354.39,15781.32,-931.65
30672000.00,519040976777.00,22127851573.83,-14625664807.33,1144.24,15773.76,-925.79
31104000.00,519490187352.35,28940000728.41,-15024318431.89,934.87,15763.48,-919.79
