0.00,624853603471.46,-383419580110.56,-14736082418.59,8574.99,13794.82,0.03
424800.00,628513032437.94,-377552312359.41,-14731644107.45,8656.43,13826.96,21.35
849600.00,632209967417.48,-371674128819.74,-14717593767.80,8751.90,13845.66,45.38
1274400.00,635950720269.31,-365791463202.04,-14692673563.72,8863.08,13847.32,72.63
1699200.00,639742334369.91,-359912506770.45,-14655381349.17,8991.70,13827.20,103.75
2124000.00,643592560010.99,-354047799958.02,-14603914972.57,9139.32,13778.91,139.52
2548800.00,647509708070.15,-348211043436.97,-14536107196.31,9306.93,13693.83,180.88
2973600.00,651502260210.85,-342420197741.43,-14449356722.59,9494.16,13560.37,228.92
3398400.00,655578016667.74,-336698935262.83,-14340571084.49,9697.83,13363.07,284.85
3823200.00,659742392237.86,-331078428278.31,-14206162183.14,9909.32,13082.02,349.74
4248000.00,663995233718.18,-325599208626.36,-14042183986.18,10110.08,12693.34,424.08
4672800.00,668325333751.08,-320312167360.33,-13844787779.53,10265.39,12173.27,506.69
5097600.00,672702161383.95,-315276439906.16,-13611264668.37,10318.29,11509.57,593.03
5522400.00,677066487257.95,-310550232268.87,-13341896916.41,10192.51,10723.32,673.32
5947200.00,681326702465.50,-306171370212.61,-13042249781.98,9818.86,9892.20,732.88
6372000.00,685372026741.16,-302132890486.26,-12724247798.92,9185.11,9144.11,757.86
6796800.00,689104913715.19,-298372463050.24,-12403946871.40,8366.02,8599.06,743.96
7221600.00,692472594302.91,-294790678147.04,-12096544126.37,7486.61,8304.37,699.12
7646400.00,695473596498.32,-291285482055.37,-11812317424.15,6653.48,8229.77,637.10
8071200.00,698141039891.94,-287776748960.34,-11555884041.59,5921.45,8310.21,569.87
8496000.00,700521555377.61,-284212191867.84,-11327742796.52,5302.56,8483.91,504.75
8920800.00,702661530953.62,-280562290759.14,-11126163702.02,4786.73,8706.27,445.15
9345600.00,704601199076.67,-276812805396.21,-10948524319.93,4356.79,8949.30,392.11
9770400.00,706373343485.49,-272958716736.58,-10792038924.34,3995.56,9196.80,345.51
10195200.00,708003945322.38,-269000188033.44,-10654093167.57,3688.38,9439.97,304.73
10620000.00,709513390620.97,-264940115944.22,-10532364370.97,3423.57,9674.36,269.05
11044800.00,710917664898.79,-260782710550.51,-10424841789.51,3192.02,9898.00,237.75
11469600.00,712229354859.57,-256532698940.25,-10329804554.29,2986.74,10110.30,210.18
11894400.00,713458437114.81,-252194890139.66,-10245785358.15,2802.38,10311.38,185.80
12319200.00,714612879161.32,-247773947577.84,-10171532517.47,2634.78,10501.77,164.14
12744000.00,715699094861.64,-243274276650.53,-10105975486.60,2480.74,10682.13,144.81
13168800.00,716722288322.40,-238699980874.67,-10048194519.96,2337.73,10853.20,127.48
13593600.00,717686712797.55,-234054851100.05,-9997395890.32,2203.79,11015.71,111.90
14018400.00,718595869583.70,-229342374921.61,-9952891029.22,2077.32,11170.36,97.82
14443200.00,719452659294.65,-224565756064.93,-9914079373.72,1957.07,11317.78,85.07
14868000.00,720259499381.42,-219727936028.69,-9880434600.43,1842.02,11458.57,73.48
15292800.00,721018416086.76,-214831618609.48,-9851492957.53,1731.33,11593.25,62.91
15717600.00,721731115905.74,-209879292792.64,-9826843869.84,1624.33,11722.32,53.25
16142400.00,722399042805.86,-204873253927.78,-9806122200.36,1520.46,11846.19,44.41
16567200.00,723023423968.49,-199815623931.22,-9789001676.49,1419.25,11965.26,36.29
16992000.00,723605306178.77,-194708369088.24,-9775189507.34,1320.32,12079.87,28.82
17416800.00,724145585795.92,-189553315947.24,-9764421884.96,1223.34,12190.33,21.94
17841600.00,724645032984.38,-184352165904.24,-9756460130.63,1128.04,12296.93,15.60
18266400.00,725104311596.01,-179106507858.14,-9751087490.23,1034.19,12399.91,9.75
18691200.00,725523995710.88,-173817829444.02,-9748106407.97,941.60,12499.50,4.34
19116000.00,725904583480.82,-168487527154.34,-9747336178.96,850.10,12595.90,-0.66
19540800.00,726246508600.61,-163116915377.22,-9748610928.46,759.56,12689.30,-5.29
19965600.00,726550150011.20,-157707234304.45,-9751777892.76,669.84,12779.86,-9.58
20390400.00,726815840149.20,-152259656995.29,-9756695933.14,580.86,12867.73,-13.54
20815200.00,727043872005.18,-146775295729.34,-9763234237.22,492.53,12953.05,-17.21
21240000.00,727234505086.98,-141255207708.86,-9771271177.38,404.78,13035.95,-20.60
21664800.00,727387970615.77,-135700399994.99,-9780693336.40,317.54,13116.53,-23.73
22089600.00,727504476142.58,-130111834082.08,-9791394637.89,230.76,13194.89,-26.62
22514400.00,727584209404.91,-124490430135.87,-9803275554.27,144.41,13271.14,-29.29
22939200.00,727627341710.44,-118837070549.69,-9816242441.07,58.44,13345.35,-31.74
23364000.00,727634031087.76,-113152603173.96,-9830206948.67,-27.17,13417.60,-33.98
23788800.00,727604425014.41,-107437844449.12,-9845085469.21,-112.45,13487.97,-36.04
24213600.00,727538662730.40,-101693582157.61,-9860798644.80,-197.40,13556.51,-37.92
24638400.00,727436877446.21,-95920577718.57,-9877270954.04,-282.05,13623.29,-39.62
25063200.00,727299198453.62,-90119568509.44,-9894430319.55,-366.39,13688.37,-41.15
25488000.00,727125752793.42,-84291270109.22,-9912207728.89,-450.44,13751.78,-42.53
25912800.00,726916666837.29,-78436378011.92,-9930536925.70,-534.19,13813.57,-43.75
26337600.00,726672067958.77,-72555569250.59,-9949354130.55,-617.64,13873.80,-44.82
26762400.00,726392085976.56,-66649504141.76,-9968597758.28,-700.77,13932.48,-45.76
27187200.00,726076854358.71,-60718827814.13,-9988208157.41,-783.59,13989.67,-46.55
27612000.00,725726511484.67,-54764171382.97,-10008127393.23,-866.08,14045.38,-47.21
28036800.00,725341202009.99,-48786153196.15,-10028299040.89,-948.22,14099.66,-47.74
28461600.00,724921077934.07,-42785380246.24,-10048667964.98,-1029.98,14152.51,-48.14
28886400.00,724466299549.18,-36762449193.93,-10069180129.23,-1111.37,14203.98,-48.41
29311200.00,723977036639.23,-30717947201.30,-10089782434.70,-1192.34,14254.07,-48.56
29736000.00,723453469636.25,-24652452998.81,-10110422548.45,-1272.87,14302.81,-48.59
30160800.00,722895790535.76,-18566537971.20,-10131048727.72,-1352.93,14350.21,-48.50
30585600.00,722304203812.46,-12460766948.64,-10151609663.58,-1432.50,14396.29,-48.28
31010400.00,721678927560.80,-6335698890.49,-10172054340.26,-1511.54,14441.06,-47.95
