0.00,-353469551800.67,-381396809060.60,128892306851.30,8943.63,-11549.70,-0.00
426082.00,-349631318830.83,-386287867655.12,128882207963.14,9072.42,-11408.43,-47.36
852164.00,-345738665409.89,-391118517230.07,128851987097.83,9199.08,-11266.15,-94.45
1278246.00,-341792492753.26,-395888337368.83,128801758513.17,9323.64,-11122.90,-141.27
1704328.00,-337793697572.13,-400596918111.37,128731637184.52,9446.09,-10978.70,-187.83
2130410.00,-333743172098.16,-405243859706.03,128641738771.47,9566.46,-10833.57,-234.11
2556492.00,-329641804111.81,-409828772367.43,128532179586.25,9684.74,-10687.55,-280.11
2982574.00,-325490476974.23,-414351276040.37,128403076563.65,9800.96,-10540.63,-325.84
3408656.00,-321290069662.53,-418811000169.83,128254547232.71,9915.12,-10392.87,-371.30
3834738.00,-317041456807.95,-423207583476.66,128086709689.64,10027.24,-10244.26,-416.47
4260820.00,-312745508737.10,-427540673738.93,127899682572.46,10137.31,-10094.84,-461.37
4686902.00,-308403091515.74,-431809927578.91,127693585036.73,10245.36,-9944.62,-505.99
5112984.00,-304015066995.28,-436015010255.73,127468536732.84,10351.39,-9793.63,-550.33
5539066.00,-299582292861.66,-440155595463.49,127224657784.63,10455.41,-9641.88,-594.38
5965148.00,-295105622686.87,-444231365134.80,126962068769.27,10557.44,-9489.39,-638.15
6391230.00,-290585905982.33,-448242009249.65,126680890698.46,10657.47,-9336.18,-681.63
6817312.00,-286023988254.80,-452187225649.37,126381245000.86,10755.53,-9182.28,-724.83
7243394.00,-281420711063.96,-456066719855.66,126063253505.61,10851.61,-9027.69,-767.75
7669476.00,-276776912082.09,-459880204894.68,125727038427.04,10945.74,-8872.44,-810.37
8095558.00,-272093425155.36,-463627401125.93,125372722350.52,11037.91,-8716.54,-852.71
8521640.00,-267371080366.86,-467308036075.85,125000428219.28,11128.13,-8560.01,-894.76
8947722.00,-262610704101.12,-470921844276.34,124610279322.34,11216.43,-8402.86,-936.52
9373804.00,-257813119110.26,-474468567107.68,124202399283.39,11302.79,-8245.12,-977.99
9799886.00,-252979144581.39,-477947952646.08,123776912050.70,11387.24,-8086.79,-1019.17
10225968.00,-248109596205.35,-481359755515.69,123333941887.95,11469.77,-7927.89,-1060.05
10652050.00,-243205286246.81,-484703736745.03,122873613366.00,11550.41,-7768.44,-1100.65
11078132.00,-238267023615.54,-487979663627.54,122396051355.55,11629.15,-7608.45,-1140.95
11504214.00,-233295613938.61,-491187309586.30,121901381020.61,11706.00,-7447.94,-1180.95
11930296.00,-228291859633.80,-494326454042.79,121389727812.76,11780.97,-7286.91,-1220.66
12356378.00,-223256559983.72,-497396882289.58,120861217466.19,11854.07,-7125.39,-1260.08
12782460.00,-218190511210.75,-500398385367.05,120315975993.55,11925.31,-6963.38,-1299.20
13208542.00,-213094506553.02,-503330759944.11,119754129682.56,11994.68,-6800.91,-1338.02
13634624.00,-207969336341.05,-506193808202.80,119175805093.45,12062.21,-6637.97,-1376.55
14060706.00,-202815788075.20,-508987337726.62,118581129057.10,12127.89,-6474.59,-1414.77
14486788.00,-197634646503.87,-511711161392.65,117970228673.88,12191.73,-6310.78,-1452.70
14912870.00,-192426693702.30,-514365097267.31,117343231313.26,12253.74,-6146.55,-1490.33
15338952.00,-187192709152.10,-516948968505.68,116700264614.06,12313.92,-5981.90,-1527.66
15765034.00,-181933469821.21,-519462603254.28,116041456485.32,12372.29,-5816.86,-1564.69
16191116.00,-176649750244.56,-521905834557.53,115366935107.93,12428.83,-5651.44,-1601.42
16617198.00,-171342322605.18,-524278500267.40,114676828936.76,12483.57,-5485.63,-1637.84
17043280.00,-166011956815.74,-526580442956.61,113971266703.58,12536.50,-5319.47,-1673.97
17469362.00,-160659420600.65,-528811509835.03,113250377420.38,12587.64,-5152.95,-1709.79
17895444.00,-155285479578.53,-530971552669.50,112514290383.55,12636.98,-4986.09,-1745.30
18321526.00,-149890897345.20,-533060427706.82,111763135178.40,12684.53,-4818.89,-1780.52
18747608.00,-144476435556.96,-535077995599.85,110997041684.45,12730.29,-4651.38,-1815.42
19173690.00,-139042854014.38,-537024121336.78,110216140081.12,12774.27,-4483.55,-1850.02
19599772.00,-133590910746.30,-538898674173.17,109420560853.94,12816.48,-4315.42,-1884.32
20025854.00,-128121362094.09,-540701527567.04,108610434801.30,12856.91,-4147.00,-1918.31
20451936.00,-122634962796.15,-542432559117.06,107785893041.70,12895.58,-3978.30,-1951.99
20878018.00,-117132466072.71,-544091650503.70,106947067021.53,12932.47,-3809.32,-1985.36
21304100.00,-111614623710.92,-545678687433.24,106094088523.36,12967.61,-3640.08,-2018.42
21730182.00,-106082186150.12,-547193559584.91,105227089674.79,13000.98,-3470.59,-2051.17
22156264.00,-100535902567.43,-548636160560.74,104346202957.74,13032.60,-3300.85,-2083.60
22582346.00,-94976520963.51,-550006387838.27,103451561218.23,13062.47,-3130.87,-2115.73
23008428.00,-89404788248.59,-551304142726.04,102543297676.64,13090.58,-2960.67,-2147.54
23434510.00,-83821450328.62,-552529330322.01,101621545938.45,13116.94,-2790.25,-2179.04
23860592.00,-78227252191.70,-553681859474.48,100686440005.43,13141.56,-2619.61,-2210.23
24286674.00,-72622937994.57,-554761642745.94,99738114287.30,13164.42,-2448.78,-2241.10
24712756.00,-67009251149.40,-555768596379.57,98776703613.82,13185.55,-2277.76,-2271.65
25138838.00,-61386934410.64,-556702640268.44,97802343247.34,13204.93,-2106.55,-2301.88
25564920.00,-55756729962.10,-557563697927.43,96815168895.84,13222.57,-1935.17,-2331.80
25991002.00,-50119379504.14,-558351696467.83,95815316726.36,13238.48,-1763.62,-2361.39
26417084.00,-44475624341.13,-559066566574.63,94802923378.92,13252.64,-1591.91,-2390.66
26843166.00,-38826205469.06,-559708242486.18,93778125980.78,13265.06,-1420.05,-2419.61
27269248.00,-33171863663.22,-560276661976.47,92741062161.10,13275.75,-1248.05,-2448.24
27695330.00,-27513339565.96,-560771766339.85,91691870066.06,13284.69,-1075.92,-2476.54
28121412.00,-21851373774.56,-561193500378.38,90630688374.27,13291.90,-903.66,-2504.52
28547494.00,-16186706929.19,-561541812391.96,89557656312.78,13297.37,-731.28,-2532.17
28973576.00,-10520079800.95,-561816654170.76,88472913673.35,13301.10,-558.79,-2559.49
29399658.00,-4852233380.04,-562017980990.55,87376600829.32,13303.09,-386.21,-2586.48
29825740.00,816091035.96,-562145751610.52,86268858752.73,13303.35,-213.53,-2613.13
30251822.00,6484151753.71,-562199928273.62,85149829031.98,13301.86,-40.76,-2639.46
30677904.00,12151206595.70,-562180476709.58,84019653889.83,13298.62,132.08,-2665.45
31103986.00,17816512811.64,-562087366140.55,82878476201.88,13293.65,304.99,-2691.10
