0.00,-247100646822.42,-14300044150.01,5741601656.77,3590.25,-21983.17,8.07
100000.00,-246812966097.41,-16429850343.14,5746918223.29,2309.74,-21239.48,38.52
200000.00,-246608315316.44,-18588848009.01,5746076135.62,2006.41,-22046.13,-51.55
300000.00,-246381819256.08,-20821444302.83,5739622683.23,2572.08,-22519.30,-68.90
400000.00,-246094997439.74,-23079835206.90,5733191119.48,3173.26,-22613.77,-57.16
500000.00,-245749514086.55,-25338376507.04,5728513594.02,3748.93,-22527.59,-33.94
600000.00,-245346876979.35,-27578874364.79,5726820488.41,4312.14,-22224.09,4.34
700000.00,-244896680195.77,-29769175458.11,5729776082.91,4570.91,-21489.94,52.08
800000.00,-244463024013.01,-31891679289.96,5733916859.76,4057.88,-21111.98,14.42
900000.00,-244077921286.13,-34012643919.39,5731425253.13,3684.85,-21400.62,-69.26
1000000.00,-243706873962.60,-36179332836.60,5721401940.74,3830.76,-21917.79,-121.22
1100000.00,-243303778496.12,-38385572698.24,5708853626.20,4252.86,-22172.26,-125.70
1200000.00,-242857220163.47,-40607667073.51,5696686071.00,4685.84,-22252.43,-116.38
1300000.00,-242368423676.66,-42833143785.88,5685671576.78,5096.75,-22246.20,-103.20
1400000.00,-241839507782.37,-45055185631.18,5676069454.19,5488.63,-22185.13,-88.20
1500000.00,-241272145437.05,-47268841256.93,5668045878.11,5865.81,-22077.49,-71.56
1600000.00,-240667740971.64,-49469312957.63,5661780835.18,6228.61,-21918.30,-52.91
1700000.00,-240028091429.16,-51650658508.87,5657491930.89,6566.68,-21688.63,-32.02
1800000.00,-239357421257.62,-53804212977.52,5655331062.07,6833.41,-21353.30,-11.36
1900000.00,-238669086309.21,-55918733228.39,5654656951.40,6878.74,-20923.80,-7.86
2000000.00,-237992449189.42,-57996608709.52,5652110489.43,6620.05,-20692.83,-52.06
2100000.00,-237343516663.33,-60069698720.17,5643525422.26,6374.66,-20825.65,-123.26
2200000.00,-236708232067.09,-62169837943.49,5627975406.96,6397.35,-21200.40,-182.57
2300000.00,-236054098246.15,-64304879658.54,5608639229.98,6719.70,-21472.59,-198.86
2400000.00,-235363333833.57,-66458061491.73,5588867206.75,7105.32,-21572.24,-194.91
2500000.00,-234634508166.54,-68616142665.06,5569799663.94,7476.86,-21578.73,-185.87
2600000.00,-233869581771.27,-70772222758.04,5551698284.52,7827.10,-21535.55,-175.86
2700000.00,-233070538697.92,-72922383352.84,5534600365.26,8159.42,-21461.59,-165.87
2800000.00,-232238984671.62,-75064013495.45,5518491606.57,8477.49,-21365.27,-156.09
2900000.00,-231376208641.35,-77195076404.58,5503352929.17,8783.90,-21250.09,-146.46
3000000.00,-230483298348.63,-79313737693.70,5489173793.25,9080.05,-21116.72,-136.88
3100000.00,-229561265212.77,-81418125332.15,5475954466.21,9365.97,-20963.71,-127.25
3200000.00,-228611206287.02,-83506119690.14,5463701339.18,9639.69,-20787.47,-117.57
3300000.00,-227634580921.85,-85575115867.88,5452410018.04,9895.38,-20581.72,-108.11
3400000.00,-226633793437.84,-87621742065.26,5442014026.23,10118.52,-20337.46,-100.02
3500000.00,-225613553735.31,-89641747324.05,5432226519.00,10274.27,-20048.30,-97.11
3600000.00,-224583691252.65,-91631529271.99,5422089367.28,10294.29,-19745.14,-109.91
3700000.00,-223560280475.20,-93595533773.72,5409317532.47,10151.52,-19566.56,-151.40
3800000.00,-222553265858.93,-95553035740.64,5391341891.61,9998.14,-19622.42,-210.58
3900000.00,-221555325064.42,-97526134768.04,5367523071.00,10000.93,-19866.88,-263.67
4000000.00,-220544754223.15,-99525409945.32,5339784535.43,10249.27,-20102.88,-286.21
4100000.00,-219502951803.81,-101541221476.75,5311056185.22,10600.04,-20193.38,-286.30
4200000.00,-218425743823.93,-103560641385.43,5282730498.81,10949.83,-20182.76,-279.61
4300000.00,-217314546580.59,-105576103952.79,5255149906.66,11278.77,-20118.43,-271.81
4400000.00,-216171447360.01,-107583532709.23,5228335622.71,11587.97,-20023.93,-264.39
4500000.00,-214998236579.39,-109580522371.16,5202230282.17,11881.21,-19910.45,-257.66
4600000.00,-213796345783.54,-111565479547.99,5176764380.22,12161.72,-19783.60,-251.61
4700000.00,-212566925248.83,-113537223994.21,5151874133.86,12431.88,-19646.27,-246.15
4800000.00,-211310923660.25,-115494787696.18,5127505527.15,12693.35,-19499.91,-241.17
4900000.00,-210029152180.59,-117437302276.41,5103614188.66,12947.23,-19345.12,-236.60
