0.00,2196843647722.45,1972190208116.86,-21167325408.38,-9735.49,4745.53,3.79
7200.00,2196804070818.39,1972249952501.13,-21115128080.05,19834.26,7790.02,6146.46
14400.00,2196928590713.02,1972302653114.12,-21077745661.52,16307.02,7162.87,4874.61
21600.00,2197043825347.35,1972353929831.84,-21043246812.05,15793.40,7093.74,4734.87
28800.00,2197156686283.27,1972404895694.98,-21009375736.00,15580.84,7066.64,4680.23
36000.00,2197268412266.95,1972455718642.69,-20975792581.15,15463.86,7052.09,4650.95
43200.00,2197379467297.97,1972506458647.84,-20942376038.92,15389.63,7042.97,4632.66
50400.00,2197490077613.53,1972557144219.69,-20909068457.77,15338.24,7036.70,4620.14
57600.00,2197600370964.91,1972607791198.95,-20875837809.88,15300.54,7032.12,4611.02
64800.00,2197710426703.48,1972658409314.49,-20842664427.17,15271.66,7028.61,4604.09
72000.00,2197820297551.87,1972709004976.42,-20809535351.94,15248.83,7025.84,4598.63
79200.00,2197930020348.06,1972759582634.69,-20776441589.59,15230.31,7023.58,4594.22
86400.00,2198039621857.84,1972810145505.85,-20743376638.87,15214.99,7021.71,4590.59
93600.00,2198149122147.22,1972860695991.21,-20710335646.62,15202.09,7020.13,4587.54
100800.00,2198258536650.35,1972911235931.25,-20677314893.20,15191.09,7018.77,4584.95
108000.00,2198367877495.68,1972961766767.99,-20644311464.46,15181.58,7017.59,4582.72
115200.00,2198477154388.55,1973012289652.43,-20611323034.45,15173.28,7016.56,4580.78
122400.00,2198586375217.31,1973062805518.01,-20578347716.91,15165.98,7015.64,4579.07
129600.00,2198695546480.93,1973113315132.28,-20545383960.86,15159.49,7014.82,4577.56
136800.00,2198804673597.55,1973163819134.05,-20512430475.48,15153.69,7014.08,4576.21
144000.00,2198913761131.91,1973214318060.71,-20479486174.98,15148.48,7013.41,4575.00
151200.00,2199022812965.83,1973264812368.63,-20446550137.25,15143.77,7012.80,4573.91
158400.00,2199131832428.13,1973315302448.69,-20413621572.55,15139.48,7012.23,4572.92
165600.00,2199240822395.01,1973365788638.25,-20380699799.28,15135.56,7011.71,4572.02
172800.00,2199349785368.65,1973416271230.53,-20347784225.08,15131.97,7011.23,4571.20
180000.00,2199458723539.41,1973466750481.95,-20314874331.92,15128.67,7010.79,4570.45
187200.00,2199567638835.65,1973517226618.07,-20281969664.10,15125.62,7010.37,4569.75
194400.00,2199676532963.93,1973567699838.39,-20249069818.66,15122.78,7009.98,4569.10
201600.00,2199785407441.83,1973618170320.16,-20216174437.55,15120.15,7009.61,4568.51
208800.00,2199894263624.84,1973668638221.60,-20183283201.14,15117.70,7009.26,4567.95
216000.00,2200003102728.71,1973719103684.56,-20150395822.98,15115.41,7008.93,4567.44
223200.00,2200111925848.03,1973769566836.66,-20117512045.29,15113.26,7008.62,4566.95
230400.00,2200220733971.79,1973820027793.16,-20084631635.29,15111.24,7008.32,4566.50
237600.00,2200329527996.59,1973870486658.49,-20051754382.06,15109.34,7008.03,4566.07
244800.00,2200438308737.78,1973920943527.61,-20018880093.89,15107.55,7007.76,4565.68
252000.00,2200547076939.04,1973971398487.05,-19986008596.01,15105.85,7007.50,4565.30
259200.00,2200655833280.51,1974021851615.97,-19953139728.62,15104.25,7007.26,4564.94
266400.00,2200764578385.81,1974072302986.87,-19920273345.30,15102.73,7007.02,4564.61
273600.00,2200873312828.21,1974122752666.42,-19887409311.48,15101.29,7006.79,4564.29
280800.00,2200982037135.84,1974173200716.01,-19854547503.23,15099.92,7006.56,4563.99
288000.00,2201090751796.38,1974223647192.29,-19821687806.18,15098.61,7006.35,4563.71
295200.00,2201199457261.01,1974274092147.69,-19788830114.51,15097.36,7006.14,4563.43
302400.00,2201308153948.05,1974324535630.79,-19755974330.18,15096.17,7005.94,4563.18
309600.00,2201416842246.00,1974374977686.71,-19723120362.14,15095.03,7005.74,4562.93
316800.00,2201525522516.37,1974425418357.40,-19690268125.71,15093.94,7005.55,4562.69
324000.00,2201634195096.11,1974475857681.99,-19657417541.98,15092.89,7005.37,4562.47
331200.00,2201742860299.74,1974526295696.97,-19624568537.29,15091.89,7005.19,4562.26
338400.00,2201851518421.40,1974576732436.47,-19591721042.80,15090.93,7005.02,4562.05
345600.00,2201960169736.43,1974627167932.44,-19558874994.07,15090.00,7004.84,4561.85
352800.00,2202068814503.12,1974677602214.83,-19526030330.68,15089.11,7004.68,4561.67
360000.00,2202177452963.91,1974728035311.77,-19493186995.91,15088.25,7004.52,4561.48
367200.00,2202286085346.79,1974778467249.70,-19460344936.46,15087.42,7004.36,4561.31
374400.00,2202394711866.36,1974828898053.51,-19427504102.13,15086.62,7004.20,4561.14
381600.00,2202503332724.90,1974879327746.66,-19394664445.66,15085.85,7004.05,4560.98
388800.00,2202611948113.24,1974929756351.26,-19361825922.43,15085.10,7003.90,4560.83
396000.00,2202720558211.69,1974980183888.23,-19328988490.33,15084.38,7003.75,4560.68
403200.00,2202829163190.71,1975030610377.32,-19296152109.52,15083.68,7003.61,4560.54
410400.00,2202937763211.70,1975081035837.25,-19263316742.31,15083.00,7003.47,4560.40
417600.00,2203046358427.57,1975131460285.74,-19230482352.99,15082.34,7003.33,4560.27
424800.00,2203154948983.33,1975181883739.62,-19197648907.70,15081.70,7003.19,4560.14
432000.00,2203263535016.69,1975232306214.83,-19164816374.30,15081.09,7003.05,4560.01
439200.00,2203372116658.44,1975282727726.54,-19131984722.25,15080.48,7002.92,4559.89
446400.00,2203480694032.99,1975333148289.18,-19099153922.52,15079.90,7002.79,4559.78
453600.00,2203589267258.74,1975383567916.46,-19066323947.49,15079.33,7002.66,4559.66
460800.00,2203697836448.47,1975433986621.48,-19033494770.84,15078.78,7002.53,4559.55
468000.00,2203806401709.71,1975484404416.68,-19000666367.50,15078.24,7002.41,4559.45
475200.00,2203914963144.99,1975534821313.96,-18967838713.55,15077.72,7002.28,4559.35
482400.00,2204023520852.26,1975585237324.68,-18935011786.15,15077.20,7002.16,4559.25
489600.00,2204132074925.05,1975635652459.68,-18902185563.49,15076.71,7002.04,4559.15
496800.00,2204240625452.79,1975686066729.34,-18869360024.73,15076.22,7001.92,4559.06
504000.00,2204349172521.05,1975736480143.57,-18836535149.92,15075.74,7001.80,4558.97
511200.00,2204457716211.73,1975786892711.88,-18803710919.97,15075.28,7001.69,4558.88
518400.00,2204566256603.28,1975837304443.36,-18770887316.61,15074.83,7001.57,4558.79
