0.00,641814288699.85,-398200023462.98,-12688834511.37,9092.06,10844.46,-0.00
200000.00,643629570338.58,-396014001113.26,-12688859942.11,9059.43,11016.91,-0.25
400000.00,645437741040.86,-393793826756.54,-12688931340.43,9020.95,11185.96,-0.46
600000.00,647237669262.74,-391540174315.25,-12689041600.53,8977.01,11351.68,-0.64
800000.00,649028293069.15,-389253698221.99,-12689183918.90,8927.91,11514.18,-0.78
1000000.00,650808611670.91,-386935033275.33,-12689351772.24,8873.95,11673.55,-0.89
1200000.00,652577677750.91,-384584794861.61,-12689538891.31,8815.38,11829.90,-0.97
1400000.00,654334590694.73,-382203579713.58,-12689739237.34,8752.41,11983.31,-1.03
1600000.00,656078490188.00,-379791966407.97,-12689946986.69,8685.23,12133.87,-1.05
1800000.00,657808550955.27,-377350516090.84,-12690156512.31,8614.00,12281.66,-1.04
2000000.00,659523977766.46,-374879773693.26,-12690362356.53,8538.87,12426.77,-1.01
2200000.00,661224000877.49,-372380268997.50,-12690559213.14,8459.95,12569.27,-0.95
2400000.00,662907871889.39,-369852517803.24,-12690741911.23,8377.33,12709.22,-0.87
2600000.00,664574859924.85,-367297023144.39,-12690905395.17,8291.09,12846.69,-0.76
2800000.00,666224248151.07,-364714276477.23,-12691044706.66,8201.30,12981.73,-0.63
3000000.00,667855330629.64,-362104759090.82,-12691154963.72,8108.01,13114.38,-0.47
3200000.00,669467409302.25,-359468943630.13,-12691231341.72,8011.23,13244.69,-0.29
3400000.00,671059791005.76,-356807295621.83,-12691269058.23,7911.00,13372.69,-0.08
3600000.00,672631784619.30,-354120274744.44,-12691263357.92,7807.32,13498.40,0.15
3800000.00,674182698642.35,-351408336339.22,-12691209490.73,7700.17,13621.84,0.40
4000000.00,675711838808.56,-348671933332.25,-12691102687.75,7589.54,13743.02,0.68
4200000.00,677218505530.25,-345911518058.11,-12690938145.20,7475.40,13861.94,0.98
4400000.00,678701991392.36,-343127543989.68,-12690711008.39,7357.69,13978.59,1.30
4600000.00,680161578863.91,-340320467633.34,-12690416349.98,7236.36,14092.94,1.65
4800000.00,681596538067.76,-337490750803.25,-12690049143.65,7111.36,14204.96,2.03
5000000.00,683006124389.32,-334638862983.24,-12689604239.25,6982.58,14314.61,2.43
5200000.00,684389576077.51,-331765283773.98,-12689076341.25,6849.96,14421.84,2.86
5400000.00,685746111957.54,-328870505638.78,-12688459983.51,6713.37,14526.57,3.31
5600000.00,687074929086.13,-325955037047.31,-12687749496.69,6572.71,14628.70,3.80
5800000.00,688375200205.97,-323019405813.77,-12686938976.59,6427.84,14728.15,4.32
6000000.00,689646071178.81,-320064162707.52,-12686022251.04,6278.64,14824.77,4.86
6200000.00,690886658501.49,-317089885477.71,-12684992841.86,6124.94,14918.43,5.44
6400000.00,692096046974.17,-314097183591.51,-12683843921.84,5966.57,15008.95,6.06
6600000.00,693273287150.66,-311086703657.36,-12682568269.13,5803.37,15096.14,6.71
6800000.00,694417392496.46,-308059135349.76,-12681158219.06,5635.14,15179.76,7.40
7000000.00,695527336488.83,-305015217886.80,-12679605608.96,5461.67,15259.55,8.14
7200000.00,696602050082.75,-301955747324.49,-12677901710.40,5282.75,15335.20,8.92
7400000.00,697640419691.25,-298881585195.94,-12676037151.94,5098.14,15406.36,9.75
7600000.00,698641285093.58,-295793668667.79,-12674001845.55,4907.60,15472.62,10.63
7800000.00,699603437152.98,-292693021905.93,-12671784907.52,4710.90,15533.52,11.56
8000000.00,700525615837.02,-289580768826.09,-12669374557.15,4507.76,15588.53,12.56
8200000.00,701406509069.25,-286458147548.67,-12666757998.43,4297.93,15637.03,13.63
8400000.00,702244752956.97,-283326527231.31,-12663921291.79,4081.16,15678.32,14.76
8600000.00,703038933231.93,-280187427685.94,-12660849216.20,3857.19,15711.60,15.98
8800000.00,703787588085.29,-277042541921.42,-12657525118.47,3625.79,15735.93,17.29
9000000.00,704489213021.52,-273893761898.69,-12653930745.33,3386.78,15750.25,18.69
9200000.00,705142268702.49,-270743207815.94,-12650046053.63,3140.00,15753.34,20.19
9400000.00,705745193207.50,-267593261275.55,-12645848995.83,2885.39,15743.80,21.81
9600000.00,706296420321.40,-264446602991.13,-12641315289.52,2622.97,15720.03,23.56
9800000.00,706794404858.61,-261306255599.82,-12636418184.50,2352.93,15680.21,25.45
