0.00,977528133610.78,-1119111399126.82,-19322511429.01,14230.83,150.60,2132.51
1200.00,977545210604.38,-1119111218404.05,-19319952418.14,14438.34,357.28,2003.99
2400.00,977562536615.08,-1119110789664.62,-19317547635.59,14637.66,569.65,1873.28
3600.00,977580101804.59,-1119110106087.01,-19315299697.77,14828.61,787.45,1740.54
4800.00,977597896136.81,-1119109161141.59,-19313211048.80,15011.04,1010.45,1605.91
6000.00,977615909388.95,-1119107948596.06,-19311283958.79,15184.81,1238.40,1469.53
7200.00,977634131162.96,-1119106462520.56,-19309520522.25,15349.78,1471.02,1331.55
8400.00,977652550897.02,-1119104697292.50,-19307922656.67,15505.82,1708.08,1192.13
9600.00,977671157877.40,-1119102647601.10,-19306492101.35,15652.81,1949.29,1051.40
10800.00,977689941250.37,-1119100308451.49,-19305230416.32,15790.65,2194.40,909.53
12000.00,977708890034.38,-1119097675168.57,-19304138981.59,15919.25,2443.14,766.65
13200.00,977727993132.31,-1119094743400.49,-19303218996.50,16038.51,2695.23,622.93
14400.00,977747239343.96,-1119091509121.71,-19302471479.28,16148.36,2950.40,478.51
15600.00,977766617378.61,-1119087968635.75,-19301897266.90,16248.74,3208.38,333.54
16800.00,977786115867.66,-1119084118577.50,-19301497015.06,16339.59,3468.89,188.18
18000.00,977805723377.47,-1119079955915.16,-19301271198.44,16420.87,3731.64,42.57
19200.00,977825428422.19,-1119075477951.76,-19301220111.12,16492.55,3996.35,-103.13
20400.00,977845219476.63,-1119070682326.26,-19301343867.30,16554.59,4262.76,-248.78
21600.00,977865084989.26,-1119065567014.29,-19301642402.14,16607.00,4530.57,-394.23
22800.00,977885013395.14,-1119060130328.38,-19302115472.94,16649.78,4799.51,-539.32
24000.00,977904993128.86,-1119054370917.77,-19302762660.47,16682.92,5069.29,-683.93
25200.00,977925012637.48,-1119048287767.90,-19303583370.51,16706.46,5339.64,-827.89
26400.00,977945060393.39,-1119041880199.29,-19304576835.69,16720.43,5610.28,-971.07
27600.00,977965124907.12,-1119035147866.15,-19305742117.47,16724.86,5880.93,-1113.33
28800.00,977985194740.03,-1119028090754.40,-19307078108.40,16719.81,6151.31,-1254.52
30000.00,978005258516.89,-1119020709179.40,-19308583534.55,16705.35,6421.16,-1394.52
31200.00,978025304938.32,-1119013003783.15,-19310256958.19,16681.55,6690.21,-1533.19
32400.00,978045322793.10,-1119004975531.09,-19312096780.68,16648.48,6958.19,-1670.39
33600.00,978065300970.20,-1118996625708.46,-19314101245.48,16606.25,7224.83,-1806.00
34800.00,978085228470.72,-1118987955916.31,-19316268441.52,16554.96,7489.87,-1939.89
36000.00,978105094419.47,-1118978968066.98,-19318596306.60,16494.71,7753.07,-2071.94
37200.00,978124888076.46,-1118969664379.30,-19321082631.07,16425.64,8014.17,-2202.03
38400.00,978144598847.91,-1118960047373.31,-19323725061.66,16347.87,8272.92,-2330.04
39600.00,978164216297.19,-1118950119864.66,-19326521105.49,16261.55,8529.09,-2455.86
40800.00,978183730155.24,-1118939884958.57,-19329468134.23,16166.81,8782.43,-2579.38
42000.00,978203130330.82,-1118929346043.51,-19332563388.45,16063.82,9032.72,-2700.49
43200.00,978222406920.32,-1118918506784.50,-19335803982.04,15952.75,9279.72,-2819.10
44400.00,978241550217.20,-1118907371116.04,-19339186906.86,15833.75,9523.23,-2935.11
45600.00,978260550721.14,-1118895943234.84,-19342709037.45,15707.02,9763.04,-3048.42
46800.00,978279399146.66,-1118884227592.13,-19346367135.90,15572.74,9998.92,-3158.93
48000.00,978298086431.45,-1118872228885.77,-19350157856.77,15431.09,10230.69,-3266.58
49200.00,978316603744.20,-1118859952052.09,-19354077752.15,15282.29,10458.16,-3371.27
50400.00,978334942492.03,-1118847402257.45,-19358123276.82,15126.53,10681.14,-3472.93
51600.00,978353094327.47,-1118834584889.63,-19362290793.43,14964.02,10899.45,-3571.49
52800.00,978371051155.00,-1118821505548.98,-19366576577.75,14794.99,11112.92,-3666.87
54000.00,978388805137.13,-1118808170039.39,-19370976824.03,14619.64,11321.40,-3759.02
55200.00,978406348699.96,-1118794584359.17,-19375487650.35,14438.20,11524.72,-3847.88
56400.00,978423674538.39,-1118780754691.62,-19380105103.97,14250.90,11722.75,-3933.39
57600.00,978440775620.72,-1118766687395.70,-19384825166.77,14057.98,11915.33,-4015.49
58800.00,978457645192.93,-1118752388996.43,-19389643760.65,13859.66,12102.35,-4094.16
60000.00,978474276782.32,-1118737866175.25,-19394556752.95,13656.18,12283.68,-4169.34
61200.00,978490664200.83,-1118723125760.39,-19399559961.80,13447.79,12459.20,-4241.00
62400.00,978506801547.79,-1118708174717.13,-19404649161.53,13234.72,12628.82,-4309.11
63600.00,978522683212.27,-1118693020138.06,-19409820087.97,13017.22,12792.42,-4373.63
64800.00,978538303874.91,-1118677669233.33,-19415068443.78,12795.53,12949.93,-4434.55
66000.00,978553658509.37,-1118662129320.95,-19420389903.59,12569.89,13101.25,-4491.85
67200.00,978568742383.24,-1118646407817.14,-19425780119.27,12340.56,13246.33,-4545.50
68400.00,978583551058.61,-1118630512226.65,-19431234724.94,12107.78,13385.08,-4595.51
69600.00,978598080392.14,-1118614450133.24,-19436749342.05,11871.79,13517.45,-4641.87
70800.00,978612326534.74,-1118598229190.28,-19442319584.24,11632.83,13643.40,-4684.56
72000.00,978626285930.86,-1118581857111.30,-19447941062.21,11391.16,13762.88,-4723.61
73200.00,978639955317.31,-1118565341660.86,-19453609388.44,11147.00,13875.85,-4758.99
74400.00,978653331721.83,-1118548690645.41,-19459320181.76,10900.62,13982.28,-4790.74
75600.00,978666412461.14,-1118531911904.41,-19465069071.93,10652.23,14082.17,-4818.86
76800.00,978679195138.74,-1118515013301.49,-19470851703.94,10402.09,14175.49,-4843.37
78000.00,978691677642.33,-1118498002715.92,-19476663742.29,10150.42,14262.23,-4864.28
79200.00,978703858140.91,-1118480888034.19,-19482500875.13,9897.45,14342.41,-4881.62
80400.00,978715735081.57,-1118463677141.82,-19488358818.22,9643.42,14416.02,-4895.42
81600.00,978727307185.97,-1118446377915.31,-19494233318.78,9388.55,14483.08,-4905.70
82800.00,978738573446.57,-1118428998214.44,-19500120159.21,9133.06,14543.62,-4912.50
84000.00,978749533122.57,-1118411545874.67,-19506015160.64,8877.18,14597.65,-4915.85
85200.00,978760185735.65,-1118394028699.83,-19511914186.38,8621.11,14645.20,-4915.80
