0.00,147105622069.98,-25060818725.69,23975607.09,4590.08,29229.35,-0.00
423360.00,148532765960.63,-12614385819.69,23953780.25,2132.35,29537.83,-0.09
846720.00,148916118960.59,-78575238.57,23911818.81,-340.62,29651.37,-0.09
1270080.00,148249697372.32,12464213396.54,23885171.23,-2825.92,29567.94,-0.03
1693440.00,146530393647.06,24928500647.19,23883484.90,-5311.87,29277.46,0.02
2116800.00,143761781488.63,37224627330.16,23889471.82,-7778.90,28770.65,-0.00
2540160.00,139957624381.23,49259878628.43,23871056.14,-10198.16,28044.36,-0.09
2963520.00,135144313254.63,60943610441.47,23815153.35,-12542.53,27111.70,-0.16
3386880.00,129356623418.41,72192002068.54,23741816.30,-14799.28,25988.45,-0.17
3810240.00,122633299496.49,82926278751.52,23677973.82,-16960.44,24682.42,-0.13
4233600.00,115017041186.08,93069716221.45,23635363.27,-19014.49,23196.45,-0.08
4656960.00,106556458509.28,102546829505.74,23607379.74,-20945.42,21534.23,-0.06
5080320.00,97307483656.57,111284121375.94,23574572.11,-22734.48,19701.41,-0.10
5503680.00,87334994799.30,119211381207.29,23514577.77,-24358.19,17709.47,-0.18
5927040.00,76713317352.35,126265885848.64,23426010.89,-25798.28,15581.80,-0.23
6350400.00,65521741975.80,132395085520.44,23329588.24,-27048.50,13340.49,-0.22
6773760.00,53841541485.50,137554384636.32,23245037.12,-28104.45,11001.67,-0.18
7197120.00,41756093662.37,141705518439.81,23180679.29,-28960.53,8579.53,-0.13
7620480.00,29351440953.38,144816153324.23,23132215.71,-29609.73,6088.24,-0.10
8043840.00,16716772402.93,146860266147.45,23086657.45,-30044.45,3543.56,-0.12
8467200.00,3944478284.54,147818810085.62,23027448.79,-30256.99,962.67,-0.17
8890560.00,-8869549138.26,147680691685.90,22942910.90,-30238.74,-1633.02,-0.23
9313920.00,-21626747003.26,146445499995.72,22841200.79,-29987.73,-4215.15,-0.24
9737280.00,-34230107199.64,144124371431.70,22743637.96,-29512.02,-6759.58,-0.21
10160640.00,-46586292967.12,140737124672.00,22664346.21,-28819.79,-9248.41,-0.16
10584000.00,-58605174266.81,136310829900.60,22607032.83,-27918.40,-11664.93,-0.11
11007360.00,-70199820981.44,130879478886.27,22566955.41,-26815.59,-13993.25,-0.08
11430720.00,-81286595132.97,124483630736.65,22533006.16,-25519.12,-16218.05,-0.08
11854080.00,-91785184437.08,117170380592.47,22492284.34,-24037.12,-18323.71,-0.11
12277440.00,-101618930780.20,108993498458.04,22434875.91,-22378.70,-20294.35,-0.16
12700800.00,-110715204524.80,100013650167.74,22359117.29,-20553.98,-22112.90,-0.19
13124160.00,-119006471572.34,90299223178.15,22277708.89,-18577.93,-23760.41,-0.18
13547520.00,-126433069476.87,79925842458.11,22209798.36,-16471.97,-25223.04,-0.13
13970880.00,-132944370532.59,68973411071.19,22164901.96,-14256.30,-26493.63,-0.08
14394240.00,-138497718822.76,57524440017.81,22142507.81,-11948.81,-27566.50,-0.03
14817600.00,-143057970497.36,45663674592.46,22136704.49,-9567.26,-28436.97,-0.00
15240960.00,-146597464642.36,33477489648.62,22137711.21,-7129.07,-29102.06,0.00
15664320.00,-149095675487.35,21053247122.14,22134160.91,-4650.48,-29559.84,-0.02
16087680.00,-150538830266.08,8479153185.16,22118001.57,-2147.40,-29808.20,-0.06
16511040.00,-150920036885.89,-4155726738.31,22087931.71,363.49,-29845.34,-0.08
16934400.00,-150239635010.22,-16761750832.46,22049837.37,2864.70,-29670.34,-0.09
17357760.00,-148505645047.03,-29249072098.49,22015869.62,5337.18,-29283.34,-0.06
17781120.00,-145734602033.18,-41528535857.23,21998789.30,7760.04,-28688.06,-0.01
18204480.00,-141951649698.85,-53513621130.18,22003231.95,10114.24,-27892.93,0.03
18627840.00,-137189221471.76,-65121784652.79,22025408.69,12384.21,-26907.76,0.07
19051200.00,-131485953349.64,-76274609011.26,22058093.60,14555.93,-25742.30,0.08
19474560.00,-124886250110.67,-86897939670.01,22092867.46,16616.22,-24407.07,0.08
19897920.00,-117439799950.53,-96922312881.12,22120735.26,18553.48,-22913.64,0.05
20321280.00,-109200746625.74,-106283171320.25,22134838.65,20358.19,-21273.32,0.02
20744640.00,-100227089911.78,-114920453540.53,22134980.15,22021.25,-19496.06,-0.01
21168000.00,-90580916480.90,-122778285273.44,22127832.14,23532.45,-17592.08,-0.02
21591360.00,-80328694565.59,-129805458438.45,22122617.15,24881.54,-15573.26,-0.00
22014720.00,-69541064689.85,-135956097782.61,22127653.07,26059.11,-13452.86,0.03
22438080.00,-58292480085.47,-141190217232.77,22147880.24,27056.60,-11245.52,0.07
22861440.00,-46660678208.27,-145474397870.99,22182489.28,27867.29,-8967.58,0.09
23284800.00,-34725684072.69,-148782297974.41,22225395.07,28487.16,-6635.85,0.10
23708160.00,-22568765856.95,-151094556706.08,22268727.88,28914.13,-4266.41,0.10
24131520.00,-10271838383.53,-152398471912.94,22305279.55,29147.14,-1874.75,0.07
24554880.00,2082920952.02,-152687895291.59,22328868.36,29186.12,523.61,0.04
24978240.00,14413622365.30,-151963264244.44,22334752.89,29032.62,2913.17,-0.01
25401600.00,26639461468.67,-150231353525.03,22322411.34,28690.10,5279.81,-0.05
25824960.00,38681138350.25,-147504409957.99,22299111.52,28161.68,7611.69,-0.06
26248320.00,50460230893.09,-143799667672.83,22276354.60,27448.53,9896.43,-0.05
26671680.00,61898879638.54,-139140118274.22,22261979.42,26552.68,12119.34,-0.02
27095040.00,72920573155.71,-133555141071.49,22258316.35,25478.46,14265.24,0.00
27518400.00,83451009122.78,-127080442230.71,22263834.62,24231.86,16319.45,0.02
27941760.00,93418699759.39,-119757850312.20,22274134.13,22820.20,18267.72,0.03
28365120.00,102755568846.49,-111635137259.82,22282756.15,21252.33,20096.28,0.01
28788480.00,111397607091.03,-102765696076.18,22282907.96,19538.57,21792.43,-0.01
29211840.00,119285393262.87,-93208029734.43,22269293.78,17690.18,23344.75,-0.05
29635200.00,126364403291.96,-83025255177.72,22238701.63,15719.01,24742.79,-0.09
30058560.00,132585273546.11,-72284742892.98,22189655.25,13637.65,25976.89,-0.14
30481920.00,137904180586.81,-61057799820.39,22122396.76,11459.77,27038.20,-0.18
30905280.00,142283374467.65,-49419170533.45,22040396.70,9200.37,27919.54,-0.21
