0.00,958038788067.05,-1121819107735.69,-23829370254.27,6384.25,7628.31,0.00
426082.00,960763382569.10,-1118563493666.53,-23827523136.20,6404.78,7653.13,8.66
852164.00,963496688681.28,-1115297542046.52,-23822004842.98,6425.14,7676.84,17.23
1278246.00,966238628811.72,-1112021723820.20,-23812851430.45,6445.31,7699.45,25.72
1704328.00,968989114825.63,-1108736503156.87,-23800100837.87,6465.25,7720.98,34.12
2130410.00,971748048393.35,-1105442337366.32,-23783792818.72,6484.95,7741.44,42.42
2556492.00,974515321446.01,-1102139676843.49,-23763968835.87,6504.39,7760.85,50.62
2982574.00,977290816486.48,-1098828965048.28,-23740672000.33,6523.54,7779.23,58.72
3408656.00,980074406983.44,-1095510638436.52,-23713946986.91,6542.39,7796.60,66.71
3834738.00,982865957719.97,-1092185126471.60,-23683839958.11,6560.91,7812.96,74.59
4260820.00,985665325085.85,-1088852851576.09,-23650398508.46,6579.08,7828.35,82.36
4686902.00,988472357461.27,-1085514229137.28,-23613671578.44,6596.88,7842.76,90.01
5112984.00,991286895461.61,-1082169667509.13,-23573709407.42,6614.30,7856.23,97.55
5539066.00,994108772283.00,-1078819567993.04,-23530563461.42,6631.33,7868.76,104.96
5965148.00,996937813975.02,-1075464324879.46,-23484286374.93,6647.93,7880.37,112.24
6391230.00,999773839689.98,-1072104325421.43,-23434931905.36,6664.11,7891.09,119.40
6817312.00,1002616661999.22,-1068739949877.35,-23382554864.43,6679.83,7900.92,126.43
7243394.00,1005466087087.88,-1065371571515.90,-23327211081.85,6695.10,7909.88,133.33
7669476.00,1008321915059.17,-1061999556630.09,-23268957343.18,6709.89,7917.99,140.09
8095558.00,1011183940148.65,-1058624264588.29,-23207851344.03,6724.18,7925.26,146.72
8521640.00,1014051950946.56,-1055246047823.33,-23143951649.63,6737.98,7931.72,153.20
8947722.00,1016925730657.54,-1051865251899.15,-23077317639.37,6751.26,7937.37,159.55
9373804.00,1019805057260.04,-1048482215514.73,-23008009477.64,6764.01,7942.24,165.75
9799886.00,1022689703770.26,-1045097270543.42,-22936088062.02,6776.23,7946.34,171.82
10225968.00,1025579438410.27,-1041710742081.12,-22861614987.97,6787.90,7949.68,177.73
10652050.00,1028474024810.72,-1038322948447.31,-22784652512.49,6799.00,7952.28,183.50
11078132.00,1031373222224.31,-1034934201263.93,-22705263509.09,6809.54,7954.15,189.12
11504214.00,1034276785664.56,-1031544805458.39,-22623511441.66,6819.49,7955.32,194.59
11930296.00,1037184466134.25,-1028155059324.98,-22539460320.85,6828.86,7955.80,199.91
12356378.00,1040096010756.90,-1024765254568.42,-22453174676.30,6837.63,7955.60,205.08
12782460.00,1043011162960.35,-1021375676317.44,-22364719525.06,6845.79,7954.74,210.10
13208542.00,1045929662648.04,-1017986603206.90,-22274160336.40,6853.34,7953.23,214.96
13634624.00,1048851246324.68,-1014598307380.11,-22181563008.09,6860.27,7951.09,219.66
14060706.00,1051775647292.55,-1011211054567.42,-22086993829.92,6866.57,7948.34,224.21
14486788.00,1054702595757.77,-1007825104125.14,-21990519460.44,6872.23,7944.98,228.61
14912870.00,1057631818996.17,-1004440709065.51,-21892206898.67,6877.24,7941.04,232.84
15338952.00,1060563041485.37,-1001058116140.58,-21792123457.32,6881.61,7936.53,236.92
15765034.00,1063495985016.38,-997677565845.80,-21690336742.02,6885.32,7931.46,240.84
16191116.00,1066430368854.95,-994299292508.98,-21586914623.25,6888.37,7925.84,244.59
16617198.00,1069365909827.81,-990923524322.46,-21481925217.41,6890.75,7919.70,248.19
17043280.00,1072302322470.39,-987550483388.55,-21375436862.46,6892.46,7913.04,251.63
17469362.00,1075239319125.61,-984180385801.78,-21267518097.85,6893.49,7905.89,254.91
17895444.00,1078176610043.09,-980813441659.09,-21158237645.69,6893.84,7898.24,258.02
18321526.00,1081113903502.46,-977449855155.94,-21047664390.42,6893.50,7890.13,260.97
18747608.00,1084050905879.96,-974089824611.21,-20935867364.27,6892.47,7881.55,263.77
19173690.00,1086987321771.49,-970733542523.15,-20822915728.34,6890.75,7872.53,266.39
19599772.00,1089922854061.40,-967381195643.98,-20708878759.27,6888.32,7863.08,268.86
20025854.00,1092857204008.95,-964032964996.37,-20593825832.87,6885.20,7853.22,271.16
20451936.00,1095790071336.21,-960689025972.24,-20477826411.01,6881.36,7842.94,273.30
20878018.00,1098721154275.51,-957349548352.77,-20360950029.97,6876.82,7832.28,275.28
21304100.00,1101650149664.54,-954014696373.29,-20243266287.13,6871.57,7821.23,277.09
21730182.00,1104576752982.19,-950684628784.15,-20124844833.71,6865.59,7809.82,278.74
22156264.00,1107500658417.99,-947359498868.77,-20005755362.41,6858.90,7798.06,280.23
22582346.00,1110421558923.95,-944039454534.98,-19886067601.65,6851.49,7785.95,281.55
23008428.00,1113339146246.01,-940724638327.23,-19765851307.36,6843.35,7773.52,282.71
23434510.00,1116253110989.35,-937415187495.23,-19645176255.32,6834.48,7760.77,283.70
23860592.00,1119163142625.92,-934111234039.10,-19524112238.64,6824.89,7747.72,284.53
24286674.00,1122068929542.34,-930812904727.44,-19402729059.04,6814.56,7734.37,285.20
24712756.00,1124970159054.12,-927520321172.15,-19281096527.65,6803.49,7720.75,285.71
25138838.00,1127866517419.81,-924233599826.37,-19159284460.14,6791.69,7706.86,286.04
25564920.00,1130757689875.30,-920952852046.41,-19037362675.26,6779.15,7692.71,286.22
25991002.00,1133643360617.33,-917678184114.39,-18915400996.42,6765.87,7678.32,286.23
26417084.00,1136523212830.50,-914409697252.19,-18793469246.91,6751.84,7663.70,286.08
26843166.00,1139396928667.46,-911147487674.21,-18671637255.83,6737.06,7648.86,285.76
27269248.00,1142264189245.20,-907891646569.34,-18549974855.56,6721.54,7633.81,285.28
27695330.00,1145124674644.93,-904642260145.28,-18428551885.58,6705.26,7618.56,284.64
28121412.00,1147978063874.64,-901399409618.82,-18307438196.79,6688.23,7603.13,283.83
28547494.00,1150824034874.85,-898163171215.03,-18186703650.72,6670.44,7587.53,282.86
28973576.00,1153662264471.02,-894933616186.96,-18066418129.47,6651.89,7571.76,281.72
29399658.00,1156492428355.83,-891710810776.43,-17946651535.22,6632.58,7555.85,280.42
29825740.00,1159314201058.87,-888494816233.97,-17827473798.21,6612.50,7539.79,278.96
30251822.00,1162127255891.76,-885285688772.00,-17708954881.93,6591.66,7523.61,277.33
30677904.00,1164931264932.17,-882083479540.02,-17591164784.77,6570.04,7507.32,275.54
31103986.00,1167725898953.79,-878888234598.08,-17474173551.56,6547.65,7490.93,273.58
