0.00,619493581257.19,-392739126856.79,-5538456466.14,6613.37,13937.55,-0.08
423360.00,622290973379.59,-386821855166.08,-5543346563.69,6602.05,14016.37,-23.32
846720.00,625083966558.79,-380871827437.38,-5558244872.24,6592.61,14092.23,-47.37
1270080.00,627873366879.04,-374890344052.91,-5583498677.87,6585.11,14164.91,-72.24
1693440.00,630660008655.50,-368878805828.86,-5619461480.00,6579.60,14234.15,-97.96
2116800.00,633444751323.68,-362838723039.04,-5666491732.35,6576.16,14299.68,-124.54
2540160.00,636228475264.48,-356771724730.30,-5724951219.92,6574.81,14361.22,-151.96
2963520.00,639012076509.38,-350679568654.77,-5795203062.87,6575.59,14418.45,-180.25
3386880.00,641796460083.99,-344564151403.60,-5877609284.81,6578.52,14471.02,-209.39
3810240.00,644582531742.88,-338427518842.92,-5972527823.17,6583.58,14518.57,-239.36
4233600.00,647371187976.14,-332271876548.51,-6080308976.06,6590.74,14560.72,-270.15
4656960.00,650163304286.50,-326099600113.32,-6201291355.06,6599.93,14597.05,-301.72
5080320.00,652959720872.03,-319913245283.17,-6335796899.43,6611.05,14627.11,-334.03
5503680.00,655761226193.92,-313715556786.21,-6484125211.14,6623.95,14650.46,-367.02
5927040.00,658568538189.09,-307509476667.05,-6646547244.78,6638.45,14666.63,-400.60
6350400.00,661382282372.26,-301298150527.34,-6823297861.60,6654.30,14675.11,-434.69
6773760.00,664202967763.03,-295084931934.98,-7014567882.78,6671.19,14675.43,-469.18
7197120.00,667030959336.12,-288873383976.52,-7220494915.10,6688.75,14667.08,-503.91
7620480.00,669866448195.40,-282667276716.44,-7441153385.76,6706.53,14649.58,-538.74
8043840.00,672709419700.26,-276470581116.67,-7676544212.98,6724.00,14622.48,-573.48
8467200.00,675559618994.21,-270287457442.73,-7926583547.06,6740.56,14585.33,-607.90
8890560.00,678416515396.42,-264122238057.73,-8191091340.46,6755.51,14537.77,-641.78
9313920.00,681279265912.36,-257979402922.97,-8469779586.33,6768.06,14479.47,-674.84
9737280.00,684146679629.85,-251863548375.84,-8762241131.44,6777.36,14410.20,-706.79
10160640.00,687017183236.18,-245779347304.40,-9067938724.05,6782.47,14329.84,-737.30
10584000.00,689888790439.38,-239731501452.17,-9386195580.14,6782.37,14238.39,-766.05
11007360.00,692759076387.50,-233724686204.09,-9716187830.88,6776.00,14135.97,-792.67
11430720.00,695625157655.41,-227763487553.96,-10056938994.97,6762.27,14022.88,-816.80
11854080.00,698483681536.74,-221852330939.30,-10407317208.85,6740.06,13899.59,-838.07
12277440.00,701330826609.61,-215995406646.76,-10766036476.64,6708.27,13766.74,-856.12
12700800.00,704162313882.29,-210196591888.52,-11131661639.18,6665.85,13625.17,-870.61
13124160.00,706973431167.62,-204459370145.57,-11502617398.16,6611.81,13475.90,-881.23
13547520.00,709759073338.59,-198786754639.96,-11877202335.82,6545.28,13320.13,-887.69
13970880.00,712513793969.28,-193181218681.43,-12253607373.47,6465.53,13159.22,-889.76
14394240.00,715231869997.94,-187644630752.74,-12629938119.04,6371.99,12994.65,-887.28
14817600.00,717907380377.86,-182178203117.55,-13004241130.58,6264.30,12828.03,-880.14
15240960.00,720534292545.48,-176782457147.72,-13374532986.55,6142.31,12661.02,-868.30
15664320.00,723106554165.11,-171457202775.42,-13738831289.42,6006.06,12495.31,-851.81
16087680.00,725618190268.09,-166201535348.84,-14095186643.33,5855.88,12332.58,-830.77
16511040.00,728063398929.74,-161013854805.61,-14441713710.05,5692.27,12174.42,-805.38
16934400.00,730436640421.39,-155891901319.50,-14776620508.55,5515.95,12022.36,-775.89
17357760.00,732732719550.74,-150832805293.72,-15098235350.35,5327.83,11877.74,-742.62
17781120.00,734946858468.58,-145833152706.16,-15405029961.65,5128.97,11741.78,-705.92
18204480.00,737074754558.55,-140889063401.37,-15695637444.25,4920.54,11615.47,-666.20
18627840.00,739112622299.87,-135996275385.92,-15968865338.72,4703.82,11499.62,-623.87
19051200.00,741057221980.64,-131150230785.63,-16223704782.37,4480.11,11394.81,-579.39
19474560.00,742905874616.80,-126346165713.70,-16459334222.13,4250.74,11301.42,-533.19
19897920.00,744656458358.23,-121579198790.09,-16675116726.87,4017.01,11219.64,-485.69
20321280.00,746307392630.70,-116844410623.00,-16870594251.87,3780.17,11149.47,-437.32
20744640.00,747857614358.07,-112136915825.86,-17045479473.16,3541.41,11090.75,-388.47
21168000.00,749306544954.75,-107451928640.58,-17199644079.69,3301.82,11043.16,-339.49
21591360.00,750654048420.49,-102784818411.62,-17333104132.68,3062.41,11006.29,-290.71
22014720.00,751900385821.38,-98131153220.72,-17446004692.80,2824.05,10979.62,-242.42
22438080.00,753046169433.14,-93486733166.68,-17538604832.65,2587.52,10962.58,-194.86
22861440.00,754092316691.53,-88847616540.06,-17611262505.50,2353.47,10954.52,-148.24
23284800.00,755040002195.86,-84210137586.21,-17664418170.44,2122.47,10954.78,-102.76
23708160.00,755890612321.45,-79570914540.33,-17698579692.48,1894.97,10962.70,-58.54
24131520.00,756645704379.59,-74926851711.94,-17714309151.90,1671.32,10977.58,-15.71
24554880.00,757306968824.01,-70275137076.66,-17712210558.52,1451.78,10998.78,25.66
24978240.00,757876194500.33,-65613235380.42,-17692918464.54,1236.57,11025.64,65.50
25401600.00,758355237738.71,-60938877396.14,-17657087852.05,1025.80,11057.56,103.77
25824960.00,758745995883.33,-56250046590.69,-17605385573.75,819.54,11093.95,140.46
26248320.00,759050384957.61,-51544964310.43,-17538483254.60,617.81,11134.27,175.57
26671680.00,759270320843.95,-46822074651.66,-17457051464.28,420.60,11178.02,209.09
27095040.00,759407702550.02,-42080028557.31,-17361754295.34,227.83,11224.71,241.06
27518400.00,759464398859.75,-37317666953.13,-17253244994.52,39.44,11273.94,271.50
27941760.00,759442238342.75,-32534004613.49,-17132162884.45,-144.68,11325.29,300.45
28365120.00,759343001431.52,-27728214947.23,-16999130980.55,-324.67,11378.42,327.95
28788480.00,759168414173.56,-22899615363.40,-16854754090.16,-500.64,11433.01,354.05
29211840.00,758920143586.78,-18047653242.22,-16699617388.74,-672.75,11488.75,378.78
29635200.00,758599794557.75,-13171892598.57,-16534285457.58,-841.15,11545.40,402.21
30058560.00,758208908322.98,-8272001680.04,-16359301834.02,-1005.98,11602.72,424.38
30481920.00,757748962223.99,-3347741914.25,-16175189052.29,-1167.40,11660.49,445.34
30905280.00,757221369911.48,1601041947.94,-15982448870.55,-1325.55,11718.54,465.13
