0.00,645381286130.41,-372453712103.11,-14250951466.27,4239.53,12944.87,0.09
200000.00,646222291230.60,-369876448793.94,-14249232351.94,4170.79,12826.81,17.20
400000.00,647050104934.37,-367322665213.80,-14244134183.21,4107.63,12710.08,33.88
600000.00,647865817410.67,-364792096951.32,-14235743135.22,4049.79,12594.66,50.13
800000.00,648670470187.21,-362284488023.35,-14224142068.26,3997.05,12480.49,65.97
1000000.00,649465062840.98,-359799591543.02,-14209410817.45,3949.21,12367.54,81.43
1200000.00,650250559331.48,-357337170261.54,-14191626451.98,3906.11,12255.75,96.50
1400000.00,651027893741.56,-354896996578.81,-14170863578.15,3867.61,12145.07,111.21
1600000.00,651797975777.55,-352478852771.52,-14147194566.85,3833.61,12035.45,125.56
1800000.00,652561695541.65,-350082530852.97,-14120689814.50,3804.02,11926.85,139.57
2000000.00,653319928225.89,-347707831993.58,-14091418063.44,3778.77,11819.22,153.23
2200000.00,654073538588.84,-345354565978.09,-14059446681.94,3757.83,11712.52,166.56
2400000.00,654823385291.82,-343022550575.49,-14024841932.89,3741.18,11606.72,179.56
2600000.00,655570324942.45,-340711610837.75,-13987669250.15,3728.81,11501.77,192.24
2800000.00,656315216063.16,-338421578095.62,-13947993551.68,3720.74,11397.65,204.59
3000000.00,657058922992.91,-336152288832.76,-13905879559.01,3717.02,11294.34,216.62
3200000.00,657802319761.00,-333903583279.42,-13861392151.61,3717.70,11191.82,228.32
3400000.00,658546294162.14,-331675303901.77,-13814596715.66,3722.85,11090.09,239.69
3600000.00,659291751839.91,-329467294065.22,-13765559468.26,3732.59,10989.13,250.73
3800000.00,660039620118.94,-327279396209.68,-13714347869.78,3747.03,10888.98,261.43
4000000.00,660790852051.50,-325111449381.50,-13661031111.42,3766.30,10789.64,271.78
4200000.00,661546430953.23,-322963286665.47,-13605680587.41,3790.58,10691.15,281.76
4400000.00,662307375124.19,-320834732689.28,-13548370367.54,3820.04,10593.57,291.37
4600000.00,663074742364.04,-318725600541.76,-13489177782.13,3854.90,10496.96,300.58
4800000.00,663849634808.57,-316635687649.30,-13428184119.30,3895.39,10401.40,309.37
5000000.00,664633204525.52,-314564771481.14,-13365475321.72,3941.78,10307.02,317.72
5200000.00,665426659146.30,-312512604807.39,-13301142772.42,3994.35,10213.95,325.60
5400000.00,666231267638.79,-310478909740.25,-13235284231.82,4053.44,10122.35,332.97
5600000.00,667048366658.72,-308463370703.65,-13168004888.02,4119.39,10032.44,339.80
5800000.00,667879367474.73,-306465626416.14,-13099418528.94,4192.60,9944.47,346.03
6000000.00,668725763286.01,-304485260648.38,-13029648880.31,4273.49,9858.73,351.61
6200000.00,669589136625.45,-302521791325.93,-12958831159.43,4362.53,9775.60,356.49
6400000.00,670471166642.72,-300574657095.39,-12887113886.02,4460.23,9695.49,360.59
6600000.00,671373637200.80,-298643201100.32,-12814660930.47,4567.13,9618.94,363.82
6800000.00,672298445828.14,-296726652662.45,-12741653833.09,4683.81,9546.57,366.10
7000000.00,673247611960.80,-294824105834.48,-12668294517.92,4810.91,9479.11,367.32
7200000.00,674223284099.86,-292934493271.76,-12594808442.82,4949.09,9417.45,367.34
7400000.00,675227745978.47,-291056554804.82,-12521448205.12,5099.04,9362.63,366.02
7600000.00,676263421146.07,-289188800061.35,-12448497660.47,5261.47,9315.92,363.19
7800000.00,677332874861.82,-287329464115.24,-12376276623.44,5437.08,9278.81,358.67
8000000.00,678438811864.05,-285476455002.20,-12305146216.43,5626.55,9253.09,352.23
8200000.00,679584067846.61,-283627292155.39,-12235514917.70,5830.51,9240.86,343.61
8400000.00,680771590546.59,-281779034715.26,-12167845234.93,6049.43,9244.65,332.54
8600000.00,682004405732.81,-279928197842.40,-12102660759.76,6283.61,9267.38,318.68
8800000.00,683285564540.72,-278070656487.99,-12040553408.27,6532.98,9312.54,301.67
9000000.00,684618065429.30,-276201538727.81,-11982190495.77,6797.04,9384.13,281.13
9200000.00,686004740806.39,-274315111874.28,-11928320885.08,7074.59,9486.75,256.63
9400000.00,687448097201.33,-272404668370.08,-11879778911.01,7363.52,9625.56,227.74
9600000.00,688950096473.43,-270462423784.69,-11837484010.59,7660.41,9806.14,194.04
9800000.00,690511866839.98,-268479446999.98,-11802433318.79,7960.26,10034.32,155.19
