0.00,978001262382.99,-1118905138574.37,-19480916655.53,7893.86,17417.68,0.01
426082.00,980768261121.82,-1116348434241.00,-19478388345.21,17308.57,12034.79,-303.03
852164.00,983382182534.27,-1113593660975.44,-19470595840.67,17194.69,-5571.61,-355.39
1278246.00,986319940141.72,-1110564695249.96,-19471873499.64,-8046.97,1732.80,432.21
1704328.00,989421487429.88,-1107985524497.80,-19479714609.35,4475.01,17375.09,102.94
2130410.00,992073123715.15,-1105480080145.78,-19474140188.23,19668.11,6921.06,-390.76
2556492.00,994781261133.39,-1102375927788.21,-19468597387.72,-6941.91,-2246.05,384.45
2982574.00,997914932613.27,-1099814957848.00,-19477679228.22,8013.62,17270.42,-4.94
3408656.00,1000358277031.61,-1097131268717.64,-19465623694.87,15307.45,-7095.28,-304.56
3834738.00,1003508227155.86,-1094153570907.29,-19474152164.42,277.56,16190.37,224.81
4260820.00,1006039766168.07,-1091656940560.57,-19465521915.47,19376.00,-378.26,-405.89
4686902.00,1009095547705.79,-1088580890150.32,-19471092553.48,-368.93,15872.12,242.30
5112984.00,1011562503149.51,-1086039313427.43,-19460630431.79,17098.84,-4818.20,-351.44
5539066.00,1014699315746.12,-1083091360563.04,-19469194877.70,5712.28,17341.32,63.00
5965148.00,1017084619026.84,-1080187954895.21,-19455420427.26,-2439.88,-7650.51,227.85
6391230.00,1020127245270.47,-1077657626058.17,-19462638983.25,16690.88,12060.76,-284.99
6817312.00,1022931544913.44,-1074512936878.73,-19460925539.29,-1767.69,15036.68,279.98
7243394.00,1025319625766.77,-1071790185978.89,-19448070895.69,3989.62,-10159.20,24.98
7669476.00,1028339349489.67,-1069175341376.15,-19454706556.02,17668.42,10452.91,-320.11
8095558.00,1031209244405.14,-1066095946651.24,-19455502530.88,4386.34,17206.07,101.48
8521640.00,1033722553727.74,-1063067895146.00,-19445715670.82,-7605.55,6655.92,426.96
8947722.00,1036230837640.16,-1060437376731.33,-19437331872.48,8709.04,-9785.90,-117.61
9373804.00,1039142808338.47,-1057748439010.57,-19440911739.88,19142.67,6055.80,-378.53
9799886.00,1042024688682.92,-1054790094444.94,-19442818979.72,13041.13,15090.22,-166.24
10225968.00,1044763719163.31,-1051753825422.76,-19440373110.78,5293.19,17226.21,73.24
10652050.00,1047393479518.78,-1048733028678.58,-19434674003.13,-1625.61,15109.41,273.08
11078132.00,1049961521893.97,-1045765832261.22,-19427554449.05,-6475.03,9761.69,400.03
11504214.00,1052518818595.72,-1042857842875.42,-19420344886.20,-7886.20,2671.72,418.75
11930296.00,1055101949277.95,-1039981257965.15,-19414137706.92,-5873.00,-3475.26,337.26
12356378.00,1057716879641.47,-1037098734655.95,-19409066952.47,-2854.26,-6850.63,235.40
12782460.00,1060352306470.97,-1034184502208.85,-19404470933.37,-1353.55,-7859.83,186.65
13208542.00,1062997927717.02,-1031229492383.44,-19400293246.95,-2296.23,-7213.78,216.39
13634624.00,1065660013975.83,-1028239910911.97,-19396533914.50,-5096.43,-4484.47,308.98
14060706.00,1068352084810.65,-1025234969919.61,-19393729759.11,-7606.04,935.71,401.01
14486788.00,1071072790425.87,-1022250974097.74,-19392055166.82,-7283.85,7795.48,413.93
14912870.00,1073796962596.88,-1019317566030.77,-19390627478.58,-3617.80,13595.14,323.59
15338952.00,1076479868395.70,-1016438981978.96,-19388390862.76,2205.00,16753.68,159.99
15765034.00,1079078633262.05,-1013594008295.08,-19383814656.24,9008.06,16658.28,-42.19
16191116.00,1081557794814.45,-1010727421492.51,-19375725711.71,15713.45,12256.16,-256.80
16617198.00,1083914707423.95,-1007726296051.89,-19363777715.48,18285.88,641.81,-372.24
17043280.00,1086374939150.84,-1004440917674.71,-19353911573.18,56.25,-8302.93,138.27
17469362.00,1089211799711.30,-1001289759867.41,-19355918395.13,-6080.92,10575.50,383.80
17895444.00,1091930143314.68,-998464566034.11,-19355574040.07,5188.80,17122.70,72.21
18321526.00,1094336243240.77,-995653373621.66,-19346129375.58,16242.30,11329.83,-275.84
18747608.00,1096555462838.43,-992462044737.14,-19330079050.95,10196.37,-8335.71,-164.25
19173690.00,1099366324419.05,-989141829172.17,-19331073722.14,-6195.92,10413.34,385.08
19599772.00,1102051284477.91,-986365635797.66,-19330457166.05,8532.58,16694.35,-29.67
20025854.00,1104243360085.55,-983450013983.28,-19314859908.97,18201.64,1844.56,-366.71
20451936.00,1106792317368.94,-979949654304.78,-19307878037.29,-7888.59,4631.55,413.03
20878018.00,1109566055138.31,-977135076184.48,-19310141101.40,7425.35,16905.17,3.11
21304100.00,1111685700827.86,-974199662336.83,-19292660687.40,17398.96,-667.45,-351.51
21730182.00,1114369468773.35,-970703261355.46,-19290132432.75,-5884.01,11011.69,374.45
22156264.00,1116932217153.50,-967990866006.93,-19286815229.65,13289.67,14230.08,-179.10
22582346.00,1119011693328.84,-964619324169.54,-19267080578.29,-1138.64,-7385.85,170.07
23008428.00,1121919450497.91,-961594879997.18,-19273169475.16,5203.70,17082.68,68.23
23434510.00,1123942485711.90,-958631954506.59,-19253423905.49,15355.35,-3880.56,-303.63
23860592.00,1126758786496.14,-955226237560.35,-19255703536.28,-375.84,15888.22,227.04
24286674.00,1128910759301.01,-952442842659.42,-19240719591.88,17966.49,3116.01,-355.84
24712756.00,1131565474869.75,-948905074389.37,-19237952757.56,-2769.68,14471.77,291.82
25138838.00,1133766476152.59,-946161046773.05,-19224890995.05,17919.62,4603.98,-349.94
25564920.00,1136391085568.24,-942610690413.77,-19221408356.09,-2184.16,14903.16,275.64
25991002.00,1138501645855.48,-939821261799.68,-19205765489.25,17512.11,1204.86,-350.19
26417084.00,1141222468009.34,-936349363602.45,-19205708498.51,1346.41,16556.60,177.34
26843166.00,1143147782535.93,-933347743032.18,-19184098484.88,11161.44,-7059.74,-193.70
27269248.00,1145984939532.79,-930135963230.41,-19188671359.90,7598.38,16778.37,-5.60
27695330.00,1147953932565.44,-926702255228.29,-19167074374.64,-6634.13,-1453.24,346.15
28121412.00,1150558350631.20,-923913292352.85,-19166528276.42,15270.32,11724.50,-248.49
28547494.00,1152957961312.95,-920309955006.08,-19157271013.93,-2834.22,14506.20,290.21
28973576.00,1154910327268.43,-917384839197.67,-19137410801.55,12526.54,-5945.33,-230.24
29399658.00,1157677081208.35,-914173047109.02,-19140549479.10,9956.94,15972.01,-78.68
29825740.00,1159818037810.66,-910598015390.22,-19124158751.61,-6679.21,9916.11,384.51
30251822.00,1161915445331.18,-907782261181.44,-19109417700.31,16069.78,-1565.01,-319.20
30677904.00,1164607732616.00,-904464695790.29,-19110336446.09,9343.36,16196.17,-60.64
31103986.00,1166754542400.26,-900889876566.18,-19094549690.41,-5693.14,11646.56,360.08
