0.00,977692008529.05,-1118750282126.71,-19532128208.48,-7283.15,-19.77,473.25
424800.00,980726069187.54,-1115652130074.60,-19666761731.91,-986.44,7098.21,-1432.06
849600.00,983921024555.63,-1112903866781.54,-19633694098.10,1445.06,10021.67,-2231.11
1274400.00,986893436135.83,-1111176085650.95,-19221144716.35,11993.10,11095.76,-1097.00
1699200.00,988527182170.80,-1107606581883.25,-19736751110.26,3090.70,757.66,1735.30
2124000.00,992941975350.47,-1105318017575.94,-19327446032.58,7865.71,11999.35,-2045.14
2548800.00,994156191538.31,-1101979671737.06,-19803538739.86,2738.25,1614.96,1362.84
2973600.00,998406905572.12,-1100350906087.11,-19145454983.37,11112.96,10651.05,-1008.18
3398400.00,1000667309946.15,-1095984437806.73,-19869864918.63,1429.56,6880.09,-913.28
3823200.00,1002534017037.50,-1094911008308.02,-19331628215.94,11104.09,1928.01,2497.12
4248000.00,1007260964298.58,-1091409392970.39,-19339103394.80,6983.08,11380.54,-1874.62
4672800.00,1008705416971.32,-1087579560040.91,-19955218994.33,1570.69,5362.39,-253.89
5097600.00,1010855002932.78,-1086662176573.40,-19299645630.78,11087.74,2324.20,2367.00
5522400.00,1015664655641.59,-1083286670182.81,-19231851968.34,8013.33,11213.08,-1626.24
5947200.00,1017573581389.54,-1079071336078.89,-19920706160.80,2045.09,7459.13,-990.54
6372000.00,1018745882139.45,-1077380226115.61,-19704109117.88,5851.31,1053.82,2138.66
6796800.00,1023240996007.60,-1075712456319.76,-18987199373.67,11817.55,8865.48,-103.16
7221600.00,1026761292611.82,-1071221012376.90,-19538843987.73,4853.92,10447.39,-1742.40
7646400.00,1027983760337.63,-1067697145766.87,-20032449368.14,1884.88,5560.59,-205.73
8071200.00,1029643897213.54,-1066512317682.86,-19521580194.41,7935.23,1317.30,2380.82
8496000.00,1034388197464.48,-1064351933187.95,-18950069333.95,11108.93,9412.39,-390.40
8920800.00,1037785688121.86,-1059845666858.75,-19508453420.56,5049.76,10451.68,-1673.67
9345600.00,1039143669163.78,-1056132609014.15,-20040295544.22,2031.27,6546.52,-537.19
9770400.00,1040371848053.81,-1054463531886.27,-19768065561.35,5267.73,1658.02,1899.46
10195200.00,1044399447413.75,-1053159086080.66,-18940581731.35,12075.24,6726.93,864.06
10620000.00,1048686859605.47,-1049091708163.86,-19177431337.78,7401.67,10891.84,-1468.59
11044800.00,1050845523076.44,-1044750059741.12,-19827335299.08,3193.06,8986.94,-1303.77
11469600.00,1051855833735.12,-1041772848991.94,-20092535095.23,2259.66,4763.99,262.27
11894400.00,1053666753828.73,-1040602140812.21,-19514589458.49,7621.38,1739.50,2257.39
12319200.00,1058201032195.01,-1038658699101.87,-18848474128.42,11458.91,8287.54,200.34
12744000.00,1062119225037.20,-1034359160474.18,-19210088163.66,6784.44,10816.22,-1476.32
13168800.00,1064171377357.06,-1030063724284.74,-19835012081.44,3224.04,8991.74,-1249.51
13593600.00,1065211958278.07,-1026966760566.75,-20121785919.56,2196.05,5357.77,67.16
14018400.00,1066711268291.70,-1025524742332.21,-19675531917.56,5997.15,1908.93,2006.28
14443200.00,1070735047329.82,-1024074574029.49,-18864206075.67,11646.49,6522.44,983.77
14868000.00,1075109226141.81,-1020182188239.07,-18975932255.84,8231.78,10683.22,-1164.44
15292800.00,1077740551217.65,-1015683101244.94,-19577528352.45,4405.12,10026.74,-1443.00
15717600.00,1079107191366.76,-1011926099880.15,-20059922402.41,2349.58,7424.34,-686.91
16142400.00,1080101987657.96,-1009522287028.16,-20049660347.65,2950.88,3796.99,862.65
16567200.00,1082354561970.09,-1008426276779.02,-19330043869.98,8524.38,2478.21,2204.09
16992000.00,1086890533271.29,-1006183184279.88,-18736771834.72,11020.49,8434.53,187.27
17416800.00,1090800615650.66,-1001920640978.57,-19038273540.73,7211.16,10787.20,-1293.13
17841600.00,1093141439938.66,-997477944204.15,-19633509262.11,4031.38,9804.67,-1347.28
18266400.00,1094437259550.99,-993782107929.68,-20075770888.01,2332.47,7408.42,-622.02
18691200.00,1095421636368.37,-991304890764.55,-20070493774.26,2800.68,4159.77,756.66
19116000.00,1097430929299.54,-990079334724.49,-19412056130.94,7501.11,2389.06,2152.54
19540800.00,1101697655538.41,-988152662732.28,-18705333386.55,11149.83,7467.68,653.33
19965600.00,1105861610485.37,-984128865631.21,-18849139106.73,8050.10,10651.10,-1057.92
20390400.00,1108563676689.23,-979596109245.00,-19403029393.43,4839.24,10340.48,-1385.52
20815200.00,1110143543657.04,-975540908099.16,-19922630351.92,2794.86,8574.37,-961.69
21240000.00,1111137018864.51,-972433111440.89,-20142801164.48,2173.59,5920.74,21.69
21664800.00,1112356067131.97,-970559767792.33,-19831972369.07,4201.43,2997.20,1493.82
22089600.00,1115275105147.00,-969360318128.52,-19002867743.51,9734.09,3899.78,1936.75
22514400.00,1119793300037.78,-966537265228.83,-18590113134.75,10221.65,9142.24,-82.60
22939200.00,1123457679963.05,-962177948929.79,-18910884469.03,6973.56,10802.25,-1203.70
23364000.00,1125818591953.73,-957680810821.40,-19469769349.49,4295.12,10133.20,-1310.46
23788800.00,1127250363237.53,-953711671364.47,-19946448235.40,2610.73,8413.47,-853.81
24213600.00,1128207171587.47,-950632266785.19,-20130366295.19,2146.39,5969.34,71.69
24638400.00,1129389019624.54,-948683124967.98,-19823363666.57,3963.20,3276.35,1422.01
25063200.00,1132092794904.36,-947433393902.74,-19015949941.92,9079.00,3657.17,2002.75
25488000.00,1136489048597.96,-944821554874.52,-18510970567.95,10365.56,8642.44,196.45
25912800.00,1140309765699.07,-940578309921.66,-18737025700.69,7471.88,10759.07,-1051.14
26337600.00,1142894416235.40,-936013522087.03,-19262534369.77,4822.83,10488.25,-1307.32
26762400.00,1144529572878.14,-931809924449.12,-19773366596.69,3008.99,9172.47,-1026.66
27187200.00,1145578802333.76,-928310848216.40,-20080546169.89,2099.02,7194.40,-352.87
27612000.00,1146507763478.71,-925769452823.57,-20016837632.93,2598.21,4706.81,724.20
28036800.00,1148181172098.21,-924237868426.59,-19439161662.23,5881.77,2875.73,1931.57
28461600.00,1151731248800.31,-922610856299.67,-18630512975.79,10301.02,5765.75,1407.38
28886400.00,1156049678325.22,-919187478461.64,-18429029805.88,9265.71,9853.71,-367.16
29311200.00,1159389279081.41,-914701098698.64,-18787598752.85,6478.23,10880.72,-1162.63
29736000.00,1161643610807.83,-910161314120.41,-19316707828.53,4249.17,10324.81,-1244.97
30160800.00,1163103239385.00,-906032545587.06,-19789235778.24,2735.90,9010.75,-922.44
30585600.00,1164078572008.59,-902579770278.27,-20055168085.12,2004.32,7153.51,-271.87
31010400.00,1164978635148.88,-900016609946.64,-19971163671.40,2519.48,4857.79,730.35
