0.00,640593368831.24,-356797625147.18,-18312267152.83,8298.18,11972.65,116.09
432000.00,644159080615.75,-351628077476.44,-18258908701.56,8209.12,11960.21,130.94
864000.00,647685900506.88,-346464144983.98,-18199195968.79,8118.12,11946.65,145.50
1296000.00,651172991387.10,-341306307957.30,-18133259591.55,8025.19,11931.99,159.76
1728000.00,654619520008.46,-336155043719.04,-18061232325.28,7930.33,11916.22,173.70
2160000.00,658024655501.39,-331010827020.25,-17983249137.97,7833.55,11899.36,187.33
2592000.00,661387567762.76,-325874130288.48,-17899447363.58,7734.84,11881.40,200.63
3024000.00,664707425742.28,-320745423892.35,-17809966859.70,7634.21,11862.36,213.62
3456000.00,667983395633.10,-315625176211.84,-17714950239.19,7531.65,11842.24,226.26
3888000.00,671214638936.77,-310513853729.08,-17614543105.17,7427.14,11821.04,238.57
4320000.00,674400310428.32,-305411920917.88,-17508894361.39,7320.66,11798.77,250.53
4752000.00,677539555999.76,-300319840118.14,-17398156536.95,7212.19,11775.43,262.13
5184000.00,680631510395.17,-295238071171.93,-17282486187.96,7101.71,11751.02,273.36
5616000.00,683675294784.55,-290167071109.35,-17162044304.73,6989.17,11725.57,284.21
6048000.00,686670014270.31,-285107293426.50,-17036996838.00,6874.54,11699.07,294.68
6480000.00,689614755211.53,-280059187458.51,-16907515213.44,6757.77,11671.53,304.74
6912000.00,692508582404.32,-275023197438.75,-16773776940.07,6638.81,11642.97,314.38
7344000.00,695350536180.03,-269999761261.70,-16635966304.67,6517.60,11613.41,323.59
7776000.00,698139629269.61,-264989309272.83,-16494275079.21,6394.07,11582.86,332.34
8208000.00,700874843641.08,-259992262444.51,-16348903375.19,6268.14,11551.35,340.62
8640000.00,703555127010.93,-255009030688.38,-16200060495.58,6139.73,11518.91,348.41
9072000.00,706179389387.40,-250040010268.43,-16047965972.52,6008.76,11485.56,355.67
9504000.00,708746499406.02,-245085581426.74,-15892850608.25,5875.11,11451.36,362.39
9936000.00,711255280438.39,-240146105143.67,-15734957668.08,5738.69,11416.34,368.52
10368000.00,713704506718.42,-235221919622.48,-15574544165.28,5599.37,11380.57,374.05
10800000.00,716092899272.51,-230313336087.06,-15411882264.86,5457.02,11344.12,378.92
11232000.00,718419121834.30,-225420634100.83,-15247260797.96,5311.51,11307.06,383.11
11664000.00,720681776687.36,-220544056028.65,-15080986906.12,5162.69,11269.49,386.56
12096000.00,722879400485.37,-215683800966.68,-14913387804.67,5010.40,11231.51,389.23
12528000.00,725010460120.15,-210840017377.48,-14744812688.61,4854.48,11193.25,391.07
12960000.00,727073349122.84,-206012795025.58,-14575634768.76,4694.75,11154.86,392.01
13392000.00,729066383640.94,-201202156010.12,-14406253414.34,4531.03,11116.51,392.00
13824000.00,730987799470.47,-196408043992.40,-14237096422.81,4363.14,11078.38,390.96
14256000.00,732835749365.07,-191630312844.43,-14068622395.43,4190.87,11040.71,388.82
14688000.00,734608300882.75,-186868713308.18,-13901323181.05,4014.02,11003.75,385.50
15120000.00,736303436135.83,-182122878149.80,-13735726331.21,3832.41,10967.78,380.92
15552000.00,737919051780.34,-177392306468.46,-13572397624.35,3645.83,10933.15,374.98
15984000.00,739452961174.04,-172676345329.46,-13411943448.64,3454.09,10900.21,367.59
16416000.00,740902898950.23,-167974170334.77,-13255013041.38,3257.02,10869.40,358.64
16848000.00,742266527491.73,-163284764720.40,-13102300540.38,3054.47,10841.19,348.04
17280000.00,743541446944.59,-158606896368.15,-12954546545.76,2846.30,10816.09,335.66
17712000.00,744725209053.41,-153939094271.60,-12812539162.03,2632.41,10794.70,321.41
18144000.00,745815334820.66,-149279623888.25,-12677114357.50,2412.77,10777.65,305.16
18576000.00,746809337304.73,-144626462345.85,-12549155359.25,2187.39,10765.63,286.82
19008000.00,747704749999.60,-139977273874.76,-12429590805.34,1956.34,10759.40,266.28
19440000.00,748499161766.95,-135329386922.67,-12319391340.36,1719.81,10759.76,243.44
19872000.00,749190257820.88,-130679774516.23,-12219564571.91,1478.06,10767.56,218.24
20304000.00,749775866870.51,-126025037773.59,-12131148075.45,1231.50,10783.66,190.60
20736000.00,750254017446.10,-121361395984.68,-12055199359.07,980.66,10808.96,160.50
21168000.00,750622997794.26,-116684685799.98,-11992784152.10,726.20,10844.34,127.94
21600000.00,750881421177.46,-111990368376.31,-11944961906.14,468.96,10890.65,92.94
22032000.00,751028297215.35,-107273549540.44,-11912767741.58,209.95,10948.68,55.60
22464000.00,751063102416.29,-102529015648.50,-11897192511.68,-49.68,11019.11,16.02
22896000.00,750985847546.98,-97751281572.10,-11899161537.28,-308.61,11102.51,-25.60
23328000.00,750797144829.57,-92934656451.77,-11919509599.39,-565.38,11199.25,-69.03
23760000.00,750498261910.35,-88073327991.36,-11958956480.01,-818.42,11309.52,-113.97
24192000.00,750091161390.78,-83161457107.96,-12018083952.83,-1066.09,11433.26,-160.08
24624000.00,749578527366.30,-78193286492.80,-12097312303.41,-1306.70,11570.14,-206.96
25056000.00,748963768708.54,-73163260179.61,-12196880052.10,-1538.59,11719.55,-254.17
25488000.00,748250997593.62,-68066142650.00,-12316829462.73,-1760.17,11880.61,-301.24
25920000.00,747444988037.59,-62897137140.00,-12456995543.56,-1969.98,12052.18,-347.68
26352000.00,746551109303.31,-57651999142.96,-12617000685.94,-2166.73,12232.86,-393.01
26784000.00,745575235483.36,-52327132221.52,-12796257928.40,-2349.38,12421.04,-436.73
27216000.00,744523641941.47,-46919664967.20,-12993979839.91,-2517.13,12614.98,-478.41
27648000.00,743402888344.69,-41427509578.57,-13209192390.93,-2669.46,12812.81,-517.63
28080000.00,742219693214.08,-35849391741.27,-13440756070.02,-2806.14,13012.65,-554.05
28512000.00,740980811369.17,-30184856582.96,-13687390262.48,-2927.25,13212.58,-587.35
28944000.00,739692914607.25,-24434253523.77,-13947699798.70,-3033.09,13410.81,-617.31
29376000.00,738362481028.20,-18598696470.26,-14220204243.19,-3124.24,13605.61,-643.77
29808000.00,736995700435.49,-12680006056.05,-14503367146.00,-3201.46,13795.42,-666.64
30240000.00,735598395345.72,-6680641122.60,-14795623492.61,-3265.68,13978.86,-685.86
30672000.00,734175957391.87,-603619239.71,-15095405628.32,-3317.96,14154.74,-701.47
31104000.00,732733303606.75,5547569845.50,-15401166886.15,-3359.43,14322.05,-713.55
