0.00,989094102610.27,-1122323049690.29,-27068945728.57,6209.75,8035.22,-631.80
432000.00,991758486485.28,-1118843530328.93,-27331891057.99,6124.57,8073.24,-584.77
864000.00,994385414186.78,-1115348335193.09,-27573720288.60,6036.33,8107.69,-533.99
1296000.00,996973572093.23,-1111839135622.06,-27792766136.36,5945.08,8137.96,-479.25
1728000.00,999521678172.52,-1108317879267.18,-27987278222.49,5850.92,8163.37,-420.37
2160000.00,1002028511251.30,-1104786822144.42,-28155433502.67,5754.03,8183.18,-357.19
2592000.00,1004492948256.89,-1101248561152.51,-28295353079.29,5654.69,8196.56,-289.62
3024000.00,1006914009058.59,-1097706064084.40,-28405125807.11,5553.28,8202.61,-217.61
3456000.00,1009290911124.22,-1094162695943.34,-28482841292.24,5450.34,8200.40,-141.21
3888000.00,1011623132239.68,-1090622236410.81,-28526632541.35,5346.55,8188.95,-60.58
4320000.00,1013910483095.88,-1087088885885.12,-28534731115.59,5242.77,8167.30,23.99
4752000.00,1016153184699.81,-1083567253614.23,-28505532761.20,5140.04,8134.52,112.01
5184000.00,1018351950854.02,-1080062322766.27,-28437676801.66,5039.59,8089.82,202.84
5616000.00,1020508066446.80,-1076579387521.00,-28330131976.38,4942.84,8032.56,295.60
6048000.00,1022623457319.30,-1073123955338.69,-28182290870.35,4851.34,7962.41,389.20
6480000.00,1024700741885.71,-1069701616316.72,-27994060829.68,4766.72,7879.34,482.35
6912000.00,1026743251720.92,-1066317876928.48,-27765946626.28,4690.65,7783.77,573.59
7344000.00,1028755018405.96,-1062977967266.29,-27499114682.48,4624.67,7676.57,661.32
7776000.00,1030740711119.09,-1059686635820.53,-27195424282.96,4570.18,7559.11,743.94
8208000.00,1032705529314.70,-1056447942293.72,-26857424712.67,4528.22,7433.19,819.89
8640000.00,1034655053808.78,-1053265077055.08,-26488306717.24,4499.49,7301.01,887.77
9072000.00,1036595060770.14,-1050140222255.41,-26091811601.44,4484.20,7165.04,946.44
9504000.00,1038531322986.66,-1047074466157.61,-25672106352.66,4482.12,7027.83,995.08
9936000.00,1040469412337.59,-1044067791919.18,-25233631550.79,4492.56,6891.92,1033.26
10368000.00,1042414519236.50,-1041119126810.68,-24780940839.09,4514.44,6759.65,1060.88
10800000.00,1044371310748.40,-1038226447391.66,-24318545951.07,4546.44,6633.06,1078.22
11232000.00,1046343832026.18,-1035386931380.82,-23850779706.33,4587.03,6513.79,1085.83
11664000.00,1048335450371.52,-1032597129307.73,-23381685306.17,4634.61,6403.10,1084.48
12096000.00,1050348845905.83,-1029853140668.05,-22914937913.52,4687.62,6301.83,1075.10
12528000.00,1052386036820.70,-1027150786884.21,-22453798292.15,4744.55,6210.43,1058.66
12960000.00,1054448428074.93,-1024485761402.64,-22001092702.65,4804.08,6129.05,1036.20
13392000.00,1056536878915.91,-1021853754110.04,-21559216466.66,4865.02,6057.56,1008.67
13824000.00,1058651779018.51,-1019250551799.01,-21130155494.48,4926.38,5995.66,977.00
14256000.00,1060793124080.53,-1016672112099.83,-20715517295.76,4987.33,5942.87,942.02
14688000.00,1062960589019.48,-1014114612061.55,-20316568702.61,5047.21,5898.64,904.47
15120000.00,1065153595904.52,-1011574479837.58,-19934278030.09,5105.50,5862.38,864.99
15552000.00,1067371372469.44,-1009048410900.74,-19569355240.90,5161.82,5833.46,824.14
15984000.00,1069613002328.42,-1006533370835.87,-19222289949.73,5215.88,5811.24,782.39
16416000.00,1071877467763.27,-1004026590337.00,-18893387492.70,5267.50,5795.14,740.11
16848000.00,1074163684596.22,-1001525555252.81,-18582800750.32,5316.56,5784.57,697.64
17280000.00,1076470529592.91,-999027991871.15,-18290557003.20,5362.99,5779.00,655.23
17712000.00,1078796862532.54,-996531849614.27,-18016582226.87,5406.78,5777.92,613.09
18144000.00,1081141543667.04,-994035284058.90,-17760722067.11,5447.93,5780.90,571.39
18576000.00,1083503446455.15,-991536639443.46,-17522758469.39,5486.51,5787.50,530.26
19008000.00,1085881466955.96,-989034431002.27,-17302423892.90,5522.55,5797.35,489.79
19440000.00,1088274530995.94,-986527328561.35,-17099413711.47,5556.16,5810.11,450.07
19872000.00,1090681599174.92,-984014141611.51,-16913396038.95,5587.40,5825.48,411.13
20304000.00,1093101669700.07,-981493805079.45,-16744019203.66,5616.36,5843.17,373.03
20736000.00,1095533780085.65,-978965366001.90,-16590918497.54,5643.14,5862.96,335.79
21168000.00,1097977008285.86,-976427971996.61,-16453721819.56,5667.84,5884.60,299.41
21600000.00,1100430472697.27,-973880860802.55,-16332053563.47,5690.54,5907.92,263.90
22032000.00,1102893331419.59,-971323350513.54,-16225537817.45,5711.34,5932.72,229.26
22464000.00,1105364781411.06,-968754830883.46,-16133801286.90,5730.33,5958.87,195.48
22896000.00,1107844057496.59,-966174755800.95,-16056475470.84,5747.58,5986.20,162.54
23328000.00,1110330430865.32,-963582636533.00,-15993197914.20,5763.19,6014.61,130.44
23760000.00,1112823207302.86,-960978035397.15,-15943613358.47,5777.23,6043.98,99.15
24192000.00,1115321725768.99,-958360560263.45,-15907374962.84,5789.78,6074.20,68.65
24624000.00,1117825356895.99,-955729859863.52,-15884144839.77,5800.91,6105.19,38.92
25056000.00,1120333501182.05,-953085619455.43,-15873594243.99,5810.68,6136.88,9.95
25488000.00,1122845587298.53,-950427556839.46,-15875403899.97,5819.16,6169.18,-18.30
25920000.00,1125361070660.54,-947755418884.14,-15889264307.58,5826.42,6202.03,-45.84
26352000.00,1127879432026.53,-945068978572.43,-15914875688.13,5832.49,6235.38,-72.70
26784000.00,1130400175882.01,-942368032306.41,-15951947680.81,5837.45,6269.18,-98.90
27216000.00,1132922828943.11,-939652397319.67,-16000199317.25,5841.34,6303.38,-124.46
27648000.00,1135446939016.84,-936921909478.54,-16059359019.51,5844.20,6337.94,-149.41
28080000.00,1137972073784.04,-934176421438.49,-16129164251.12,5846.09,6372.82,-173.75
28512000.00,1140497819474.89,-931415800903.71,-16209361151.24,5847.03,6407.99,-197.52
28944000.00,1143023779704.23,-928639928976.32,-16299704345.86,5847.08,6443.43,-220.72
29376000.00,1145549574517.48,-925848698709.20,-16399956782.88,5846.27,6479.09,-243.39
29808000.00,1148074839475.07,-923042013925.15,-16509889382.24,5844.63,6514.97,-265.54
30240000.00,1150599224593.69,-920219788151.86,-16629280582.71,5842.20,6551.04,-287.18
30672000.00,1153122393370.11,-917381943502.30,-16757916119.81,5839.00,6587.28,-308.34
31104000.00,1155644022080.76,-914528409700.89,-16895588864.94,5835.07,6623.67,-329.02
