0.00,640344410524.09,-397315904254.82,-11190675997.28,9098.00,11040.05,-0.13
100000.00,641253967572.24,-396207388162.87,-11191185418.76,9092.71,11132.57,-10.30
200000.00,642162909306.65,-395089623494.42,-11192708912.30,9085.65,11225.02,-20.41
300000.00,643071058268.86,-393962618978.07,-11195239197.52,9076.82,11317.37,-30.44
400000.00,643978238899.22,-392826383673.26,-11198769019.65,9066.24,11409.63,-40.40
500000.00,644884277278.41,-391680926900.65,-11203291150.26,9053.93,11501.79,-50.28
600000.00,645789000918.39,-390526258176.94,-11208798390.30,9039.90,11593.87,-60.10
700000.00,646692238544.60,-389362387185.98,-11215283565.33,9024.17,11685.84,-69.84
800000.00,647593819887.87,-388189323756.27,-11222739519.61,9006.74,11777.71,-79.51
900000.00,648493575469.99,-387007077867.12,-11231159104.42,8987.61,11869.48,-89.11
1000000.00,649391336377.20,-385815659639.78,-11240535170.26,8966.80,11961.16,-98.64
1100000.00,650286934052.49,-384615079307.85,-11250860564.96,8944.31,12052.72,-108.09
1200000.00,651180200113.42,-383405347230.59,-11262128123.34,8920.13,12144.19,-117.48
1300000.00,652070966139.40,-382186473954.57,-11274330647.18,8894.26,12235.54,-126.79
1400000.00,652959063427.87,-380958470229.81,-11287460896.13,8866.71,12326.79,-136.03
1500000.00,653844322778.20,-379721346981.02,-11301511588.71,8837.46,12417.93,-145.20
1600000.00,654726574311.16,-378475115306.20,-11316475397.09,8806.51,12508.96,-154.29
1700000.00,655605647293.05,-377219786531.61,-11332344929.87,8773.85,12599.87,-163.31
1800000.00,656481369937.55,-375955372298.60,-11349112709.25,8739.46,12690.66,-172.26
1900000.00,657353569183.19,-374681884644.39,-11366771151.14,8703.33,12781.34,-181.12
2000000.00,658222070461.97,-373399336057.69,-11385312551.67,8665.45,12871.88,-189.91
2100000.00,659086697480.13,-372107739522.50,-11404729075.98,8625.80,12962.29,-198.62
2200000.00,659947272011.09,-370807108582.82,-11425012742.83,8584.35,13052.56,-207.25
2300000.00,660803613687.62,-369497457433.37,-11446155404.49,8541.09,13142.69,-215.80
2400000.00,661655539790.31,-368178801031.19,-11468148723.00,8495.99,13232.66,-224.26
2500000.00,662502865022.88,-366851155226.73,-11490984143.32,8449.02,13322.47,-232.64
2600000.00,663345401262.72,-365514536891.90,-11514652868.85,8400.16,13412.11,-240.93
2700000.00,664182957304.46,-364168964027.10,-11539145841.73,8349.37,13501.56,-249.12
2800000.00,665015338622.86,-362814455872.26,-11564453721.30,8296.61,13590.80,-257.22
2900000.00,665842347153.61,-361451033058.76,-11590566853.92,8241.85,13679.84,-265.22
3000000.00,666663781069.00,-360078717810.14,-11617475234.58,8185.06,13768.64,-273.12
3100000.00,667479434527.55,-358697534172.88,-11645168466.06,8126.19,13857.20,-280.92
3200000.00,668289097391.76,-357307508249.07,-11673635720.94,8065.19,13945.48,-288.60
3300000.00,669092554930.30,-355908668415.06,-11702865707.19,8002.02,14033.47,-296.17
3400000.00,669889587528.81,-354501045544.14,-11732846631.58,7936.63,14121.13,-303.62
3500000.00,670679970410.65,-353084673264.67,-11763566156.28,7868.96,14208.44,-310.94
3600000.00,671463473351.69,-351659588258.35,-11795011349.52,7798.96,14295.37,-318.12
3700000.00,672239860382.82,-350225830587.04,-11827168632.95,7726.57,14381.88,-325.17
3800000.00,673008889486.90,-348783444045.99,-11860023725.36,7651.73,14467.93,-332.08
3900000.00,673770312298.45,-347332476553.64,-11893561580.88,7574.37,14553.47,-338.82
4000000.00,674523873804.98,-345872980591.49,-11927766319.94,7494.43,14638.47,-345.41
4100000.00,675269312034.24,-344405013696.37,-11962621154.63,7411.83,14722.87,-351.82
4200000.00,676006357712.77,-342928638988.14,-11998108311.99,7326.49,14806.60,-358.05
4300000.00,676734733907.10,-341443925717.62,-12034208955.87,7238.35,14889.61,-364.08
4400000.00,677454155673.88,-339950949847.16,-12070903102.90,7147.32,14971.82,-369.91
4500000.00,678164329732.72,-338449794691.31,-12108169528.72,7053.31,15053.16,-375.52
4600000.00,678864954157.14,-336940551637.12,-12145985663.21,6956.23,15133.54,-380.90
4700000.00,679555718071.53,-335423320950.89,-12184327476.22,6856.00,15212.87,-386.03
4800000.00,680236301339.36,-333898212664.97,-12223169356.08,6752.52,15291.05,-390.89
4900000.00,680906374240.76,-332365347526.45,-12262483981.87,6645.70,15367.96,-395.47
