0.00,652761474862.17,-368705029395.85,-25060890867.84,8211.75,10392.50,0.20
423360.00,656210073226.27,-364310404763.59,-25048539678.38,8078.22,10368.17,58.70
846720.00,659601279578.55,-359925905964.03,-25011237910.16,7940.59,10344.69,118.07
1270080.00,662933337517.38,-355551138815.87,-24948625209.57,7798.76,10322.23,178.27
1693440.00,666204455892.08,-351185639793.82,-24860359111.30,7652.66,10300.95,239.25
2116800.00,669412807305.14,-346828869495.88,-24746117630.74,7502.20,10281.03,300.97
2540160.00,672556527267.33,-342480205430.46,-24605602666.13,7347.29,10262.70,363.37
2963520.00,675633713865.80,-338138934295.03,-24438543673.73,7187.84,10246.16,426.36
3386880.00,678642428309.04,-333804243657.28,-24244702134.07,7023.77,10231.67,489.88
3810240.00,681580696337.60,-329475213129.78,-24023876642.63,6855.00,10219.48,553.82
4233600.00,684446510770.04,-325150805032.12,-23775908766.09,6681.45,10209.90,618.09
4656960.00,687237835432.94,-320829854916.17,-23500689518.89,6503.06,10203.22,682.54
5080320.00,689952610258.43,-316511061511.27,-23198166479.35,6319.78,10199.79,747.05
5503680.00,692588758641.81,-312192976786.54,-22868352263.29,6131.58,10199.96,811.44
5927040.00,695144196177.71,-307873996305.89,-22511332981.05,5938.46,10204.11,875.53
6350400.00,697616841934.03,-303552349634.10,-22127278075.91,5740.44,10212.65,939.12
6773760.00,700004631783.79,-299226091969.24,-21716450269.45,5537.57,10226.00,1001.96
7197120.00,702305534243.54,-294893096197.06,-21279216260.10,5329.96,10244.59,1063.81
7620480.00,704517569398.99,-290551046997.85,-20816058166.99,5117.75,10268.88,1124.37
8043840.00,706638830038.31,-286197436933.81,-20327584597.29,4901.14,10299.33,1183.34
8467200.00,708667505682.33,-281829564948.37,-19814541843.06,4680.39,10336.38,1240.37
8890560.00,710601908976.29,-277444538049.40,-19277824533.00,4455.82,10380.49,1295.10
9313920.00,712440504632.46,-273039276375.64,-18718485589.10,4227.83,10432.09,1347.15
9737280.00,714181940273.16,-268610522978.95,-18137744932.52,3996.89,10491.59,1396.12
10160640.00,715825078371.52,-264154857758.15,-17536996257.76,3763.54,10559.34,1441.58
10584000.00,717369029483.53,-259668716947.36,-16917811980.15,3528.42,10635.66,1483.11
11007360.00,718813184247.95,-255148418050.49,-16281944923.62,3292.21,10720.80,1520.29
11430720.00,720157244098.84,-250590189325.68,-15631326835.92,3055.69,10814.93,1552.69
11854080.00,721401250420.28,-245990204752.61,-14968063676.00,2819.69,10918.13,1579.93
12277440.00,722545609754.88,-241344624489.64,-14294426845.30,2585.11,11030.38,1601.60
12700800.00,723591112849.63,-236649638365.02,-13612839944.74,2352.86,11151.56,1617.39
13124160.00,724538949631.63,-231901512392.38,-12925861889.58,2123.90,11281.43,1626.98
13547520.00,725390716618.57,-227096638662.68,-12236166057.02,1899.20,11419.63,1630.15
13970880.00,726148415194.81,-222231584146.88,-11546515736.42,1679.70,11565.69,1626.70
14394240.00,726814443317.32,-217303137835.55,-10859736843.65,1466.33,11719.04,1616.52
14817600.00,727391580051.87,-212308357422.42,-10178688258.00,1259.96,11878.99,1599.58
15240960.00,727882959697.33,-207244610870.78,-9506230957.51,1061.39,12044.75,1575.90
15664320.00,728292040665.57,-202109610955.09,-8845196908.72,871.34,12215.48,1545.60
16087680.00,728622569026.02,-196901446523.62,-8198357808.85,690.45,12390.26,1508.84
16511040.00,728878535084.55,-191618605380.76,-7568395709.11,519.24,12568.12,1465.87
16934400.00,729064127079.53,-186259989139.12,-6957875863.74,358.13,12748.08,1417.01
17357760.00,729183683109.91,-180824919989.96,-6369222709.30,207.39,12929.13,1362.60
17781120.00,729241643727.93,-175313141589.25,-5804698184.75,67.24,13110.29,1303.06
18204480.00,729242502817.09,-169724813748.57,-5266383610.37,-62.28,13290.60,1238.82
18627840.00,729190760742.41,-164060497721.16,-4756167547.74,-181.20,13469.11,1170.37
19051200.00,729090883085.73,-158321138128.04,-4275735926.31,-289.64,13644.95,1098.17
19474560.00,728947261292.76,-152508042425.91,-3826564458.87,-387.83,13817.29,1022.75
19897920.00,728764176007.31,-146622855846.23,-3409915355.14,-476.06,13985.36,944.60
20321280.00,728545765221.95,-140667532542.06,-3026838436.51,-554.71,14148.48,864.22
20744640.00,728295998818.08,-134644305458.96,-2678174974.19,-624.20,14306.01,782.10
21168000.00,728018657357.52,-128555657537.60,-2364561411.54,-685.00,14457.41,698.71
21591360.00,727717312568.71,-122404291800.87,-2086435254.88,-737.63,14602.18,614.52
22014720.00,727395313288.56,-116193100059.24,-1844045248.89,-782.61,14739.92,529.96
22438080.00,727055776815.94,-109925134161.44,-1637461458.05,-820.52,14870.28,445.43
22861440.00,726701582146.67,-103603579075.58,-1466584621.14,-851.91,14992.99,361.34
23284800.00,726335365545.95,-97231726495.89,-1331156660.63,-877.37,15107.81,278.03
23708160.00,725959518938.31,-90812949468.21,-1230772133.59,-897.46,15214.59,195.85
24131520.00,725576191058.36,-84350678487.22,-1164890475.18,-912.77,15313.21,115.09
24554880.00,725187291096.74,-77848379965.42,-1132848078.32,-923.85,15403.62,36.05
24978240.00,724794493390.30,-71309536664.10,-1133869228.54,-931.25,15485.80,-41.05
25401600.00,724399243195.46,-64737628677.55,-1167077496.42,-935.50,15559.77,-115.96
25824960.00,724002764748.66,-58136116313.40,-1231507830.99,-937.12,15625.61,-188.50
26248320.00,723606070163.79,-51508425372.29,-1326117379.92,-936.59,15683.41,-258.49
26671680.00,723209968640.75,-44857933532.02,-1449795641.38,-934.38,15733.29,-325.78
27095040.00,722815076555.11,-38187957953.34,-1601374586.91,-930.94,15775.43,-390.25
27518400.00,722421828314.31,-31501744410.70,-1779638414.57,-926.68,15809.98,-451.81
27941760.00,722030487765.48,-24802457820.83,-1983332877.75,-921.99,15837.17,-510.36
28365120.00,721641159927.55,-18093174365.70,-2211174072.73,-917.23,15857.20,-565.85
28788480.00,721253802560.22,-11376874965.69,-2461856381.45,-912.73,15870.31,-618.24
29211840.00,720868237789.66,-4656439540.42,-2734059969.33,-908.81,15876.73,-667.50
29635200.00,720484164374.66,2065357575.39,-3026458275.90,-905.74,15876.74,-713.62
30058560.00,720101170046.75,8785850293.26,-3337724917.47,-903.76,15870.57,-756.61
30481920.00,719718742801.48,15502482166.69,-3666539292.68,-903.10,15858.50,-796.50
30905280.00,719336281535.50,22212807493.23,-4011591412.60,-903.96,15840.79,-833.31
