0.00,649885848973.51,-356342826753.82,-15488650855.21,8152.61,11742.48,0.00
426082.00,653337183004.25,-351341479771.19,-15487037241.16,8047.48,11733.50,7.56
852164.00,656743426100.72,-346343962014.37,-15482217942.58,7940.97,11724.50,15.05
1278246.00,660103996544.15,-341350286008.79,-15474224537.37,7833.10,11715.46,22.46
1704328.00,663418326661.41,-336360476787.67,-15463087643.08,7723.92,11706.35,29.80
2130410.00,666685860808.33,-331374571246.67,-15448836937.68,7613.45,11697.13,37.08
2556492.00,669906053461.64,-326392617448.84,-15431501190.03,7501.71,11687.80,44.28
2982574.00,673078367356.74,-321414673918.03,-15411108290.98,7388.71,11678.31,51.43
3408656.00,676202271708.79,-316440808930.16,-15387685286.57,7274.48,11668.65,58.51
3834738.00,679277240487.75,-311471099751.15,-15361258420.42,7159.01,11658.80,65.53
4260820.00,682302750724.05,-306505631895.90,-15331853171.34,7042.32,11648.74,72.49
4686902.00,685278280879.62,-301544498338.13,-15299494300.34,6924.41,11638.45,79.39
5112984.00,688203309225.21,-296587798702.23,-15264205899.12,6805.27,11627.92,86.24
5539066.00,691077312257.70,-291635638449.14,-15226011439.51,6684.90,11617.14,93.03
5965148.00,693899763135.12,-286688127997.29,-15184933831.62,6563.29,11606.09,99.77
6391230.00,696670130108.50,-281745381846.85,-15140995480.02,6440.42,11594.78,106.46
6817312.00,699387874986.04,-276807517640.37,-15094218349.59,6316.28,11583.18,113.10
7243394.00,702052451570.20,-271874655182.84,-15044624032.93,6190.85,11571.30,119.69
7669476.00,704663304107.60,-266946915429.96,-14992233822.16,6064.10,11559.13,126.22
8095558.00,707219865731.37,-262024419382.43,-14937068791.67,5936.00,11546.68,132.71
8521640.00,709721556870.04,-257107286952.24,-14879149880.02,5806.53,11533.96,139.15
8947722.00,712167783669.11,-252195635728.16,-14818497985.04,5675.65,11520.96,145.54
9373804.00,714557936364.30,-247289579656.61,-14755134064.76,5543.32,11507.69,151.88
9799886.00,716891387646.61,-242389227648.53,-14689079245.72,5409.49,11494.18,158.17
10225968.00,719167491004.40,-237494682039.18,-14620354945.53,5274.12,11480.44,164.41
10652050.00,721385579018.14,-232606036961.59,-14548983001.30,5137.16,11466.49,170.60
11078132.00,723544961659.83,-227723376559.03,-14474985816.15,4998.55,11452.36,176.73
11504214.00,725644924532.47,-222846773040.95,-14398386515.92,4858.24,11438.07,182.81
11930296.00,727684727103.21,-217976284590.04,-14319209121.71,4716.15,11423.66,188.83
12356378.00,729663600918.59,-213111953034.71,-14237478744.23,4572.23,11409.17,194.79
12782460.00,731580747774.28,-208253801344.00,-14153221790.79,4426.40,11394.66,200.69
13208542.00,733435337913.91,-203401830859.56,-14066466199.96,4278.58,11380.17,206.52
13634624.00,735226508191.17,-198556018253.11,-13977241697.65,4128.70,11365.77,212.28
14060706.00,736953360260.16,-193716312217.77,-13885580079.20,3976.66,11351.52,217.96
14486788.00,738614958800.36,-188882629785.21,-13791515524.48,3822.39,11337.51,223.56
14912870.00,740210329755.89,-184054852316.98,-13695084940.85,3665.78,11323.82,229.07
15338952.00,741738458693.90,-179232821075.96,-13596328348.45,3506.74,11310.55,234.47
15765034.00,743198289220.07,-174416332342.91,-13495289300.71,3345.17,11297.82,239.78
16191116.00,744588721555.70,-169605132084.78,-13392015350.27,3180.97,11285.75,244.96
16617198.00,745908611315.79,-164798910041.20,-13286558567.23,3014.03,11274.48,250.02
17043280.00,747156768478.43,-159997293269.63,-13178976103.55,2844.25,11264.16,254.94
17469362.00,748331956725.85,-155199839048.34,-13069330822.19,2671.50,11254.97,259.70
17895444.00,749432893121.48,-150406027071.79,-12957691985.65,2495.70,11247.10,264.29
18321526.00,750458248286.19,-145615250961.99,-12844136013.04,2316.71,11240.76,268.70
18747608.00,751406647196.77,-140826808939.59,-12728747313.07,2134.45,11236.18,272.89
19173690.00,752276670647.83,-136039893696.74,-12611619190.71,1948.81,11233.63,276.86
19599772.00,753066857681.20,-131253581399.43,-12492854843.31,1759.69,11233.40,280.57
20025854.00,753775709018.55,-126466819741.38,-12372568437.78,1567.01,11235.80,284.00
20451936.00,754401691788.95,-121678415140.21,-12250886280.18,1370.70,11241.17,287.12
20878018.00,754943245841.13,-116887018953.68,-12127948079.01,1170.70,11249.91,289.89
21304100.00,755398791763.01,-112091112826.32,-12003908292.94,966.98,11262.42,292.28
21730182.00,755766741144.35,-107288993244.56,-11878937570.97,759.53,11279.15,294.25
22156264.00,756045509282.94,-102478755309.56,-11753224266.95,548.38,11300.61,295.76
22582346.00,756233530777.81,-97658276066.72,-11626976021.07,333.59,11327.32,296.75
23008428.00,756329278571.76,-92825197522.11,-11500421385.48,115.27,11359.85,297.19
23434510.00,756331286695.64,-87976909739.11,-11373811464.36,-106.39,11398.81,297.00
23860592.00,756238177478.38,-83110534611.83,-11247421532.10,-331.15,11444.86,296.14
24286674.00,756048693566.81,-78222910758.69,-11121552568.36,-558.70,11498.67,294.55
24712756.00,755761735230.01,-73310580567.87,-10996532650.08,-788.61,11560.95,292.15
25138838.00,755376403627.22,-68369780360.71,-10872718097.78,-1020.36,11632.43,288.88
25564920.00,754892050001.35,-63396434856.07,-10750494277.63,-1253.30,11713.84,284.67
25991002.00,754308331239.65,-58386157762.83,-10630275914.92,-1486.63,11805.90,279.45
26417084.00,753625271624.20,-53334260040.11,-10512506748.27,-1719.43,11909.31,273.16
26843166.00,752843330011.29,-48235768089.63,-10397658362.15,-1950.58,12024.71,265.73
27269248.00,751963471788.54,-43085454291.26,-10286227949.88,-2178.81,12152.64,257.11
27695330.00,750987243553.36,-37877881987.52,-10178734810.91,-2402.68,12293.54,247.25
28121412.00,749916848060.81,-32607467781.83,-10075715341.39,-2620.54,12447.64,236.11
28547494.00,748755216100.02,-27268562959.37,-9977716296.43,-2830.62,12615.01,223.68
28973576.00,747506070385.04,-21855555534.89,-9885286201.26,-3031.00,12795.42,209.97
29399658.00,746173976248.92,-16362993920.40,-9798964756.65,-3219.64,12988.32,195.01
29825740.00,744764372563.44,-10785730540.97,-9719270370.45,-3394.48,13192.82,178.88
30251822.00,743283575825.40,-5119082973.62,-9646685991.71,-3553.48,13407.63,161.66
30677904.00,741738751094.44,640992646.74,-9581643612.81,-3694.71,13631.04,143.50
31103986.00,740137843653.60,6497724511.74,-9524508257.73,-3816.46,13860.94,124.58
