0.00,-431126704368.76,80439474656.33,-75873285120.61,-4847.79,-15325.90,0.17
423360.00,-433120973486.74,73940619559.68,-75862976146.11,-4571.52,-15375.01,48.82
846720.00,-434998331846.66,67421902049.88,-75832126603.15,-4295.50,-15419.71,97.20
1270080.00,-436758897362.64,60885181476.90,-75780854179.21,-4019.78,-15460.04,145.30
1693440.00,-438402805784.58,54332300617.24,-75709278664.33,-3744.41,-15496.03,193.11
2116800.00,-439930210195.51,47765085985.97,-75617521883.69,-3469.42,-15527.73,240.63
2540160.00,-441341280531.58,41185348151.64,-75505707634.17,-3194.84,-15555.17,287.86
2963520.00,-442636203124.30,34594882053.44,-75373961624.69,-2920.73,-15578.39,334.79
3386880.00,-443815180264.24,27995467320.29,-75222411420.27,-2647.11,-15597.42,381.42
3810240.00,-444878429785.57,21388868591.12,-75051186389.50,-2374.03,-15612.30,427.73
4233600.00,-445826184671.03,14776835836.00,-74860417655.57,-2101.51,-15623.07,473.74
4656960.00,-446658692676.97,8161104677.75,-74650238050.58,-1829.60,-15629.75,519.43
5080320.00,-447376215977.96,1543396713.62,-74420782073.28,-1558.32,-15632.39,564.80
5503680.00,-447979030830.74,-5074580163.22,-74172185849.87,-1287.71,-15631.00,609.85
5927040.00,-448467427256.50,-11691131442.55,-73904587098.02,-1017.81,-15625.63,654.57
6350400.00,-448841708741.44,-18304575676.82,-73618125093.70,-748.63,-15616.30,698.96
6773760.00,-449102191954.81,-24913244161.89,-73312940641.02,-480.22,-15603.05,743.01
7197120.00,-449249206484.17,-31515480619.15,-72989176044.78,-212.60,-15585.89,786.73
7620480.00,-449283094587.48,-38109640879.18,-72646975085.77,54.19,-15564.87,830.10
8043840.00,-449204210961.46,-44694092567.19,-72286482998.67,320.13,-15540.01,873.14
8467200.00,-449012922526.11,-51267214790.51,-71907846452.55,585.19,-15511.33,915.82
8890560.00,-448709608224.77,-57827397828.33,-71511213533.87,849.34,-15478.86,958.15
9313920.00,-448294658839.62,-64373042823.69,-71096733731.86,1112.56,-15442.63,1000.13
9737280.00,-447768476822.13,-70902561478.17,-70664557926.35,1374.81,-15402.66,1041.74
10160640.00,-447131476138.14,-77414375749.26,-70214838377.82,1636.07,-15358.97,1083.00
10584000.00,-446384082127.52,-83906917550.50,-69747728719.78,1896.31,-15311.59,1123.89
11007360.00,-445526731377.70,-90378628454.72,-69263383953.26,2155.50,-15260.54,1164.42
11430720.00,-444559871611.08,-96827959400.26,-68761960443.50,2413.63,-15205.84,1204.57
11854080.00,-443483961585.75,-103253370400.50,-68243615918.56,2670.66,-15147.52,1244.35
12277440.00,-442299471009.40,-109653330256.79,-67708509470.11,2926.56,-15085.59,1283.75
12700800.00,-441006880466.43,-116026316275.09,-67156801556.13,3181.32,-15020.07,1322.78
13124160.00,-439606681357.98,-122370813986.16,-66588654005.70,3434.90,-14950.98,1361.41
13547520.00,-438099375854.80,-128685316869.64,-66004230025.66,3687.29,-14878.35,1399.67
13970880.00,-436485476862.74,-134968326081.88,-65403694209.27,3938.45,-14802.18,1437.53
14394240.00,-434765508000.57,-141218350187.68,-64787212546.61,4188.36,-14722.50,1474.99
14817600.00,-432940003589.95,-147433904896.13,-64154952436.94,4437.00,-14639.33,1512.06
15240960.00,-431009508657.45,-153613512800.52,-63507082702.69,4684.34,-14552.67,1548.73
15664320.00,-428974578948.43,-159755703122.51,-62843773605.36,4930.35,-14462.54,1585.00
16087680.00,-426835780952.71,-165859011460.59,-62165196863.07,5175.01,-14368.96,1620.85
16511040.00,-424593691941.78,-171921979543.03,-61471525669.81,5418.29,-14271.95,1656.30
16934400.00,-422248900017.62,-177943154985.34,-60762934716.43,5660.18,-14171.51,1691.33
17357760.00,-419802004172.96,-183921091052.37,-60039600213.29,5900.63,-14067.66,1725.95
17781120.00,-417253614362.87,-189854346425.18,-59301699914.50,6139.63,-13960.41,1760.14
18204480.00,-414604351587.66,-195741484972.69,-58549413143.86,6377.15,-13849.78,1793.91
18627840.00,-411854847987.09,-201581075528.39,-57782920822.38,6613.16,-13735.77,1827.24
19051200.00,-409005746945.69,-207371691672.04,-57002405497.37,6847.65,-13618.39,1860.15
19474560.00,-406057703209.21,-213111911516.48,-56208051373.16,7080.57,-13497.67,1892.62
19897920.00,-403011383012.12,-218800317499.72,-55400044343.33,7311.90,-13373.60,1924.64
20321280.00,-399867464215.91,-224435496182.41,-54578572024.41,7541.62,-13246.19,1956.22
20744640.00,-396626636458.37,-230016038050.79,-53743823791.21,7769.69,-13115.47,1987.36
21168000.00,-393289601313.86,-235540537325.55,-52895990813.67,7996.09,-12981.42,2018.03
21591360.00,-389857072464.70,-241007591776.63,-52035266095.21,8220.80,-12844.07,2048.25
22014720.00,-386329775883.68,-246415802543.99,-51161844512.70,8443.77,-12703.42,2078.01
22438080.00,-382708450027.70,-251763773964.70,-50275922857.90,8664.99,-12559.47,2107.30
22861440.00,-378993846042.54,-257050113406.35,-49377699880.45,8884.41,-12412.24,2136.12
23284800.00,-375186727978.73,-262273431107.01,-48467376332.33,9102.02,-12261.73,2164.46
23708160.00,-371287873018.63,-267432340021.94,-47545155013.84,9317.77,-12107.94,2192.32
24131520.00,-367298071714.69,-272525455677.26,-46611240821.09,9531.64,-11950.89,2219.70
24554880.00,-363218128238.96,-277551396030.78,-45665840794.97,9743.59,-11790.58,2246.58
24978240.00,-359048860644.04,-282508781340.26,-44709164171.62,9953.60,-11627.01,2272.96
25401600.00,-354791101135.23,-287396234039.35,-43741422434.39,10161.62,-11460.19,2298.85
25824960.00,-350445696354.36,-292212378621.34,-42762829367.30,10367.62,-11290.12,2324.22
26248320.00,-346013507675.07,-296955841531.25,-41773601109.99,10571.57,-11116.81,2349.09
26671680.00,-341495411509.70,-301625251066.28,-40773956214.15,10773.44,-10940.26,2373.43
27095040.00,-336892299628.00,-306219237285.13,-39764115701.47,10973.18,-10760.48,2397.25
27518400.00,-332205079487.65,-310736431926.41,-38744303123.04,11170.75,-10577.47,2420.53
27941760.00,-327434674576.74,-315175468336.45,-37714744620.27,11366.13,-10391.23,2443.28
28365120.00,-322582024768.19,-319534981406.89,-36675668987.24,11559.27,-10201.77,2465.49
28788480.00,-317648086686.36,-323813607522.29,-35627307734.57,11750.12,-10009.09,2487.14
29211840.00,-312633834085.56,-328009984518.24,-34569895154.70,11938.66,-9813.20,2508.24
29635200.00,-307540258240.91,-332122751650.29,-33503668388.68,12124.83,-9614.09,2528.78
30058560.00,-302368368351.40,-336150549574.55,-32428867494.40,12308.60,-9411.77,2548.74
30481920.00,-297119191955.68,-340092020340.02,-31345735516.34,12489.92,-9206.25,2568.13
30905280.00,-291793775360.39,-343945807393.60,-30254518556.76,12668.74,-8997.52,2586.93
