0.00,640685323944.56,-399982405945.77,-7143379660.34,3891.05,13148.99,-0.00
7200.00,640713336000.48,-399887718036.56,-7143384216.42,3890.08,13153.22,-1.27
14400.00,640741341129.93,-399792999654.00,-7143397892.16,3889.12,13157.45,-2.53
21600.00,640769339366.91,-399698250785.18,-7143420698.81,3888.17,13161.69,-3.80
28800.00,640797330745.46,-399603471417.21,-7143452647.65,3887.22,13165.92,-5.07
36000.00,640825315299.75,-399508661537.24,-7143493749.94,3886.27,13170.16,-6.35
43200.00,640853293063.97,-399413821132.46,-7143544016.95,3885.33,13174.40,-7.62
50400.00,640881264072.42,-399318950190.07,-7143603459.94,3884.39,13178.64,-8.89
57600.00,640909228359.47,-399224048697.31,-7143672090.20,3883.46,13182.89,-10.17
64800.00,640937185959.59,-399129116641.48,-7143749919.00,3882.54,13187.13,-11.45
72000.00,640965136907.29,-399034154009.87,-7143836957.60,3881.62,13191.38,-12.73
79200.00,640993081237.17,-398939160789.83,-7143933217.31,3880.70,13195.63,-14.01
86400.00,641021018983.93,-398844136968.73,-7144038709.39,3879.79,13199.88,-15.29
93600.00,641048950182.33,-398749082533.99,-7144153445.13,3878.88,13204.13,-16.58
100800.00,641076874867.19,-398653997473.05,-7144277435.82,3877.98,13208.39,-17.87
108000.00,641104793073.45,-398558881773.38,-7144410692.75,3877.08,13212.65,-19.15
115200.00,641132704836.09,-398463735422.49,-7144553227.20,3876.19,13216.90,-20.44
122400.00,641160610190.20,-398368558407.92,-7144705050.48,3875.30,13221.16,-21.73
129600.00,641188509170.94,-398273350717.26,-7144866173.88,3874.42,13225.42,-23.03
136800.00,641216401813.53,-398178112338.13,-7145036608.69,3873.54,13229.69,-24.32
144000.00,641244288153.29,-398082843258.16,-7145216366.20,3872.67,13233.95,-25.62
151200.00,641272168225.61,-397987543465.04,-7145405457.73,3871.80,13238.22,-26.91
158400.00,641300042065.97,-397892212946.51,-7145603894.56,3870.93,13242.49,-28.21
165600.00,641327909709.91,-397796851690.30,-7145811688.00,3870.08,13246.76,-29.51
172800.00,641355771193.07,-397701459684.22,-7146028849.35,3869.22,13251.03,-30.81
180000.00,641383626551.15,-397606036916.10,-7146255389.92,3868.38,13255.30,-32.12
187200.00,641411475819.95,-397510583373.80,-7146491321.01,3867.53,13259.58,-33.42
194400.00,641439319035.33,-397415099045.21,-7146736653.93,3866.69,13263.85,-34.73
201600.00,641467156233.24,-397319583918.29,-7146991399.99,3865.86,13268.13,-36.04
208800.00,641494987449.72,-397224037981.00,-7147255570.49,3865.03,13272.41,-37.35
216000.00,641522812720.87,-397128461221.37,-7147529176.74,3864.21,13276.69,-38.66
223200.00,641550632082.89,-397032853627.43,-7147812230.06,3863.39,13280.98,-39.97
230400.00,641578445572.05,-396937215187.30,-7148104741.75,3862.58,13285.26,-41.28
237600.00,641606253224.69,-396841545889.10,-7148406723.12,3861.77,13289.55,-42.60
244800.00,641634055077.25,-396745845720.99,-7148718185.48,3860.97,13293.84,-43.92
252000.00,641661851166.24,-396650114671.19,-7149039140.14,3860.17,13298.13,-45.24
259200.00,641689641528.24,-396554352727.93,-7149369598.42,3859.38,13302.42,-46.56
266400.00,641717426199.94,-396458559879.52,-7149709571.61,3858.59,13306.71,-47.88
273600.00,641745205218.07,-396362736114.27,-7150059071.05,3857.81,13311.01,-49.20
280800.00,641772978619.48,-396266881420.55,-7150418108.03,3857.03,13315.30,-50.53
288000.00,641800746441.09,-396170995786.77,-7150786693.87,3856.26,13319.60,-51.86
295200.00,641828508719.87,-396075079201.38,-7151164839.88,3855.49,13323.90,-53.19
302400.00,641856265492.90,-395979131652.85,-7151552557.36,3854.73,13328.20,-54.52
309600.00,641884016797.35,-395883153129.73,-7151949857.64,3853.97,13332.50,-55.85
316800.00,641911762670.44,-395787143620.57,-7152356752.01,3853.22,13336.81,-57.18
324000.00,641939503149.50,-395691103113.99,-7152773251.80,3852.47,13341.12,-58.52
331200.00,641967238271.91,-395595031598.65,-7153199368.30,3851.73,13345.42,-59.85
338400.00,641994968075.16,-395498929063.21,-7153635112.84,3850.99,13349.73,-61.19
345600.00,642022692596.80,-395402795496.43,-7154080496.73,3850.26,13354.04,-62.53
352800.00,642050411874.49,-395306630887.07,-7154535531.27,3849.54,13358.35,-63.87
360000.00,642078125945.94,-395210435223.95,-7155000227.79,3848.82,13362.67,-65.21
367200.00,642105834848.96,-395114208495.92,-7155474597.58,3848.10,13366.98,-66.56
374400.00,642133538621.45,-395017950691.89,-7155958651.96,3847.39,13371.30,-67.90
381600.00,642161237301.37,-394921661800.79,-7156452402.24,3846.69,13375.62,-69.25
388800.00,642188930926.77,-394825341811.62,-7156955859.73,3845.99,13379.94,-70.60
396000.00,642216619535.79,-394728990713.40,-7157469035.74,3845.29,13384.26,-71.95
403200.00,642244303166.65,-394632608495.21,-7157991941.58,3844.60,13388.58,-73.30
410400.00,642271981857.65,-394536195146.16,-7158524588.55,3843.92,13392.91,-74.66
417600.00,642299655647.17,-394439750655.42,-7159066987.96,3843.24,13397.23,-76.01
424800.00,642327324573.69,-394343275012.18,-7159619151.12,3842.57,13401.56,-77.37
432000.00,642354988675.75,-394246768205.69,-7160181089.34,3841.90,13405.89,-78.73
439200.00,642382647991.99,-394150230225.26,-7160752813.91,3841.24,13410.22,-80.09
446400.00,642410302561.13,-394053661060.21,-7161334336.14,3840.58,13414.55,-81.45
453600.00,642437952421.97,-393957060699.95,-7161925667.33,3839.93,13418.89,-82.81
460800.00,642465597613.38,-393860429133.90,-7162526818.78,3839.29,13423.22,-84.18
468000.00,642493238174.35,-393763766351.54,-7163137801.78,3838.65,13427.56,-85.54
475200.00,642520874143.91,-393667072342.40,-7163758627.63,3838.01,13431.90,-86.91
482400.00,642548505561.20,-393570347096.05,-7164389307.63,3837.38,13436.23,-88.28
489600.00,642576132465.43,-393473590602.10,-7165029853.07,3836.76,13440.58,-89.65
496800.00,642603754895.92,-393376802850.22,-7165680275.23,3836.14,13444.92,-91.02
504000.00,642631372892.05,-393279983830.13,-7166340585.41,3835.53,13449.26,-92.40
511200.00,642658986493.28,-393183133531.58,-7167010794.90,3834.92,13453.61,-93.77
518400.00,642686595739.17,-393086251944.38,-7167690914.98,3834.32,13457.95,-95.15
