0.00,630499123891.64,-370496109111.82,-15923382190.84,8265.55,13174.34,0.09
423360.00,633998001057.77,-364930716663.41,-15917980980.81,8262.59,13115.90,25.61
846720.00,637494455655.14,-359391190454.68,-15901763603.40,8254.06,13052.12,51.18
1270080.00,640986107583.96,-353879789375.86,-15874716602.14,8239.85,12983.00,76.77
1693440.00,644470532659.42,-348398765703.78,-15836836060.50,8219.85,12908.57,102.35
2116800.00,647945251977.08,-342950370979.47,-15788127852.93,8193.93,12828.82,127.92
2540160.00,651407719632.79,-337536862044.38,-15728608022.86,8161.90,12743.73,153.43
2963520.00,654855308819.33,-332160506010.88,-15658303507.55,8123.56,12653.26,178.86
3386880.00,658285295792.30,-326823585087.59,-15577253058.45,8078.66,12557.39,204.18
3810240.00,661694841582.16,-321528400481.51,-15485508553.98,8026.90,12456.05,229.37
4233600.00,665080971011.58,-316277275478.33,-15383136690.24,7967.92,12349.20,254.38
4656960.00,668440548196.66,-311072556886.80,-15270221267.81,7901.33,12236.78,279.17
5080320.00,671770249510.32,-305916615016.72,-15146865953.17,7826.65,12118.73,303.69
5503680.00,675066531138.94,-300811842096.53,-15013197685.10,7743.30,11995.00,327.88
5927040.00,678325592749.15,-295760645945.75,-14869371343.37,7650.63,11865.58,351.66
6350400.00,681543335601.66,-290765441656.17,-14715574987.00,7547.90,11730.46,374.96
6773760.00,684715314392.19,-285828636114.85,-14552036870.64,7434.21,11589.67,397.66
7197120.00,687836683420.02,-280952606902.30,-14379033737.74,7308.55,11443.33,419.64
7620480.00,690902133683.78,-276139671905.39,-14196901057.63,7169.74,11291.61,440.76
8043840.00,693905823701.90,-271392045118.01,-14006045974.34,7016.45,11134.83,460.81
8467200.00,696841302018.00,-266711777881.55,-13806962714.27,6847.12,10973.46,479.58
8890560.00,699701423165.63,-262100678539.39,-13600251550.68,6660.02,10808.18,496.78
9313920.00,702478257620.46,-257560206046.13,-13386641609.23,6453.19,10639.98,512.09
9737280.00,705163000340.81,-253091328166.93,-13167018212.66,6224.44,10470.22,525.10
10160640.00,707745884086.34,-248694336883.20,-12942455131.59,5971.42,10300.74,535.32
10584000.00,710216106659.58,-244368610852.33,-12714251793.01,5691.61,10134.05,542.17
11007360.00,712561791826.18,-240112311914.74,-12483975063.56,5382.47,9973.42,544.96
11430720.00,714770006605.32,-235922014235.19,-12253503739.60,5041.59,9823.12,542.92
11854080.00,716826864920.01,-231792258481.06,-12025072610.08,4666.93,9688.53,535.13
12277440.00,718717770982.34,-227715037546.41,-11801309860.84,4257.26,9576.31,520.65
12700800.00,720427856143.55,-223679250507.10,-11585257847.40,3812.62,9494.42,498.49
13124160.00,721942652879.45,-219670183256.02,-11380364950.72,3335.00,9451.94,467.74
13547520.00,723249070597.21,-215669108993.74,-11190428528.70,2829.05,9458.64,427.68
13970880.00,724336659954.80,-211653176327.07,-11019472279.43,2302.71,9524.05,377.99
14394240.00,725199072486.97,-207595743169.29,-10871546896.54,1767.45,9656.30,318.91
14817600.00,725835552813.24,-203467306973.72,-10750450754.55,1238.13,9860.48,251.42
15240960.00,726252155484.53,-199237122021.93,-10659394709.28,731.81,10137.11,177.32
15664320.00,726462305468.48,-194875349258.56,-10600675136.09,265.92,10481.26,99.11
16087680.00,726486494849.74,-190355441653.29,-10575406571.02,-144.01,10882.37,19.81
16511040.00,726350989944.86,-185656316794.18,-10583390874.76,-486.56,11325.42,-57.46
16934400.00,726085775146.47,-180763834217.84,-10623156427.70,-755.76,11793.00,-129.87
17357760.00,725722162855.38,-175671321548.35,-10692152638.34,-951.28,12267.62,-195.19
17781120.00,725290554959.59,-170379180885.36,-10787040736.60,-1077.60,12733.64,-251.95
18204480.00,724818672986.24,-164893791569.57,-10904021711.75,-1142.63,13178.64,-299.44
18627840.00,724330471386.90,-159226020521.53,-11039144775.87,-1156.02,13593.85,-337.63
19051200.00,723845690769.61,-153389733126.48,-11188542220.54,-1127.85,13973.84,-366.91
19474560.00,723379873683.61,-147400472812.00,-11348591129.01,-1067.74,14316.03,-388.03
19897920.00,722944705742.58,-141274387306.81,-11516011459.44,-984.21,14620.04,-401.84
20321280.00,722548537458.78,-135027454384.62,-11687907901.52,-884.48,14886.95,-409.28
20744640.00,722196949995.04,-128674985727.34,-11861771649.83,-774.42,15118.74,-411.24
21168000.00,721893282504.79,-122231335708.24,-12035459058.15,-658.75,15317.92,-408.55
21591360.00,721639113361.50,-115709742239.32,-12207158794.91,-541.10,15487.21,-401.94
22014720.00,721434676443.28,-109122284083.77,-12375353227.31,-424.21,15629.34,-392.07
22438080.00,721279191099.76,-102479910055.19,-12538779570.69,-310.16,15746.90,-379.48
22861440.00,721171124004.61,-95792500030.32,-12696393724.84,-200.44,15842.33,-364.67
23284800.00,721108399583.41,-89068942738.09,-12847337387.79,-96.13,15917.88,-348.02
23708160.00,721088567906.88,-82317224109.59,-12990908597.71,2.05,15975.57,-329.88
24131520.00,721108933109.43,-75544520951.47,-13126536331.60,93.66,16017.19,-310.53
24554880.00,721166646274.16,-68757291179.89,-13253759494.88,178.41,16044.34,-290.20
24978240.00,721258775706.16,-61961353608.21,-13372209092.20,256.19,16058.46,-269.11
25401600.00,721382363714.05,-55161961887.41,-13481592492.14,326.98,16060.78,-247.40
25824960.00,721534466490.90,-48363873611.06,-13581680574.30,390.86,16052.40,-225.21
26248320.00,721712181397.74,-41571410423.96,-13672297252.76,447.95,16034.29,-202.67
26671680.00,721912667414.93,-34788511064.86,-13753310450.56,498.42,16007.29,-179.86
27095040.00,722133158987.98,-28018778719.64,-13824624611.47,542.45,15972.14,-156.86
27518400.00,722370975375.23,-21265522517.73,-13886174388.37,580.26,15929.50,-133.74
27941760.00,722623526711.74,-14531795032.64,-13937919138.76,612.06,15879.93,-110.55
28365120.00,722888315813.82,-7820425775.14,-13979838507.82,638.07,15823.91,-87.33
28788480.00,723162937594.95,-1134049858.94,-14011928862.12,658.51,15761.88,-64.12
29211840.00,723445078197.09,5524866369.84,-14034199974.32,673.59,15694.21,-40.94
29635200.00,723732512746.94,12154001251.33,-14046672045.00,683.51,15621.20,-17.83
30058560.00,724023100511.65,18751156381.92,-14049373520.71,688.48,15543.14,5.21
30481920.00,724314778960.97,25314238467.75,-14042339478.34,688.66,15460.24,28.16
30905280.00,724605558165.04,31841243016.35,-14025610089.85,684.23,15372.70,51.01
