0.00,-383820973022.39,180001964005.32,24586084557.03,-8823.89,-16070.68,-0.004432000.00,-387570300464.14,173030560657.13,24582078075.36,-8533.69,-16203.44,-18.548864000.00,-391193889355.73,166003044850.97,24570079186.69,-8241.78,-16330.45,-37.01291296000.00,-394691024373.27,158921897959.13,24550120927.70,-7948.28,-16451.72,-55.31721728000.00,-398061045200.37,151789604248.19,24522239225.29,-7653.31,-16567.24,-73.62162160000.00,-401303346148.69,144608649477.28,24486472837.93,-7357.00,-16677.01,-91.25922592000.00,-404417375739.00,137381519524.85,24442863295.72,-7059.48,-16781.01,-113024003024000.00,-407402636244.50,130110699044.77,24391454839.49,-6760.87,-16879.27,-134560003456000.00,-410258683197.85,122798670152.86,24332294358.78,-6461.29,-16971.79,3888000.03888000.00,-412985124863.61,115447911144.60,24265431328.95,-6160.87,-17058.54320000.00,4320000.00,-415581621678.11,108060895244.88,24190917747.52,-5859.72,-17139.4752000.00,64752000.00,-418047885658.49,100640089390.56,24108808069.85,-5557.96,-17215184000.00,6735184000.00,-420383679782.88,93187953046.66,24019159144.29,-5255.71,-175616000.00,677045616000.00,-422588817343.14,85706937056.77,23922030146.84,-4953.08,-176048000.00,679126048000.00,-424663161271.74,78199482528.02,23817482515.54,-4650.20,-6480000.00,67983726480000.00,-426606623444.60,70668019751.10,23705579884.57,-4347.176912000.00,6829400776912000.00,-428419163961.31,63114967155.44,23586388018.19,-4044.17344000.00,68624137957344000.00,-430100790404.59,55542730300.03,23459974744.62,-3741.7776000.00,686010905687776000.00,-431651557080.58,47953700899.73,23326409889.91,-34388208000.00,6857285509668208000.00,-433071564241.47,40350255887.40,23185765212.00,-8640000.00,685976822426.96,8640000.00,-434360957292.29,32734756511.78,23038114334.849072000.00,686594448235.06,-29072000.00,-435519925983.11,25109547470.99,22883532682.9504000.00,687498378559.31,-2649504000.00,-436548703588.46,17476956081.71,22722097419936000.00,688642657965.99,-259409936000.00,-437447566075.27,9839291483.69,22553887310368000.00,690001231946.08,-2544210368000.00,-438216831260.81,2198843879.55,2237898210800000.00,691560645335.30,-24948310800000.00,-438856857961.90,-5442116190.51,22197411232000.00,693316905210.37,-2445742311232000.00,-439368045136.71,-13081338539.47,22011664000.00,695274590242.54,-2396785386911664000.00,-439750831020.32,-20716593990.08,12096000.00,697447699306.47,-234779232678.12096000.00,-440005692255.59,-28345674997.912528000.00,699862682823.66,-229855742347.0212528000.00,-440133143020.92,-3596639624112960000.00,702565447711.86,-224877483403.66,-12960000.00,-440133734155.90,-43576595113392000.00,705637907044.77,-219788493692.58,-113392000.00,-440008052285.98,-5117413213824000.00,709243818365.55,-214453919987.73,-1213824000.00,-439756718947.24,-587568914256000.00,713788398345.62,-208316551294.62,-12414256000.00,-439380389712.09,-663227814688000.00,716170388488.87,-198430895597.21,-123114688000.00,-438879753317.12,-738697415120000.00,714843314843.73,-191162955032.03,-122515120000.00,-438255530793.84,-81395715552000.00,714142285099.84,-185030231083.92,-1222215552000.00,-437508474603.28,-8889815984000.00,713865833212.55,-179305814347.11,-12192315984000.00,-436639367775.47,-96316416000.00,713898235644.44,-173799890152.65,-1216562616416000.00,-435649023054.32,-16848000.00,714177432570.21,-168430688428.09,-12140949051.16848000.00,-434538282048.17280000.00,714667630262.28,-163153882414.97,-12117535600.62,117280000.00,-433308014317712000.00,715348019267.18,-157941666836.10,-12094919618.05,178517712000.00,-431959118144000.00,716207738379.41,-152774456726.66,-12072778510.01,2193.9418144000.00,-430418576000.00,717243634950.81,-147636825874.07,-12050867658.03,2603.54,1118576000.00,-419008000.00,718459631081.00,-142515029167.29,-12028981622.83,3030.66,1184819008000.0019440000.00,719867367650.00,-137394955707.42,-12006924105.96,3494.98,11862.191944000019872000.00,721488421534.31,-132259650074.64,-11984474559.95,4023.80,11921.36,521987220304000.00,723359239543.94,-127085047749.27,-11961332486.08,4660.79,12050.07,54.702020736000.00,725542102590.62,-121830316708.46,-11936991714.78,5487.42,12307.62,58.37
21168000.00,728152652958.71,-116409090200.72,-11910356252.21,6687.82,12872.19,66.01
21600000.00,731446811483.68,-110558899479.50,-11877930868.67,8806.97,14600.39,89.52
22032000.00,735558533448.61,-102238387684.58,-11809257627.77,3302.17,28281.92,306.26
22464000.00,733704255407.88,-93100821692.45,-11717175206.61,-4791.95,16725.22,148.10
22896000.00,731966440782.62,-86443219204.22,-11662052635.14,-3362.38,14514.90,113.58
23328000.00,730726972721.39,-80386190384.00,-11616294497.72,-2433.20,13627.39,99.88
23760000.00,729828064756.07,-74614518431.08,-11574870663.29,-1758.20,13133.47,92.56
24192000.00,729188069797.74,-69014009708.62,-11535912347.51,-1221.82,12815.36,88.15
24624000.00,728760648100.30,-63528282498.29,-11498484036.56,-767.25,12593.77,85.34
25056000.00,728518018362.51,-58124307378.41,-11462035333.54,-362.12,12432.79,83.54
25488000.00,728443646389.88,-52780274738.07,-11426205397.81,14.66,12314.09,82.44
25920000.00,728528807867.32,-47480260433.02,-11390736700.07,378.81,12227.87,81.85
26352000.00,728771005060.17,-42211413348.76,-11355429947.82,743.87,12169.33,81.67
26784000.00,729173511554.51,-36962148167.24,-11320116425.30,1123.36,12137.31,81.87
27216000.00,729745839083.95,-31720619010.30,-11284636093.85,1533.04,12134.29,82.45
27648000.00,730505319131.50,-26472916427.41,-11248814031.70,1994.02,12167.73,83.48
28080000.00,731480483525.60,-21200153819.05,-11212423977.49,2538.38,12254.28,85.13
28512000.00,732718165966.70,-15872443729.43,-11175113265.03,3221.92,12431.37,87.85
28944000.00,734299765301.60,-10433291591.50,-11136204115.23,4158.07,12796.35,92.86
29376000.00,736385807130.65,-4744686046.77,-11093972482.70,5634.53,13693.79,104.66
29808000.00,739366036018.64,1766929516.48,-11040743199.20,8470.52,17720.32,159.77
30240000.00,740014556055.93,11930542835.32,-10929187148.15,-7442.78,20539.97,230.90
30672000.00,737081149144.97,19408584296.02,-10850044881.01,-5997.05,15511.16,156.19
31104000.00,734755431261.43,25774186320.69,-10787633535.38,-4854.81,14153.47,135.75
72000.00,-341674701748.80,-323354281983.62,8324558331.40,10250.16,-12965.79,-886.72
31104000.00,-337206186638.54,-328916666673.02,7940520652.82,10436.95,-12785.53,-891.20
