0.00,625503201962.74,-383581896964.76,-19328552673.58,8013.01,14221.10,0.20
423360.00,628908184671.73,-377553536019.65,-19315835452.97,8073.85,14255.91,61.04
846720.00,632340089955.63,-371512930066.22,-19276392216.63,8140.19,14278.59,126.53
1270080.00,635801177826.93,-365465575677.96,-19208212586.59,8211.67,14287.38,196.86
1693440.00,639293500671.42,-359417751596.89,-19109205163.36,8287.65,14280.36,272.22
2116800.00,642818774763.90,-353376597745.09,-18977228640.68,8367.17,14255.38,352.65
2540160.00,646378217881.23,-347350182414.46,-18810137655.04,8448.81,14210.21,438.11
2963520.00,649972347383.42,-341347546070.27,-18605848405.66,8530.66,14142.51,528.35
3386880.00,653600739098.41,-335378705603.04,-18362426607.99,8610.17,14050.02,622.90
3810240.00,657261749877.19,-329454598167.68,-18078201780.95,8684.12,13930.69,720.98
4233600.00,660952215929.18,-323586940813.23,-17751908002.51,8748.54,13782.93,821.43
4656960.00,664667148388.09,-317787981562.82,-17382848112.93,8798.78,13605.89,922.72
5080320.00,668399463441.66,-312070117677.77,-16971074046.55,8829.62,13399.77,1022.85
5503680.00,672139796320.72,-306445380504.94,-16517562578.35,8835.56,13166.16,1119.44
5927040.00,675876453231.10,-300924791571.25,-16024368910.50,8811.18,12908.28,1209.80
6350400.00,679595563326.23,-295517643212.10,-15494720980.72,8751.71,12631.09,1291.12
6773760.00,683281461175.64,-290230775181.66,-14933030018.89,8653.55,12341.20,1360.67
7197120.00,686917309070.20,-285067955500.96,-14344791735.10,8514.84,12046.42,1416.09
7620480.00,690485899945.64,-280029474544.49,-13736373402.72,8335.76,11755.26,1455.67
8043840.00,693970556292.55,-275112025608.68,-13114707621.02,8118.63,11476.08,1478.48
8467200.00,697355996603.01,-270308915180.17,-12486927104.15,7867.67,11216.39,1484.51
8890560.00,700629052195.50,-265610564181.55,-11859994317.73,7588.55,10982.22,1474.57
9313920.00,703779145444.94,-261005216743.90,-11240374850.40,7287.74,10777.77,1450.16
9737280.00,706798499567.23,-256479738899.24,-10633790711.52,6971.91,10605.35,1413.26
10160640.00,709682098160.94,-252020398741.93,-10045070273.06,6647.36,10465.51,1366.08
10584000.00,712427448697.18,-247613541801.92,-9478092199.26,6319.65,10357.39,1310.86
11007360.00,715034226784.14,-243246115174.46,-8935805493.27,5993.43,10279.06,1249.73
11430720.00,717503861886.97,-238906032466.66,-8420305727.67,5672.33,10227.93,1184.58
11854080.00,719839122076.89,-234582385976.87,-7932942686.30,5359.05,10201.07,1117.04
12277440.00,722043736743.15,-230265537448.84,-7474439709.92,5055.46,10195.46,1048.43
12700800.00,724122072115.81,-225947120642.93,-7045013097.55,4762.71,10208.13,979.83
13124160.00,726078865483.93,-221619980919.74,-6644483073.62,4481.42,10236.33,912.05
13547520.00,727919021603.00,-217278078594.07,-6272368599.34,4211.79,10277.56,845.69
13970880.00,729647458865.13,-212916376350.00,-5927968249.51,3953.69,10329.59,781.20
14394240.00,731268997673.21,-208530719642.97,-5610427024.21,3706.79,10390.48,718.86
14817600.00,732788285640.20,-204117719585.70,-5318788412.82,3470.63,10458.56,658.87
15240960.00,734209749702.74,-199674645685.01,-5052034615.41,3244.63,10532.37,601.33
15664320.00,735537566691.48,-195199327901.40,-4809118705.51,3028.19,10610.72,546.27
16087680.00,736775650588.76,-190690069184.02,-4588987835.77,2820.68,10692.58,493.70
16511040.00,737927650266.66,-186145570699.10,-4390599860.57,2621.47,10777.09,443.57
16934400.00,738996953801.16,-181564867103.08,-4212935650.63,2429.97,10863.52,395.80
17357760.00,739986697539.46,-176947271058.66,-4055007713.90,2245.58,10951.29,350.33
17781120.00,740899778594.46,-172292325716.28,-3915865857.74,2067.76,11039.90,307.06
18204480.00,741738869633.93,-167599765277.55,-3794599975.23,1896.00,11128.93,265.88
18627840.00,742506433373.01,-162869482135.73,-3690341761.93,1729.82,11218.05,226.71
19051200.00,743204737227.58,-158101498223.76,-3602265798.85,1568.77,11306.99,189.43
19474560.00,743835868652.73,-153295941225.96,-3529589055.55,1412.46,11395.52,153.95
19897920.00,744401749745.68,-148453025318.00,-3471569563.68,1260.49,11483.45,120.18
20321280.00,744904150639.70,-143573035124.85,-3427504934.89,1112.54,11570.63,88.03
20744640.00,745344701795.81,-138656311902.19,-3396730972.42,968.28,11656.95,57.39
21168000.00,745724905947.78,-133703241684.96,-3378620029.22,827.43,11742.32,28.20
21591360.00,746046149548.00,-128714245980.48,-3372578782.08,689.73,11826.65,0.37
22014720.00,746309712807.35,-123689774340.79,-3378046051.18,554.92,11909.90,-26.17
22438080.00,746516778591.37,-118630297624.79,-3394491116.90,422.81,11992.01,-51.49
22861440.00,746668441092.37,-113536302164.05,-3421411992.17,293.18,12072.95,-75.66
23284800.00,746765713954.97,-108408285320.83,-3458333448.63,165.85,12152.72,-98.74
23708160.00,746809537516.54,-103246751933.46,-3504805143.58,40.67,12231.28,-120.78
24131520.00,746800785346.41,-98052211278.18,-3560399929.25,-82.53,12308.64,-141.84
24554880.00,746740270245.31,-92825174454.03,-3624712298.74,-203.88,12384.79,-161.96
24978240.00,746628749844.48,-87566152193.79,-3697356908.44,-323.49,12459.73,-181.20
25401600.00,746466931839.78,-82275653207.62,-3777967096.02,-441.49,12533.48,-199.60
25824960.00,746255478684.69,-76954182952.65,-3866193452.28,-557.98,12606.04,-217.18
26248320.00,745995011777.67,-71602242498.41,-3961702577.33,-673.05,12677.42,-234.00
26671680.00,745686115430.73,-66220327440.33,-4064175973.13,-786.77,12747.64,-250.08
27095040.00,745329340707.13,-60808927135.54,-4173308911.26,-899.23,12816.70,-265.46
27518400.00,744925208901.20,-55368524259.72,-4288809304.67,-1010.49,12884.64,-280.16
27941760.00,744474214680.78,-49899594429.81,-4410396686.09,-1120.62,12951.46,-294.22
28365120.00,743976829009.79,-44402605841.51,-4537801281.15,-1229.65,13017.19,-307.65
28788480.00,743433501920.41,-38878018932.64,-4670763150.29,-1337.65,13081.84,-320.47
29211840.00,742844665200.40,-33326286140.51,-4809031360.42,-1444.65,13145.43,-332.71
29635200.00,742210734972.84,-27747851866.45,-4952363141.76,-1550.67,13207.97,-344.39
30058560.00,741532114029.86,-22143152614.09,-5100523049.03,-1655.77,13269.50,-355.52
30481920.00,740809193892.29,-16512617028.31,-5253282220.21,-1759.95,13330.02,-366.12
30905280.00,740042356841.40,-10856665727.76,-5410417747.72,-1863.23,13389.56,-376.19
