0.00,970657499205.99,-1104050536967.30,-14797293814.32,8101.13,7035.38,89.42
1200.00,970667220566.13,-1104042094511.44,-14797186511.83,8101.15,7035.30,89.38
2400.00,970676941945.74,-1104033652151.25,-14797079259.65,8101.17,7035.22,89.33
3600.00,970686663344.80,-1104025209886.73,-14796972057.78,8101.18,7035.14,89.29
4800.00,970696384763.28,-1104016767717.89,-14796864906.23,8101.20,7035.06,89.25
6000.00,970706106201.16,-1104008325644.73,-14796757805.00,8101.21,7034.98,89.21
7200.00,970715827658.43,-1103999883667.25,-14796650754.09,8101.23,7034.90,89.17
8400.00,970725549135.06,-1103991441785.47,-14796543753.51,8101.25,7034.82,89.13
9600.00,970735270631.03,-1103982999999.38,-14796436803.27,8101.26,7034.74,89.08
10800.00,970744992146.32,-1103974558308.99,-14796329903.37,8101.28,7034.66,89.04
12000.00,970754713680.91,-1103966116714.30,-14796223053.81,8101.29,7034.58,89.00
13200.00,970764435234.78,-1103957675215.31,-14796116254.60,8101.31,7034.50,88.96
14400.00,970774156807.90,-1103949233812.04,-14796009505.74,8101.33,7034.42,88.92
15600.00,970783878400.26,-1103940792504.48,-14795902807.23,8101.34,7034.34,88.87
16800.00,970793600011.83,-1103932351292.64,-14795796159.08,8101.36,7034.26,88.83
18000.00,970803321642.59,-1103923910176.52,-14795689561.30,8101.37,7034.18,88.79
19200.00,970813043292.53,-1103915469156.13,-14795583013.89,8101.39,7034.10,88.75
20400.00,970822764961.61,-1103907028231.46,-14795476516.86,8101.41,7034.02,88.71
21600.00,970832486649.82,-1103898587402.53,-14795370070.20,8101.42,7033.94,88.66
22800.00,970842208357.14,-1103890146669.34,-14795263673.92,8101.44,7033.86,88.62
24000.00,970851930083.54,-1103881706031.90,-14795157328.02,8101.45,7033.78,88.58
25200.00,970861651829.01,-1103873265490.19,-14795051032.52,8101.47,7033.70,88.54
26400.00,970871373593.52,-1103864825044.24,-14794944787.42,8101.49,7033.63,88.50
27600.00,970881095377.06,-1103856384694.05,-14794838592.71,8101.50,7033.55,88.45
28800.00,970890817179.59,-1103847944439.61,-14794732448.41,8101.52,7033.47,88.41
30000.00,970900539001.11,-1103839504280.93,-14794626354.51,8101.53,7033.39,88.37
31200.00,970910260841.58,-1103831064218.02,-14794520311.03,8101.55,7033.31,88.33
32400.00,970919982700.99,-1103822624250.88,-14794414317.97,8101.57,7033.23,88.29
33600.00,970929704579.31,-1103814184379.51,-14794308375.32,8101.58,7033.15,88.24
34800.00,970939426476.53,-1103805744603.92,-14794202483.10,8101.60,7033.07,88.20
36000.00,970949148392.63,-1103797304924.12,-14794096641.31,8101.61,7032.99,88.16
37200.00,970958870327.57,-1103788865340.10,-14793990849.96,8101.63,7032.91,88.12
38400.00,970968592281.35,-1103780425851.87,-14793885109.04,8101.64,7032.83,88.08
39600.00,970978314253.93,-1103771986459.43,-14793779418.56,8101.66,7032.75,88.03
40800.00,970988036245.31,-1103763547162.80,-14793673778.54,8101.68,7032.67,87.99
42000.00,970997758255.45,-1103755107961.96,-14793568188.96,8101.69,7032.59,87.95
43200.00,971007480284.34,-1103746668856.93,-14793462649.84,8101.71,7032.51,87.91
44400.00,971017202331.95,-1103738229847.71,-14793357161.18,8101.72,7032.43,87.87
45600.00,971026924398.26,-1103729790934.31,-14793251722.99,8101.74,7032.35,87.82
46800.00,971036646483.26,-1103721352116.72,-14793146335.26,8101.75,7032.27,87.78
48000.00,971046368586.91,-1103712913394.95,-14793040998.00,8101.77,7032.19,87.74
49200.00,971056090709.21,-1103704474769.01,-14792935711.23,8101.78,7032.11,87.70
50400.00,971065812850.13,-1103696036238.90,-14792830474.93,8101.80,7032.03,87.65
51600.00,971075535009.64,-1103687597804.63,-14792725289.12,8101.82,7031.95,87.61
52800.00,971085257187.72,-1103679159466.19,-14792620153.80,8101.83,7031.87,87.57
54000.00,971094979384.37,-1103670721223.59,-14792515068.98,8101.85,7031.79,87.53
55200.00,971104701599.54,-1103662283076.84,-14792410034.65,8101.86,7031.71,87.49
56400.00,971114423833.23,-1103653845025.93,-14792305050.83,8101.88,7031.63,87.44
57600.00,971124146085.41,-1103645407070.88,-14792200117.51,8101.89,7031.55,87.40
58800.00,971133868356.05,-1103636969211.69,-14792095234.71,8101.91,7031.47,87.36
60000.00,971143590645.15,-1103628531448.36,-14791990402.42,8101.92,7031.39,87.32
61200.00,971153312952.67,-1103620093780.89,-14791885620.66,8101.94,7031.31,87.28
62400.00,971163035278.60,-1103611656209.29,-14791780889.41,8101.95,7031.23,87.23
63600.00,971172757622.91,-1103603218733.57,-14791676208.70,8101.97,7031.15,87.19
64800.00,971182479985.59,-1103594781353.72,-14791571578.52,8101.98,7031.07,87.15
66000.00,971192202366.61,-1103586344069.75,-14791466998.88,8102.00,7030.99,87.11
67200.00,971201924765.95,-1103577906881.67,-14791362469.78,8102.01,7030.91,87.07
68400.00,971211647183.58,-1103569469789.48,-14791257991.22,8102.03,7030.83,87.02
69600.00,971221369619.50,-1103561032793.18,-14791153563.22,8102.05,7030.75,86.98
70800.00,971231092073.67,-1103552595892.77,-14791049185.77,8102.06,7030.67,86.94
72000.00,971240814546.08,-1103544159088.26,-14790944858.88,8102.08,7030.59,86.90
73200.00,971250537036.71,-1103535722379.66,-14790840582.56,8102.09,7030.51,86.85
74400.00,971260259545.53,-1103527285766.97,-14790736356.80,8102.11,7030.43,86.81
75600.00,971269982072.51,-1103518849250.19,-14790632181.61,8102.12,7030.35,86.77
76800.00,971279704617.65,-1103510412829.32,-14790528057.00,8102.14,7030.27,86.73
78000.00,971289427180.92,-1103501976504.37,-14790423982.97,8102.15,7030.19,86.69
79200.00,971299149762.30,-1103493540275.35,-14790319959.53,8102.17,7030.11,86.64
80400.00,971308872361.77,-1103485104142.25,-14790215986.67,8102.18,7030.03,86.60
81600.00,971318594979.30,-1103476668105.09,-14790112064.41,8102.20,7029.95,86.56
82800.00,971328317614.87,-1103468232163.86,-14790008192.74,8102.21,7029.87,86.52
84000.00,971338040268.47,-1103459796318.57,-14789904371.68,8102.23,7029.79,86.48
85200.00,971347762940.07,-1103451360569.22,-14789800601.22,8102.24,7029.71,86.43
