0.00,965170208641.29,-1139865350303.16,-17468727818.57,5833.64,7001.89,-0.01
423360.00,967639410079.94,-1136892223538.98,-17469124956.44,5831.20,7043.74,-1.88
846720.00,970107669060.26,-1133901420718.91,-17470319599.23,5829.19,7085.39,-3.77
1270080.00,972575166839.20,-1130893032111.76,-17472316484.44,5827.61,7126.82,-5.67
1693440.00,975042085766.54,-1127867151030.49,-17475120206.84,5826.46,7168.02,-7.59
2116800.00,977508609395.67,-1124823873929.02,-17478735216.62,5825.74,7209.00,-9.51
2540160.00,979974922518.98,-1121763300585.72,-17483165805.31,5825.47,7249.73,-11.44
2963520.00,982441211250.51,-1118685534212.86,-17488416107.05,5825.63,7290.22,-13.38
3386880.00,984907663058.46,-1115590681597.95,-17494490094.19,5826.24,7330.44,-15.33
3810240.00,987374466903.11,-1112478853237.86,-17501391573.14,5827.30,7370.41,-17.29
4233600.00,989841813233.53,-1109350163598.27,-17509124158.25,5828.81,7410.10,-19.26
4656960.00,992309894051.00,-1106204731209.85,-17517691281.66,5830.77,7449.50,-21.23
5080320.00,994778902954.86,-1103042678905.79,-17527096173.24,5833.20,7488.61,-23.21
5503680.00,997249035178.12,-1099864133952.39,-17537341863.20,5836.08,7527.41,-25.20
5927040.00,999720487713.35,-1096669228268.43,-17548431168.64,5839.44,7565.89,-27.20
6350400.00,1002193459280.22,-1093458098747.92,-17560366657.80,5843.26,7604.05,-29.20
6773760.00,1004668150300.35,-1090230887416.42,-17573150652.80,5847.56,7641.86,-31.21
7197120.00,1007144763018.58,-1086987741661.50,-17586785222.21,5852.34,7679.32,-33.22
7620480.00,1009623501417.83,-1083728814531.57,-17601272152.28,5857.61,7716.41,-35.23
8043840.00,1012104571280.05,-1080454264914.80,-17616612949.38,5863.36,7753.12,-37.25
8467200.00,1014588180247.97,-1077164257860.09,-17632808815.65,5869.61,7789.43,-39.27
8890560.00,1017074537743.24,-1073858964967.72,-17649860604.95,5876.35,7825.32,-41.30
9313920.00,1019563854825.80,-1070538564667.71,-17667768800.66,5883.59,7860.79,-43.32
9737280.00,1022056344264.26,-1067203242422.11,-17686533526.89,5891.34,7895.81,-45.34
10160640.00,1024552220488.35,-1063853191163.75,-17706154504.87,5899.60,7930.36,-47.36
10584000.00,1027051699411.31,-1060488611602.01,-17726631026.29,5908.37,7964.44,-49.38
11007360.00,1029554998441.14,-1057109712514.89,-17747961945.41,5917.65,7998.00,-51.40
11430720.00,1032062336423.56,-1053716711179.13,-17770145642.47,5927.45,8031.05,-53.41
11854080.00,1034573933449.30,-1050309833847.41,-17793179968.55,5937.77,8063.55,-55.42
12277440.00,1037090010567.16,-1046889316158.92,-17817062196.31,5948.62,8095.48,-57.42
12700800.00,1039610789599.65,-1043455403423.40,-17841789009.05,5959.99,8126.82,-59.41
13124160.00,1042136493129.59,-1040008351014.29,-17867356492.53,5971.89,8157.55,-61.39
13547520.00,1044667344166.28,-1036548424938.75,-17893760061.31,5984.31,8187.63,-63.36
13970880.00,1047203565795.58,-1033075902183.24,-17920994423.64,5997.26,8217.04,-65.31
14394240.00,1049745381014.03,-1029591071119.87,-17949053560.23,6010.74,8245.76,-67.25
14817600.00,1052293012441.98,-1026094232037.13,-17977930671.95,6024.74,8273.76,-69.18
15240960.00,1054846681887.50,-1022585697695.32,-18007618108.19,6039.27,8301.00,-71.08
15664320.00,1057406609794.95,-1019065793824.67,-18038107291.56,6054.31,8327.46,-72.96
16087680.00,1059973014698.25,-1015534859510.09,-18069388664.99,6069.87,8353.10,-74.82
16511040.00,1062546112825.40,-1011993247543.22,-18101451672.51,6085.93,8377.89,-76.66
16934400.00,1065126117740.41,-1008441324951.40,-18134284727.28,6102.50,8401.80,-78.46
17357760.00,1067713239581.30,-1004879473597.31,-18167875113.85,6119.55,8424.79,-80.23
17781120.00,1070307684289.74,-1001308090497.72,-18202208925.75,6137.09,8446.82,-81.97
18204480.00,1072909653070.09,-997727588214.75,-18237271032.73,6155.10,8467.85,-83.67
18627840.00,1075519341680.77,-994138395368.45,-18273045015.36,6173.56,8487.86,-85.33
19051200.00,1078136939523.95,-990540957135.96,-18309513076.24,6192.46,8506.79,-86.95
19474560.00,1080762628585.16,-986935735652.76,-18346655941.82,6211.79,8524.61,-88.52
19897920.00,1083396582327.31,-983323210266.75,-18384452775.62,6231.51,8541.28,-90.04
20321280.00,1086038964668.80,-979703877690.63,-18422881123.25,6251.60,8556.75,-91.50
20744640.00,1088689929062.77,-976078252187.83,-18461916881.66,6272.05,8570.99,-92.91
21168000.00,1091349617506.38,-972446865876.72,-18501534256.88,6292.81,8583.95,-94.25
21591360.00,1094018159171.43,-968810269012.57,-18541705670.00,6313.87,8595.59,-95.52
22014720.00,1096695668853.36,-965169029885.65,-18582401659.43,6335.17,8605.87,-96.73
22438080.00,1099382245821.39,-961523734669.46,-18623590853.82,6356.70,8614.74,-97.85
22861440.00,1102077972541.52,-957874987435.95,-18665239930.05,6378.39,8622.16,-98.90
23284800.00,1104782913096.21,-954223410066.87,-18707313538.70,6400.22,8628.09,-99.86
23708160.00,1107497111425.48,-950569641940.86,-18749774216.34,6422.12,8632.49,-100.72
24131520.00,1110220589544.22,-946914339353.67,-18792582307.12,6444.05,8635.32,-101.50
24554880.00,1112953345881.93,-943258174735.48,-18835695916.58,6465.94,8636.55,-102.17
24978240.00,1115695353783.98,-939601835804.20,-18879070904.51,6487.74,8636.13,-102.73
25401600.00,1118446560053.62,-935946024735.02,-18922660897.03,6509.38,8634.04,-103.18
25824960.00,1121206883388.14,-932291457282.58,-18966417294.88,6530.80,8630.24,-103.51
26248320.00,1123976212630.85,-928638861723.46,-19010289269.68,6551.91,8624.70,-103.72
26671680.00,1126754404830.50,-924988977401.86,-19054223744.05,6572.65,8617.41,-103.81
27095040.00,1129541283610.85,-921342552854.63,-19098165403.37,6592.93,8608.34,-103.76
27518400.00,1132336638021.16,-917700344166.49,-19142056778.70,6612.67,8597.48,-103.57
27941760.00,1135140221057.76,-914063113310.49,-19185838316.60,6631.79,8584.82,-103.24
28365120.00,1137951747983.34,-910431626040.52,-19229448426.89,6650.18,8570.34,-102.76
28788480.00,1140770894806.81,-906806649347.69,-19272823535.63,6667.76,8554.05,-102.12
29211840.00,1143597297164.62,-903188948652.97,-19315898170.73,6684.43,8535.95,-101.33
29635200.00,1146430549632.40,-899579284994.29,-19358605098.51,6700.10,8516.07,-100.38
30058560.00,1149270205272.27,-895978412307.83,-19400875500.53,6714.66,8494.42,-99.27
30481920.00,1152115775259.13,-892387074679.59,-19442639167.02,6728.01,8471.02,-97.99
30905280.00,1154966728605.73,-888806003449.65,-19483824698.75,6740.06,8445.91,-96.54
