0.00,2186150808144.21,1984084415082.64,-17811454364.61,-4016.36,5036.32,-0.00
432000.00,2184416014486.15,1986257652231.35,-17811863387.09,-4015.10,5024.93,-1.90
864000.00,2182681751196.02,1988425933766.12,-17813098021.01,-4013.91,5013.37,-3.82
1296000.00,2180947990828.51,1990589185399.44,-17815169556.03,-4012.77,5001.65,-5.77
1728000.00,2179214703885.02,1992747332311.93,-17818089189.62,-4011.71,4989.74,-7.75
2160000.00,2177481858751.41,1994900299202.23,-17821868011.41,-4010.73,4977.66,-9.75
2592000.00,2175749421635.98,1997048010340.96,-17826516986.80,-4009.83,4965.41,-11.78
3024000.00,2174017356507.92,1999190389628.77,-17832046939.69,-4009.01,4952.98,-13.83
3456000.00,2172285625036.32,2001327360658.66,-17838468534.56,-4008.28,4940.37,-15.91
3888000.00,2170554186530.10,2003458846782.76,-17845792257.73,-4007.65,4927.59,-18.01
4320000.00,2168822997879.17,2005584771183.59,-17854028397.82,-4007.13,4914.62,-20.13
4752000.00,2167092013496.87,2007705056949.88,-17863187025.53,-4006.71,4901.48,-22.28
5184000.00,2165361185264.25,2009819627157.23,-17873277972.56,-4006.40,4888.16,-24.45
5616000.00,2163630462476.30,2011928404953.46,-17884310809.89,-4006.22,4874.66,-26.64
6048000.00,2161899791790.60,2014031313648.84,-17896294825.24,-4006.16,4860.99,-28.85
6480000.00,2160169117178.56,2016128276811.22,-17909238999.95,-4006.24,4847.14,-31.08
6912000.00,2158438379879.88,2018219218366.05,-17923151985.11,-4006.46,4833.11,-33.33
7344000.00,2156707518360.25,2020304062701.39,-17938042077.04,-4006.82,4818.91,-35.61
7776000.00,2154976468273.05,2022382734777.74,-17953917192.30,-4007.33,4804.54,-37.89
8208000.00,2153245162425.16,2024455160242.70,-17970784842.05,-4008.00,4789.99,-40.20
8640000.00,2151513530747.48,2026521265550.47,-17988652105.94,-4008.84,4775.28,-42.52
9072000.00,2149781500270.42,2028580978085.88,-18007525605.65,-4009.85,4760.40,-44.86
9504000.00,2148048995104.98,2030634226293.02,-18027411478.01,-4011.04,4745.35,-47.21
9936000.00,2146315936429.69,2032680939808.13,-18048315347.83,-4012.41,4730.14,-49.57
10368000.00,2144582242483.94,2034721049596.56,-18070242300.67,-4013.98,4714.78,-51.95
10800000.00,2142847828568.03,2036754488093.59,-18093196855.32,-4015.75,4699.26,-54.33
11232000.00,2141112607050.55,2038781189348.78,-18117182936.44,-4017.72,4683.59,-56.72
11664000.00,2139376487383.29,2040801089173.47,-18142203847.25,-4019.91,4667.77,-59.12
12096000.00,2137639376124.26,2042814125291.13,-18168262242.41,-4022.31,4651.81,-61.52
12528000.00,2135901176969.10,2044820237489.96,-18195360101.33,-4024.94,4635.72,-63.93
12960000.00,2134161790791.32,2046819367777.55,-18223498701.84,-4027.81,4619.49,-66.34
13392000.00,2132421115691.63,2048811460536.73,-18252678594.61,-4030.91,4603.14,-68.75
13824000.00,2130679047056.77,2050796462682.36,-18282899578.13,-4034.26,4586.66,-71.16
14256000.00,2128935477628.04,2052774323818.23,-18314160674.78,-4037.86,4570.08,-73.57
14688000.00,2127190297579.76,2054744996393.57,-18346460107.78,-4041.72,4553.38,-75.97
15120000.00,2125443394607.89,2056708435858.43,-18379795279.38,-4045.84,4536.59,-78.36
15552000.00,2123694654028.96,2058664600817.18,-18414162750.42,-4050.23,4519.71,-80.75
15984000.00,2121943958889.26,2060613453179.49,-18449558221.33,-4054.89,4502.74,-83.12
16416000.00,2120191190084.50,2062554958307.94,-18485976514.81,-4059.83,4485.69,-85.48
16848000.00,2118436226489.72,2064489085161.36,-18523411560.29,-4065.05,4468.58,-87.83
17280000.00,2116678945099.53,2066415806433.43,-18561856380.30,-4070.56,4451.41,-90.16
17712000.00,2114919221178.21,2068335098685.25,-18601303079.03,-4076.36,4434.19,-92.47
18144000.00,2113156928419.74,2070246942471.49,-18641742832.94,-4082.45,4416.93,-94.75
18576000.00,2111391939117.26,2072151322459.00,-18683165883.89,-4088.85,4399.64,-97.02
19008000.00,2109624124341.44,2074048227537.23,-18725561534.62,-4095.54,4382.32,-99.26
19440000.00,2107853354127.57,2075937650919.57,-18768918146.86,-4102.53,4365.00,-101.47
19872000.00,2106079497670.49,2077819590234.97,-18813223142.11,-4109.82,4347.68,-103.65
20304000.00,2104302423527.02,2079694047608.96,-18858463005.11,-4117.43,4330.36,-105.79
20736000.00,2102521999824.92,2081561029733.44,-18904623290.22,-4125.33,4313.07,-107.91
21168000.00,2100738094477.76,2083420547924.76,-18951688630.61,-4133.54,4295.81,-109.98
21600000.00,2098950575404.82,2085272618169.17,-18999642750.33,-4142.06,4278.59,-112.02
22032000.00,2097159310755.11,2087117261155.47,-19048468479.37,-4150.88,4261.43,-114.02
22464000.00,2095364169134.58,2088954502294.27,-19098147771.54,-4160.01,4244.32,-115.97
22896000.00,2093565019835.46,2090784371723.45,-19148661725.29,-4169.44,4227.30,-117.88
23328000.00,2091761733066.78,2092606904299.69,-19199990607.35,-4179.17,4210.36,-119.74
23760000.00,2089954180184.97,2094422139575.75,-19252113879.11,-4189.19,4193.52,-121.56
24192000.00,2088142233923.36,2096230121763.44,-19305010225.75,-4199.50,4176.78,-123.32
24624000.00,2086325768619.71,2098030899682.44,-19358657587.86,-4210.11,4160.17,-125.04
25056000.00,2084504660440.43,2099824526694.79,-19413033195.64,-4221.00,4143.68,-126.69
25488000.00,2082678787600.56,2101611060625.49,-19468113605.23,-4232.17,4127.33,-128.30
25920000.00,2080848030578.39,2103390563669.36,-19523874737.42,-4243.61,4111.13,-129.85
26352000.00,2079012272323.69,2105163102284.68,-19580291918.12,-4255.32,4095.09,-131.34
26784000.00,2077171398458.56,2106928747073.92,-19637339920.78,-4267.29,4079.22,-132.77
27216000.00,2075325297469.97,2108687572652.37,-19694993010.30,-4279.52,4063.52,-134.14
27648000.00,2073473860893.14,2110439657505.04,-19753224988.39,-4291.99,4048.01,-135.45
28080000.00,2071616983484.75,2112185083832.79,-19812009240.01,-4304.71,4032.69,-136.69
28512000.00,2069754563385.57,2113923937388.35,-19871318780.84,-4317.65,4017.58,-137.88
28944000.00,2067886502271.52,2115656307303.19,-19931126305.34,-4330.82,4002.68,-139.00
29376000.00,2066012705492.71,2117382285906.05,-19991404235.35,-4344.20,3987.99,-140.06
29808000.00,2064133082200.08,2119101968534.10,-20052124768.93,-4357.79,3973.53,-141.05
30240000.00,2062247545458.99,2120815453337.85,-20113259929.16,-4371.58,3959.30,-141.97
30672000.00,2060356012349.72,2122522841080.54,-20174781612.74,-4385.55,3945.31,-142.84
31104000.00,2058458404054.41,2124224234933.42,-20236661638.21,-4399.70,3931.55,-143.63
