0.00,999714371724.82,-1122658587273.85,-23760221025.69,6301.99,5065.38,0.01
424800.00,1002381512802.80,-1120501699366.13,-23758873715.73,6254.99,5089.67,6.37
849600.00,1005028666105.04,-1118334330552.58,-23754813189.81,6207.89,5114.73,12.78
1274400.00,1007655788649.12,-1116156147009.84,-23748012629.53,6160.69,5140.59,19.27
1699200.00,1010262847387.43,-1113966808917.93,-23738446740.45,6113.43,5167.25,25.80
2124000.00,1012849819708.21,-1111765970770.27,-23726091880.04,6066.13,5194.74,32.40
2548800.00,1015416693845.13,-1109553281677.38,-23710926139.99,6018.81,5223.05,39.04
2973600.00,1017963469331.04,-1107328385696.35,-23692929452.78,5971.50,5252.21,45.72
3398400.00,1020490157513.16,-1105090922247.28,-23672083736.70,5924.24,5282.23,52.45
3823200.00,1022996781914.34,-1102840526543.21,-23648372972.96,5877.05,5313.10,59.21
4248000.00,1025483378664.45,-1100576830038.35,-23621783314.45,5829.95,5344.85,66.00
4672800.00,1027949996927.87,-1098299460894.96,-23592303201.75,5782.99,5377.48,72.82
5097600.00,1030396699325.06,-1096008044606.46,-23559923501.52,5736.19,5410.99,79.65
5522400.00,1032823562213.38,-1093702204511.89,-23524637564.85,5689.59,5445.39,86.50
5947200.00,1035230676057.57,-1091381562423.13,-23486441342.53,5643.22,5480.69,93.35
6372000.00,1037618145753.13,-1089045739227.40,-23445333483.78,5597.11,5516.87,100.21
6796800.00,1039986090959.58,-1086694355672.62,-23401315478.17,5551.30,5553.95,107.05
7221600.00,1042334646213.35,-1084327033032.83,-23354391688.36,5505.83,5591.92,113.89
7646400.00,1044663961201.43,-1081943393827.76,-23304569451.27,5460.73,5630.77,120.70
8071200.00,1046974200864.68,-1079543062585.73,-23251859135.73,5416.03,5670.51,127.48
8496000.00,1049265545621.44,-1077125666661.53,-23196274260.09,5371.77,5711.11,134.23
8920800.00,1051538191370.36,-1074690837144.13,-23137831562.23,5328.00,5752.59,140.94
9345600.00,1053792349417.68,-1072238209573.69,-23076550995.05,5284.74,5794.91,147.59
9770400.00,1056028246546.87,-1069767424825.85,-23012455809.13,5242.03,5838.07,154.19
10195200.00,1058246124838.99,-1067278129947.08,-22945572556.86,5199.91,5882.06,160.72
10620000.00,1060446241639.87,-1064769979048.85,-22875931161.52,5158.42,5926.85,167.17
11044800.00,1062628869294.77,-1062242634274.02,-22803564950.38,5117.58,5972.42,173.54
11469600.00,1064794294768.03,-1059695766552.35,-22728510601.50,5077.44,6018.76,179.83
11894400.00,1066942819429.12,-1057129056399.21,-22650808138.89,5038.02,6065.84,186.01
12319200.00,1069074758635.90,-1054542194858.64,-22570500935.20,4999.36,6113.63,192.09
12744000.00,1071190441305.30,-1051934884219.14,-22487635648.30,4961.49,6162.12,198.05
13168800.00,1073290209483.81,-1049306838962.76,-22402262239.21,4924.44,6211.25,203.89
13593600.00,1075374417672.73,-1046657786534.06,-22314433899.12,4888.24,6261.02,209.61
14018400.00,1077443432169.31,-1043987467927.80,-22224206929.90,4852.91,6311.37,215.19
14443200.00,1079497630557.50,-1041295638387.52,-22131640678.35,4818.49,6362.29,220.62
14868000.00,1081537400936.52,-1038582068173.31,-22036797470.68,4784.99,6413.73,225.90
15292800.00,1083563141186.18,-1035846543025.44,-21939742464.45,4752.44,6465.65,231.03
15717600.00,1085575258255.28,-1033088864892.74,-21840543594.63,4720.86,6518.02,236.00
16142400.00,1087574167224.85,-1030308852442.96,-21739271446.38,4690.26,6570.80,240.79
16567200.00,1089560290398.37,-1027506341374.23,-21635999083.02,4660.67,6623.94,245.41
16992000.00,1091534056525.02,-1024681184714.74,-21530801882.51,4632.09,6677.41,249.85
17416800.00,1093495899982.11,-1021833253344.20,-21423757439.00,4604.54,6731.16,254.11
17841600.00,1095446259707.35,-1018962436154.35,-21314945378.05,4578.03,6785.15,258.17
18266400.00,1097385578415.24,-1016068640244.43,-21204447188.69,4552.56,6839.34,262.04
18691200.00,1099314301614.43,-1013151791217.39,-21092346098.23,4528.15,6893.68,265.72
19116000.00,1101232876584.82,-1010211833173.44,-20978726887.00,4504.79,6948.13,269.19
19540800.00,1103141751457.17,-1007248728591.12,-20863675687.14,4482.48,7002.65,272.46
19965600.00,1105041374415.04,-1004262458243.82,-20747279792.11,4461.23,7057.19,275.52
20390400.00,1106932192845.37,-1001253021305.91,-20629627513.94,4441.03,7111.71,278.37
20815200.00,1108814652286.32,-998220435109.09,-20510808004.29,4421.88,7166.17,281.01
21240000.00,1110689195705.04,-995164734818.14,-20390911045.68,4403.77,7220.53,283.44
21664800.00,1112556262633.90,-992085973367.34,-20270026913.43,4386.68,7274.74,285.66
22089600.00,1114416288273.30,-988984221074.22,-20148246204.30,4370.62,7328.76,287.67
22514400.00,1116269702729.90,-985859565152.40,-20025659653.09,4355.56,7382.56,289.45
22939200.00,1118116930365.86,-982712109240.95,-19902357953.67,4341.49,7436.10,291.03
23364000.00,1119958389200.59,-979541973062.87,-19778431596.66,4328.40,7489.34,292.40
23788800.00,1121794490152.88,-976349292127.49,-19653970738.72,4316.26,7542.24,293.55
24213600.00,1123625636353.79,-973134216982.67,-19529065047.36,4305.07,7594.76,294.49
24638400.00,1125452222733.48,-969896912719.24,-19403803539.54,4294.79,7646.89,295.22
25063200.00,1127274635378.37,-966637558558.83,-19278274466.00,4285.42,7698.57,295.75
25488000.00,1129093251000.24,-963356347163.49,-19152565184.41,4276.92,7749.79,296.07
25912800.00,1130908436540.86,-960053483943.98,-19026762033.49,4269.27,7800.50,296.19
26337600.00,1132720548857.95,-956729186427.76,-18900950211.48,4262.45,7850.69,296.11
26762400.00,1134529934432.59,-953383683743.31,-18775213659.92,4256.43,7900.33,295.84
27187200.00,1136336928963.35,-950017216164.54,-18649634965.00,4251.19,7949.39,295.37
27612000.00,1138141856972.43,-946630034347.36,-18524295286.35,4246.70,7997.85,294.71
28036800.00,1139945031762.06,-943222398563.22,-18399274263.73,4242.93,8045.69,293.87
28461600.00,1141746755164.34,-939794578299.05,-18274649927.89,4239.86,8092.88,292.84
28886400.00,1143547317286.83,-936346851585.83,-18150498644.87,4237.46,8139.40,291.64
29311200.00,1145346996435.85,-932879504283.76,-18026895060.20,4235.70,8185.25,290.26
29736000.00,1147146059107.52,-929392829448.49,-17903912042.48,4234.56,8230.39,288.72
30160800.00,1148944759990.84,-925887126795.36,-17781620626.50,4234.00,8274.83,287.01
30585600.00,1150743341924.04,-922362702243.64,-17660089954.63,4233.99,8318.53,285.14
31010400.00,1152542035764.51,-918819867431.31,-17539387231.88,4234.52,8361.50,283.11
