0.00,4424773954503.24,-662934879989.82,-88330408959.23,10508.42,3954.19,316.11
423360.00,4424146844104.49,-659233748623.80,-88217992432.78,-1521.52,7257.36,95.92
846720.00,4423597174233.31,-656283615811.14,-88186503579.43,-1127.80,6764.92,59.90
1270080.00,4423165449717.41,-653468449540.11,-88164368190.70,-927.72,6554.77,46.20
1693440.00,4422801261020.58,-650721263382.26,-88146511035.87,-799.97,6431.50,38.74
2116800.00,4422482676175.13,-648016948516.84,-88131179815.05,-709.00,6348.17,33.97
2540160.00,4422197647033.70,-645342831137.97,-88117538518.34,-639.92,6287.08,30.63
2963520.00,4421938658695.35,-642691453783.64,-88105116111.03,-585.16,6239.86,28.15
3386880.00,4421700626355.16,-640057987916.15,-88093618418.26,-540.44,6201.96,26.23
3810240.00,4421479908180.34,-637439094473.02,-88082848244.75,-503.07,6170.71,24.69
4233600.00,4421273783753.19,-634832350498.29,-88072666313.57,-471.29,6144.37,23.44
4656960.00,4421080153892.79,-632235931432.36,-88062970179.32,-443.90,6121.80,22.39
5080320.00,4420897356131.46,-629648422523.65,-88053682142.86,-420.02,6102.19,21.50
5503680.00,4420724045807.13,-627068700504.96,-88044741686.66,-399.01,6084.95,20.74
5927040.00,4420559115994.03,-624495855840.89,-88036100719.78,-380.37,6069.65,20.09
6350400.00,4420401641900.82,-621929139852.43,-88027720313.12,-363.74,6055.96,19.51
6773760.00,4420250841055.10,-619367927484.22,-88019568443.44,-348.82,6043.62,19.01
7197120.00,4420106044042.28,-616811690439.49,-88011618431.77,-335.36,6032.43,18.56
7620480.00,4419966672590.92,-614259977463.35,-88003847809.44,-323.17,6022.23,18.16
8043840.00,4419832222930.42,-611712399495.35,-87996237433.40,-312.09,6012.88,17.80
8467200.00,4419702252841.63,-609168618289.40,-87988770869.60,-301.99,6004.28,17.48
8890560.00,4419576371514.45,-606628337618.58,-87981433893.84,-292.76,5996.34,17.19
9313920.00,4419454231477.07,-604091296326.88,-87974214096.60,-284.31,5988.97,16.92
9737280.00,4419335522088.64,-601557262781.70,-87967100576.12,-276.55,5982.12,16.68
10160640.00,4419219964235.64,-599026030400.19,-87960083699.96,-269.41,5975.73,16.47
10584000.00,4419107305966.53,-596497414019.52,-87953154919.65,-262.84,5969.76,16.27
11007360.00,4418997318895.94,-593971246940.41,-87946306606.31,-256.79,5964.16,16.09
11430720.00,4418889795206.15,-591447378446.84,-87939531914.44,-251.20,5958.90,15.92
11854080.00,4418784545109.49,-588925671747.66,-87932824685.10,-246.04,5953.94,15.77
12277440.00,4418681394715.16,-586406002255.84,-87926179354.25,-241.28,5949.27,15.63
12700800.00,4418580184211.93,-583888256125.82,-87919590874.52,-236.88,5944.85,15.50
13124160.00,4418480766309.79,-581372329006.51,-87913054650.30,-232.81,5940.68,15.38
13547520.00,4418383004896.36,-578858124973.09,-87906566483.37,-229.05,5936.71,15.27
13970880.00,4418286773872.69,-576345555607.41,-87900122527.58,-225.58,5932.95,15.17
14394240.00,4418191956138.56,-573834539203.97,-87893719251.68,-222.37,5929.38,15.08
14817600.00,4418098442706.80,-571325000086.96,-87887353407.28,-219.42,5925.97,14.99
15240960.00,4418006131936.23,-568816868016.23,-87881021994.15,-216.69,5922.73,14.92
15664320.00,4417914928849.64,-566310077654.10,-87874722235.33,-214.18,5919.63,14.84
16087680.00,4417824744529.64,-563804568106.09,-87868451558.21,-211.88,5916.68,14.78
16511040.00,4417735495587.99,-561300282516.42,-87862207574.03,-209.76,5913.85,14.72
16934400.00,4417647103693.20,-558797167707.73,-87855988059.58,-207.83,5911.15,14.66
17357760.00,4417559495148.60,-556295173860.50,-87849790941.46,-206.06,5908.55,14.61
17781120.00,4417472600514.60,-553794254227.17,-87843614282.24,-204.45,5906.07,14.57
18204480.00,4417386354269.47,-551294364876.56,-87837456268.35,-203.00,5903.69,14.52
18627840.00,4417300694504.01,-548795464464.73,-87831315199.48,-201.68,5901.40,14.49
19051200.00,4417215562645.79,-546297514029.21,-87825189479.48,-200.50,5899.20,14.45
19474560.00,4417130903209.23,-543800476804.19,-87819077608.51,-199.45,5897.08,14.42
19897920.00,4417046663569.72,-541304318055.92,-87812978176.02,-198.52,5895.05,14.39
20321280.00,4416962793762.16,-538809004934.24,-87806889851.49,-197.70,5893.09,14.37
20744640.00,4416879246294.61,-536314506332.26,-87800811378.34,-197.00,5891.20,14.35
21168000.00,4416795975977.33,-533820792762.76,-87794741569.95,-196.39,5889.38,14.33
21591360.00,4416712939768.79,-531327836246.43,-87788679304.41,-195.89,5887.62,14.31
22014720.00,4416630096634.74,-528835610209.07,-87782623519.52,-195.48,5885.93,14.30
22438080.00,4416547407418.84,-526344089387.33,-87776573208.29,-195.16,5884.29,14.29
22861440.00,4416464834723.72,-523853249742.30,-87770527414.98,-194.93,5882.71,14.28
23284800.00,4416382342801.53,-521363068380.25,-87764485231.50,-194.78,5881.18,14.27
23708160.00,4416299897453.14,-518873523479.75,-87758445794.10,-194.71,5879.70,14.26
24131520.00,4416217465934.92,-516384594224.61,-87752408280.47,-194.72,5878.27,14.26
24554880.00,4416135016872.73,-513896260742.08,-87746371907.05,-194.79,5876.89,14.26
24978240.00,4416052520182.17,-511408504045.80,-87740335926.64,-194.94,5875.55,14.26
25401600.00,4415969946994.54,-508921305983.16,-87734299626.37,-195.16,5874.25,14.26
25824960.00,4415887269588.05,-506434649186.93,-87728262325.83,-195.43,5872.99,14.26
26248320.00,4415804461324.51,-503948517031.45,-87722223375.13,-195.77,5871.77,14.27
26671680.00,4415721496591.66,-501462893591.10,-87716182151.97,-196.17,5870.59,14.27
27095040.00,4415638350747.56,-498977763599.92,-87710138060.42,-196.63,5869.44,14.28
27518400.00,4415555000068.89,-496493112416.03,-87704090530.01,-197.14,5868.33,14.29
27941760.00,4415471421703.57,-494008925988.58,-87698039014.23,-197.71,5867.25,14.30
28365120.00,4415387593626.36,-491525190826.58,-87691982989.05,-198.32,5866.20,14.31
28788480.00,4415303494597.35,-489041893969.69,-87685921951.61,-198.99,5865.17,14.32
29211840.00,4415219104122.98,-486559022960.98,-87679855419.03,-199.70,5864.18,14.34
29635200.00,4415134402419.58,-484076565821.34,-87673782927.25,-200.46,5863.22,14.35
30058560.00,4415049370379.10,-481594511025.61,-87667704030.04,-201.26,5862.28,14.37
30481920.00,4414963989536.96,-479112847480.13,-87661618298.06,-202.10,5861.37,14.38
30905280.00,4414878242041.79,-476631564501.79,-87655525317.95,-202.99,5860.48,14.40
