0.00,641938596999.59,-384460347812.69,-12759323217.38,-1469.60,4533.00,-0.01
7200.00,641929976200.11,-384429765352.32,-12759377042.89,-917.45,3968.07,-14.95
14400.00,641925474915.01,-384403101847.14,-12759538214.94,-325.74,3444.94,-29.82
21600.00,641925366889.85,-384380046302.31,-12759805853.89,302.41,2966.36,-44.52
28800.00,641929902720.86,-384360268842.02,-12760178521.11,963.70,2534.82,-58.98
36000.00,641939308582.45,-384343422413.32,-12760654226.96,1654.65,2152.60,-73.12
43200.00,641953785071.15,-384329144568.32,-12761230441.30,2371.63,1821.71,-86.88
50400.00,641973506173.92,-384317059318.08,-12761904106.30,3110.88,1543.89,-100.18
57600.00,641998618366.65,-384306779051.97,-12762671651.94,3868.52,1320.63,-112.95
64800.00,642029239847.67,-384297906516.04,-12763529013.91,4640.59,1153.11,-125.12
72000.00,642065459909.29,-384290036843.71,-12764471654.05,5423.02,1042.26,-136.63
79200.00,642107338447.46,-384282759632.71,-12765494583.01,6211.70,988.70,-147.41
86400.00,642154905604.82,-384275661060.39,-12766592384.91,7002.50,992.75,-157.41
93600.00,642208161541.03,-384268326021.68,-12767759243.79,7791.22,1054.44,-166.58
100800.00,642267076341.19,-384260340263.77,-12768988972.08,8573.70,1173.51,-174.87
108000.00,642331590097.18,-384251292504.27,-12770275041.86,9345.78,1349.40,-182.23
115200.00,642401613177.05,-384240776548.20,-12771610618.86,10103.37,1581.26,-188.61
122400.00,642477026654.02,-384228393411.35,-12772988597.95,10842.43,1867.93,-194.00
129600.00,642557682869.75,-384213753429.94,-12774401639.76,11559.01,2207.97,-198.35
136800.00,642643406130.95,-384196478333.59,-12775842208.26,12249.27,2599.66,-201.64
144000.00,642733993547.03,-384176203267.68,-12777302609.59,12909.51,3041.01,-203.85
151200.00,642829216011.65,-384152578755.91,-12778775031.84,13536.16,3529.73,-204.97
158400.00,642928819327.15,-384125272594.06,-12780251585.94,14125.81,4063.31,-205.00
165600.00,643032525468.28,-384093971665.08,-12781724347.08,14675.26,4638.96,-203.92
172800.00,643140033980.34,-384058383665.69,-12783185396.74,15181.48,5253.69,-201.74
180000.00,643251023506.06,-384018238734.20,-12784626864.94,15641.69,5904.27,-198.48
187200.00,643365153434.66,-383973290969.60,-12786040972.55,16053.34,6587.27,-194.14
194400.00,643482065665.80,-383923319832.27,-12787420073.41,16414.12,7299.08,-188.76
201600.00,643601386480.17,-383868131417.13,-12788756696.01,16722.00,8035.91,-182.35
208800.00,643722728507.81,-383807559590.17,-12790043584.47,16975.23,8793.83,-174.95
216000.00,643845692784.39,-383741466980.48,-12791273738.65,17172.33,9568.80,-166.59
223200.00,643969870884.80,-383669745820.01,-12792440453.12,17312.15,10356.64,-157.33
230400.00,644094847122.93,-383592318624.26,-12793537354.62,17393.84,11153.11,-147.21
237600.00,644220200805.35,-383509138708.00,-12794558438.00,17416.85,11953.90,-136.28
244800.00,644345508526.49,-383420190530.86,-12795498100.20,17380.98,12754.67,-124.60
252000.00,644470346491.90,-383325489868.54,-12796351172.19,17286.33,13551.08,-112.24
259200.00,644594292856.11,-383225083806.52,-12797112948.48,17133.33,14338.77,-99.25
266400.00,644716930061.11,-383119050554.13,-12797779214.21,16922.75,15113.46,-85.72
273600.00,644837847162.24,-383007499077.87,-12798346269.37,16655.65,15870.89,-71.71
280800.00,644956642129.26,-382890568555.10,-12798810950.29,16333.45,16606.92,-57.29
288000.00,645072924113.13,-382768427653.37,-12799170648.31,15957.84,17317.52,-42.56
295200.00,645186315667.43,-382641273647.37,-12799423326.00,15530.84,17998.77,-27.58
302400.00,645296454901.17,-382509331387.29,-12799567530.97,15054.76,18646.93,-12.44
309600.00,645402997524.47,-382372852111.29,-12799602405.94,14532.17,19258.43,2.78
316800.00,645505618767.83,-382232112074.79,-12799527693.74,13965.92,19829.88,17.99
324000.00,645604015191.31,-382087410998.02,-12799343737.66,13359.09,20358.15,33.11
331200.00,645697906391.81,-381939070369.49,-12799051478.71,12714.99,20840.34,48.06
338400.00,645787036590.39,-381787431633.89,-12798652450.27,12037.14,21273.81,62.75
345600.00,645871176078.49,-381632854273.59,-12798148769.70,11329.27,21656.18,77.11
352800.00,645950122509.55,-381475713789.10,-12797543126.63,10595.25,21985.39,91.06
360000.00,646023702027.41,-381316399587.39,-12796838767.84,9839.11,22259.65,104.52
367200.00,646091770225.21,-381155312790.24,-12796039478.87,9065.00,22477.48,117.42
374400.00,646154212929.56,-380992863976.41,-12795149562.37,8277.17,22637.74,129.68
381600.00,646210946805.78,-380829470872.39,-12794173813.51,7479.93,22739.59,141.25
388800.00,646261919781.39,-380665556006.44,-12793117492.48,6677.64,22782.53,152.05
396000.00,646307111286.02,-380501544341.40,-12791986294.38,5874.69,22766.40,162.04
403200.00,646346532307.50,-380337860900.96,-12790786316.64,5075.46,22691.33,171.15
410400.00,646380225264.95,-380174928404.68,-12789524024.22,4284.30,22557.83,179.34
417600.00,646408263701.12,-380013164926.15,-12788206212.87,3505.49,22366.69,186.56
424800.00,646430751797.26,-379852981588.82,-12786839970.59,2743.25,22119.03,192.79
432000.00,646447823715.30,-379694780313.13,-12785432637.65,2001.70,21816.30,197.97
439200.00,646459642772.86,-379538951628.35,-12783991765.40,1284.81,21460.22,202.10
446400.00,646466400457.85,-379385872561.51,-12782525074.10,596.43,21052.81,205.14
453600.00,646468315290.33,-379235904615.52,-12781040410.07,-59.78,20596.35,207.09
460800.00,646465631539.98,-379089391847.29,-12779545702.45,-680.34,20093.42,207.93
468000.00,646458617808.30,-378946659056.21,-12778048919.81,-1261.97,19546.79,207.66
475200.00,646447565485.12,-378808010091.88,-12776558026.83,-1801.63,18959.48,206.29
482400.00,646432787088.90,-378673726288.72,-12775080941.38,-2296.48,18334.74,203.83
489600.00,646414614501.20,-378544065032.02,-12773625492.27,-2743.99,17675.98,200.28
496800.00,646393397106.89,-378419258455.94,-12772199377.54,-3141.83,16986.79,195.68
504000.00,646369499857.89,-378299512271.27,-12770810123.64,-3488.00,16270.92,190.05
511200.00,646343301284.08,-378185004731.78,-12769465045.24,-3780.75,15532.24,183.41
518400.00,646315191463.59,-378075885769.67,-12768171206.43,-4018.61,14774.73,175.82
