0.00,990445531187.57,-1146910844092.96,-26627918336.17,5940.27,6170.04,0.00
426082.00,992971764956.81,-1144274855620.62,-26627042732.41,5917.71,6203.13,4.11
852164.00,995488402257.93,-1141624745312.60,-26624408515.02,5895.23,6236.33,8.25
1278246.00,997995476599.75,-1138960466667.27,-26620004436.57,5872.82,6269.63,12.42
1704328.00,1000493022124.52,-1136281972065.01,-26613819063.34,5850.50,6303.06,16.62
2130410.00,1002981073655.87,-1133589212721.86,-26605840765.72,5828.26,6336.59,20.84
2556492.00,1005459666757.92,-1130882138653.72,-26596057713.43,5806.10,6370.25,25.09
2982574.00,1007928837784.56,-1128160698635.61,-26584457869.84,5784.03,6404.03,29.37
3408656.00,1010388623942.78,-1125424840153.14,-26571028982.19,5762.05,6437.93,33.67
3834738.00,1012839063352.87,-1122674509365.12,-26555758578.38,5740.16,6471.96,38.01
4260820.00,1015280195110.63,-1119909651048.83,-26538633956.19,5718.36,6506.12,42.38
4686902.00,1017712059361.07,-1117130208557.39,-26519642178.01,5696.66,6540.42,46.77
5112984.00,1020134697363.26,-1114336123770.03,-26498770064.06,5675.06,6574.85,51.20
5539066.00,1022548151571.75,-1111527337036.32,-26476004182.22,5653.55,6609.43,55.66
5965148.00,1024952465713.42,-1108703787130.87,-26451330843.99,5632.15,6644.15,60.16
6391230.00,1027347684869.81,-1105865411188.17,-26424736092.56,5610.86,6679.02,64.68
6817312.00,1029733855570.88,-1103012144652.32,-26396205696.79,5589.68,6714.05,69.24
7243394.00,1032111025881.60,-1100143921215.11,-26365725143.02,5568.61,6749.23,73.84
7669476.00,1034479245508.72,-1097260672750.67,-26333279624.20,5547.67,6784.57,78.47
8095558.00,1036838565902.52,-1094362329259.09,-26298854035.02,5526.84,6820.08,83.13
8521640.00,1039189040368.17,-1091448818790.58,-26262432959.23,5506.15,6855.77,87.83
8947722.00,1041530724189.08,-1088520067384.73,-26224000663.32,5485.58,6891.62,92.57
9373804.00,1043863674744.59,-1085575998996.13,-26183541087.18,5465.15,6927.66,97.35
9799886.00,1046187951652.10,-1082616535417.46,-26141037832.58,5444.87,6963.89,102.16
10225968.00,1048503616904.24,-1079641596209.70,-26096474157.42,5424.73,7000.31,107.02
10652050.00,1050810735022.09,-1076651098611.87,-26049832962.11,5404.75,7036.92,111.92
11078132.00,1053109373221.04,-1073644957468.10,-26001096783.18,5384.93,7073.74,116.85
11504214.00,1055399601575.28,-1070623085137.85,-25950247783.37,5365.28,7110.76,121.83
11930296.00,1057681493211.57,-1067585391406.92,-25897267740.52,5345.80,7148.00,126.86
12356378.00,1059955124498.68,-1064531783403.07,-25842138041.81,5326.50,7185.46,131.92
12782460.00,1062220575260.51,-1061462165490.17,-25784839669.82,5307.40,7223.15,137.04
13208542.00,1064477929004.04,-1058376439181.36,-25725353196.85,5288.50,7261.08,142.20
13634624.00,1066727273152.70,-1055274503031.16,-25663658774.86,5269.81,7299.24,147.40
14060706.00,1068968699316.11,-1052156252532.92,-25599736125.88,5251.33,7337.66,152.66
14486788.00,1071202303558.75,-1049021580018.60,-25533564537.67,5233.09,7376.33,157.96
14912870.00,1073428186703.07,-1045870374537.89,-25465122851.83,5215.09,7415.26,163.31
15338952.00,1075646454650.56,-1042702521759.84,-25394389461.27,5197.35,7454.47,168.72
15765034.00,1077857218717.69,-1039517903847.91,-25321342302.50,5179.87,7493.96,174.17
16191116.00,1080060596018.83,-1036316399346.23,-25245958849.91,5162.68,7533.74,179.68
16617198.00,1082256709854.69,-1033097883065.20,-25168216115.73,5145.78,7573.81,185.25
17043280.00,1084445690151.30,-1029862225948.93,-25088090643.23,5129.20,7614.20,190.87
17469362.00,1086627673924.24,-1026609294969.75,-25005558511.82,5112.94,7654.90,196.54
17895444.00,1088802805773.42,-1023338952994.07,-24920595336.77,5097.04,7695.92,202.28
18321526.00,1090971238439.13,-1020051058669.43,-24833176274.44,5081.50,7737.29,208.07
18747608.00,1093133133375.01,-1016745466307.76,-24743276033.18,5066.35,7779.00,213.92
19173690.00,1095288661395.93,-1013422025756.77,-24650868879.48,5051.62,7821.07,219.84
19599772.00,1097438003363.77,-1010080582305.06,-24555928659.36,5037.32,7863.50,225.81
20025854.00,1099581350930.32,-1006720976559.26,-24458428815.47,5023.49,7906.32,231.85
20451936.00,1101718907364.72,-1003343044360.09,-24358342415.50,5010.14,7949.53,237.96
20878018.00,1103850888419.40,-999946616696.46,-24255642188.76,4997.32,7993.14,244.12
21304100.00,1105977523306.90,-996531519624.62,-24150300562.99,4985.05,8037.16,250.35
21730182.00,1108099055735.34,-993097574235.94,-24042289722.27,4973.38,8081.61,256.65
22156264.00,1110215745044.49,-989644596603.82,-23931581663.65,4962.33,8126.50,263.02
22582346.00,1112327867462.40,-986172397802.42,-23818148275.04,4951.95,8171.84,269.44
23008428.00,1114435717440.81,-982680783934.42,-23701961427.09,4942.28,8217.64,275.94
23434510.00,1116539609157.65,-979169556202.47,-23582993076.06,4933.38,8263.91,282.50
23860592.00,1118639878117.40,-975638511063.70,-23461215400.55,4925.28,8310.66,289.13
24286674.00,1120736882920.11,-972087440397.17,-23336600947.30,4918.06,8357.91,295.82
24712756.00,1122831007204.88,-968516131810.23,-23209122817.52,4911.77,8405.66,302.57
25138838.00,1124922661740.47,-964924368990.61,-23078754880.51,4906.48,8453.92,309.38
25564920.00,1127012286769.52,-961311932189.77,-22945472020.77,4902.26,8502.70,316.25
25991002.00,1129100354515.05,-957678598867.10,-22809250444.62,4899.19,8552.01,323.17
26417084.00,1131187371966.25,-954024144442.32,-22670068021.44,4897.35,8601.84,330.15
26843166.00,1133273883915.62,-950348343334.13,-22527904705.98,4896.83,8652.21,337.16
27269248.00,1135360476251.21,-946650970160.00,-22382743022.87,4897.74,8703.10,344.22
27695330.00,1137447779615.22,-942931801272.07,-22234568634.31,4900.19,8754.51,351.30
28121412.00,1139536473313.94,-939190616640.65,-22083371021.71,4904.29,8806.44,358.41
28547494.00,1141627289656.98,-935427202092.82,-21929144261.05,4910.17,8858.86,365.52
28973576.00,1143721018625.23,-931641352163.70,-21771887963.25,4917.98,8911.74,372.63
29399658.00,1145818512926.79,-927832873420.92,-21611608357.99,4927.87,8965.07,379.71
29825740.00,1147920693507.26,-924001588606.78,-21448319570.21,4940.01,9018.79,386.75
30251822.00,1150028555355.26,-920147341592.28,-21282045132.31,4954.57,9072.84,393.72
30677904.00,1152143173817.29,-916270003301.15,-21112819726.10,4971.76,9127.16,400.59
31103986.00,1154265711142.68,-912369478986.77,-20940691259.54,4991.78,9181.66,407.34
