0.00,960601224148.92,-1093734036808.96,-17753513747.69,7392.68,6862.88,-0.00
423360.00,963729341149.99,-1090827375603.50,-17753651536.27,7384.80,6868.53,-0.65
846720.00,966854068643.03,-1087918352991.60,-17754064164.05,7376.67,6874.04,-1.30
1270080.00,969975304022.23,-1085007027549.11,-17754750535.55,7368.30,6879.41,-1.95
1693440.00,973092945316.01,-1082093458093.10,-17755709569.14,7359.69,6884.64,-2.59
2116800.00,976206891159.60,-1079177703693.30,-17756940193.75,7350.84,6889.73,-3.23
2540160.00,979317040756.57,-1076259823721.07,-17758441353.75,7341.75,6894.68,-3.87
2963520.00,982423293842.58,-1073339877868.10,-17760212008.41,7332.43,6899.48,-4.50
3386880.00,985525550631.28,-1070417926162.91,-17762251128.89,7322.87,6904.15,-5.13
3810240.00,988623711801.35,-1067494028983.18,-17764557695.57,7313.08,6908.67,-5.77
4233600.00,991717678457.47,-1064568247118.15,-17767130705.44,7303.06,6913.05,-6.39
4656960.00,994807352079.02,-1061640641767.33,-17769969167.42,7292.80,6917.29,-7.02
5080320.00,997892634493.01,-1058711274587.22,-17773072106.68,7282.31,6921.37,-7.64
5503680.00,1000973427812.37,-1055780207680.92,-17776438556.45,7271.59,6925.32,-8.26
5927040.00,1004049634431.26,-1052847503623.98,-17780067558.00,7260.64,6929.11,-8.88
6350400.00,1007121156986.31,-1049913225528.86,-17783958168.37,7249.46,6932.75,-9.50
6773760.00,1010187898288.04,-1046977437050.24,-17788109456.91,7238.05,6936.24,-10.11
7197120.00,1013249761306.07,-1044040202403.22,-17792520504.20,7226.41,6939.58,-10.73
7620480.00,1016306649110.69,-1041101586411.79,-17797190405.84,7214.55,6942.77,-11.34
8043840.00,1019358464822.73,-1038161654485.84,-17802118262.13,7202.45,6945.80,-11.95
8467200.00,1022405111603.97,-1035220472658.72,-17807303179.31,7190.13,6948.67,-12.55
8890560.00,1025446492615.34,-1032278107649.49,-17812744276.06,7177.57,6951.38,-13.16
9313920.00,1028482510945.46,-1029334626890.04,-17818440684.30,7164.79,6953.94,-13.76
9737280.00,1031513069561.01,-1026390098512.43,-17824391542.19,7151.78,6956.33,-14.36
10160640.00,1034538071290.87,-1023444591406.52,-17830595998.88,7138.54,6958.56,-14.96
10584000.00,1037557418741.71,-1020498175249.28,-17837053214.84,7125.07,6960.62,-15.55
11007360.00,1040571014252.78,-1017550920484.18,-17843762351.47,7111.36,6962.52,-16.15
11430720.00,1043578759874.47,-1014602898363.82,-17850722571.68,7097.43,6964.25,-16.74
11854080.00,1046580557318.62,-1011654181011.22,-17857933045.07,7083.26,6965.80,-17.33
12277440.00,1049576307885.74,-1008704841462.68,-17865392950.55,7068.86,6967.19,-17.92
12700800.00,1052565912386.18,-1005754953677.27,-17873101473.51,7054.23,6968.39,-18.50
13124160.00,1055549271093.95,-1002804592532.71,-17881057798.84,7039.35,6969.42,-19.09
13547520.00,1058526283711.96,-999853833904.56,-17889261117.40,7024.24,6970.27,-19.67
13970880.00,1061496849265.02,-996902754694.12,-17897710626.37,7008.90,6970.93,-20.25
14394240.00,1064460866039.26,-993951432807.00,-17906405517.62,6993.31,6971.41,-20.83
14817600.00,1067418231542.70,-990999947195.66,-17915344975.91,6977.47,6971.71,-21.41
15240960.00,1070368842439.39,-988048377924.04,-17924528182.49,6961.39,6971.81,-21.98
15664320.00,1073312594461.78,-985096806220.82,-17933954317.74,6945.07,6971.72,-22.55
16087680.00,1076249382313.48,-982145314513.70,-17943622560.99,6928.49,6971.43,-23.12
16511040.00,1079179099571.96,-979193986441.94,-17953532086.79,6911.66,6970.94,-23.69
16934400.00,1082101638615.22,-976242906860.31,-17963682057.51,6894.58,6970.25,-24.26
17357760.00,1085016890561.12,-973292161920.62,-17974071626.03,6877.24,6969.36,-24.82
17781120.00,1087924745129.12,-970341839131.13,-17984699940.59,6859.63,6968.26,-25.39
18204480.00,1090825090531.57,-967392027328.96,-17995566132.49,6841.76,6966.94,-25.95
18627840.00,1093717813401.35,-964442816712.41,-18006669308.90,6823.62,6965.41,-26.51
19051200.00,1096602798693.91,-961494298911.55,-18018008553.50,6805.20,6963.67,-27.06
19474560.00,1099479929561.81,-958546567054.21,-18029582927.98,6786.51,6961.70,-27.62
19897920.00,1102349087215.33,-955599715816.18,-18041391471.71,6767.53,6959.50,-28.17
20321280.00,1105210150776.58,-952653841457.87,-18053433199.38,6748.27,6957.08,-28.72
20744640.00,1108062997130.75,-949709041848.07,-18065707096.26,6728.71,6954.42,-29.27
21168000.00,1110907500784.58,-946765416475.21,-18078212110.03,6708.86,6951.53,-29.81
21591360.00,1113743533746.98,-943823066497.15,-18090947143.73,6688.69,6948.40,-30.35
22014720.00,1116570965351.17,-940882094860.27,-18103911062.13,6668.22,6945.02,-30.89
22438080.00,1119389662030.92,-937942606295.33,-18117102686.74,6647.42,6941.39,-31.43
22861440.00,1122199487167.12,-935004707302.03,-18130520778.96,6626.30,6937.51,-31.96
23284800.00,1125000300925.34,-932068506214.07,-18144164032.31,6604.85,6933.36,-32.49
23708160.00,1127791960048.86,-929134113281.22,-18158031070.22,6583.05,6928.96,-33.02
24131520.00,1130574317621.42,-926201640733.50,-18172120443.41,6560.90,6924.29,-33.54
24554880.00,1133347222814.98,-923271202827.50,-18186430624.76,6538.40,6919.35,-34.06
24978240.00,1136110520625.55,-920342915880.72,-18200960002.14,6515.51,6914.13,-34.58
25401600.00,1138864051597.43,-917416898295.65,-18215706869.20,6492.25,6908.62,-35.09
25824960.00,1141607651538.04,-914493270572.91,-18230669413.92,6468.59,6902.83,-35.60
26248320.00,1144341151231.71,-911572155318.82,-18245845704.09,6444.53,6896.75,-36.10
26671680.00,1147064376152.83,-908653677303.22,-18261233672.90,6420.05,6890.37,-36.60
27095040.00,1149777146082.68,-905737963577.26,-18276831118.59,6395.14,6883.69,-37.09
27518400.00,1152479274685.18,-902825143422.90,-18292635693.19,6369.77,6876.70,-37.58
27941760.00,1155170569168.11,-899915348298.31,-18308644874.09,6343.95,6869.40,-38.06
28365120.00,1157850829899.12,-897008711889.31,-18324855944.39,6317.64,6861.77,-38.53
28788480.00,1160519849942.98,-894105370164.15,-18341265979.25,6290.84,6853.83,-39.00
29211840.00,1163177414549.82,-891205461392.54,-18357871830.98,6263.52,6845.55,-39.45
29635200.00,1165823300610.82,-888309126131.87,-18374670110.64,6235.66,6836.94,-39.90
30058560.00,1168457276083.87,-885416507188.81,-18391657165.86,6207.24,6827.99,-40.35
30481920.00,1171079099384.42,-882527749562.76,-18408829055.71,6178.25,6818.70,-40.78
30905280.00,1173688518736.17,-879643000365.69,-18426181522.41,6148.64,6809.05,-41.20
