0.00,992358255990.59,-1101741064148.28,-21820147129.89,7751.74,5853.98,0.01
424800.00,995643237847.78,-1099255261302.21,-21819376262.12,7714.10,5849.51,3.63
849600.00,998912165116.21,-1096771229198.20,-21817078785.63,7676.16,5845.64,7.19
1274400.00,1002164913465.44,-1094288714349.64,-21813277087.23,7637.93,5842.37,10.71
1699200.00,1005401363619.62,-1091807469785.00,-21807993151.14,7599.42,5839.66,14.17
2124000.00,1008621400908.90,-1089327254718.89,-21801248574.76,7560.65,5837.52,17.59
2548800.00,1011824914904.46,-1086847834263.17,-21793064576.36,7521.63,5835.92,20.95
2973600.00,1015011799048.90,-1084368979157.70,-21783462001.65,7482.36,5834.86,24.26
3398400.00,1018181950270.97,-1081890465473.91,-21772461336.68,7442.85,5834.31,27.53
3823200.00,1021335268729.26,-1079412074315.10,-21760082726.38,7403.11,5834.28,30.75
4248000.00,1024471657498.97,-1076933591563.75,-21746345980.19,7363.14,5834.74,33.93
4672800.00,1027591022287.59,-1074454807648.95,-21731270578.23,7322.96,5835.70,37.05
5097600.00,1030693271171.01,-1071975517222.48,-21714875699.00,7282.56,5837.13,40.14
5522400.00,1033778314408.95,-1069495518934.31,-21697180228.24,7241.95,5839.03,43.18
5947200.00,1036846064194.19,-1067014615183.31,-21678202769.31,7201.14,5841.39,46.17
6372000.00,1039896434446.55,-1064532611911.10,-21657961650.09,7160.13,5844.21,49.13
6796800.00,1042929340591.19,-1062049318305.65,-21636474947.30,7118.92,5847.47,52.04
7221600.00,1045944699471.66,-1059564546562.68,-21613760508.65,7077.51,5851.17,54.91
7646400.00,1048942429121.10,-1057078111702.12,-21589835949.69,7035.92,5855.30,57.73
8071200.00,1051922448654.94,-1054589831326.73,-21564718677.18,6994.13,5859.86,60.52
8496000.00,1054884678056.98,-1052099525430.80,-21538425891.54,6952.16,5864.83,63.27
8920800.00,1057829038091.51,-1049607016106.78,-21510974621.76,6910.00,5870.23,65.98
9345600.00,1060755450240.73,-1047112127370.42,-21482381737.81,6867.66,5876.04,68.64
9770400.00,1063663836508.95,-1044614684976.03,-21452663949.78,6825.13,5882.25,71.27
10195200.00,1066554119378.70,-1042114516186.92,-21421837834.58,6782.43,5888.88,73.86
10620000.00,1069426221641.80,-1039611449606.19,-21389919836.66,6739.54,5895.90,76.41
11044800.00,1072280066336.20,-1037105314901.22,-21356926300.25,6696.47,5903.32,78.93
11469600.00,1075115576743.84,-1034595942613.23,-21322873492.36,6653.22,5911.14,81.40
11894400.00,1077932676258.77,-1032083164022.55,-21287777598.71,6609.79,5919.36,83.84
12319200.00,1080731288302.76,-1029566810897.78,-21251654745.78,6566.18,5927.97,86.24
12744000.00,1083511336294.69,-1027046715346.08,-21214521013.96,6522.38,5936.98,88.60
13168800.00,1086272743518.38,-1024522709587.61,-21176392449.11,6478.41,5946.38,90.92
13593600.00,1089015433143.07,-1021994625709.10,-21137285096.67,6434.26,5956.18,93.20
14018400.00,1091739328235.54,-1019462295498.55,-21097215020.74,6389.93,5966.38,95.45
14443200.00,1094444351654.82,-1016925550302.65,-21056198302.47,6345.41,5976.97,97.66
14868000.00,1097130425996.57,-1014384220770.14,-21014251061.95,6300.71,5987.96,99.83
15292800.00,1099797473621.01,-1011838136698.34,-20971389478.74,6255.83,5999.36,101.97
15717600.00,1102445416537.23,-1009287126819.23,-20927629799.12,6210.76,6011.16,104.06
16142400.00,1105074176441.81,-1006731018541.39,-20882988370.93,6165.51,6023.36,106.12
16567200.00,1107683674773.52,-1004169637760.19,-20837481669.91,6120.08,6035.98,108.13
16992000.00,1110273832701.91,-1001602808704.07,-20791126310.99,6074.45,6049.02,110.11
17416800.00,1112844571027.73,-999030353724.55,-20743939051.71,6028.65,6062.47,112.05
17841600.00,1115395810261.25,-996452093031.17,-20695936829.54,5982.65,6076.35,113.95
18266400.00,1117927470608.48,-993867844549.18,-20647136772.58,5936.47,6090.66,115.81
18691200.00,1120439471933.45,-991277423638.10,-20597556219.98,5890.09,6105.41,117.62
19116000.00,1122931733859.89,-988680642838.86,-20547212759.43,5843.53,6120.61,119.40
19540800.00,1125404175854.22,-986077311671.65,-20496124255.27,5796.78,6136.26,121.13
19965600.00,1127856717254.83,-983467236448.47,-20444308866.65,5749.84,6152.36,122.82
20390400.00,1130289277222.58,-980850220038.54,-20391785056.28,5702.70,6168.94,124.47
20815200.00,1132701774831.52,-978226061548.21,-20338571626.11,5655.38,6185.99,126.07
21240000.00,1135094129178.55,-975594556150.30,-20284687746.08,5607.87,6203.53,127.62
21664800.00,1137466259349.02,-972955494787.51,-20230152969.69,5560.16,6221.57,129.13
22089600.00,1139818084569.16,-970308663859.71,-20174987277.32,5512.27,6240.12,130.59
22514400.00,1142149524362.09,-967653844974.03,-20119211114.18,5464.18,6259.18,132.00
22939200.00,1144460498666.79,-964990814703.44,-20062845421.75,5415.91,6278.78,133.37
23364000.00,1146750927911.06,-962319344331.74,-20005911662.48,5367.46,6298.92,134.68
23788800.00,1149020733048.94,-959639199517.61,-19948431841.15,5318.81,6319.63,135.94
24213600.00,1151269835803.69,-956950139935.63,-19890428554.99,5269.99,6340.90,137.14
24638400.00,1153498158817.00,-954251919062.89,-19831925026.66,5220.98,6362.76,138.29
25063200.00,1155705625730.83,-951544283774.00,-19772945134.30,5171.79,6385.23,139.38
25488000.00,1157892161475.56,-948826973978.76,-19713513466.68,5122.43,6408.32,140.42
25912800.00,1160057692538.52,-946099722312.80,-19653655371.71,5072.90,6432.04,141.39
26337600.00,1162202147205.75,-943362253819.83,-19593397001.35,5023.20,6456.42,142.30
26762400.00,1164325455782.37,-940614285613.78,-19532765353.29,4973.34,6481.48,143.15
27187200.00,1166427550782.98,-937855526478.53,-19471788309.23,4923.33,6507.23,143.93
27612000.00,1168508367254.41,-935085676378.90,-19410494686.76,4873.16,6533.70,144.64
28036800.00,1170567843248.62,-932304426157.72,-19348914308.13,4822.86,6560.91,145.28
28461600.00,1172605920016.64,-929511457117.03,-19287078037.47,4772.42,6588.88,145.84
28886400.00,1174622542463.37,-926706440497.67,-19225017846.05,4721.85,6617.64,146.33
29311200.00,1176617659685.66,-923889037083.68,-19162766884.90,4671.17,6647.21,146.74
29736000.00,1178591225476.28,-921058896809.42,-19100359551.75,4620.38,6677.61,147.07
30160800.00,1180543198822.78,-918215658337.80,-19037831556.25,4569.51,6708.88,147.31
30585600.00,1182473544421.99,-915358948601.91,-18975219986.33,4518.56,6741.05,147.46
31010400.00,1184382233215.03,-912488382279.43,-18912563374.08,4467.55,6774.13,147.52
