0.00,987455795307.95,-1135303626307.60,-14853470479.21,5701.65,5464.40,-0.00
426082.00,989877339420.96,-1132963819741.56,-14855512889.86,5665.11,5518.53,-9.56
852164.00,992283567668.89,-1130600898958.44,-14861599016.41,5629.75,5572.89,-18.98
1278246.00,994674975636.22,-1128214777070.56,-14871665894.02,5595.54,5627.43,-28.25
1704328.00,997052050756.33,-1125805381735.45,-14885648942.89,5562.47,5682.13,-37.36
2130410.00,999415272175.15,-1123372654357.68,-14903482148.40,5530.51,5736.95,-46.32
2556492.00,1001765110721.93,-1120916549382.30,-14925098201.83,5499.65,5791.86,-55.12
2982574.00,1004102028836.11,-1118437033617.60,-14950428642.30,5469.86,5846.83,-63.75
3408656.00,1006426480588.01,-1115934085526.65,-14979403995.03,5441.13,5901.84,-72.23
3834738.00,1008738911699.31,-1113407694640.99,-15011953880.68,5413.44,5956.87,-80.53
4260820.00,1011039759581.40,-1110857860906.00,-15048007140.46,5386.76,6011.88,-88.67
4686902.00,1013329453439.75,-1108284594135.13,-15087491925.62,5361.08,6066.85,-96.64
5112984.00,1015608414333.33,-1105687913462.28,-15130335794.50,5336.37,6121.78,-104.44
5539066.00,1017877055322.20,-1103067846801.04,-15176465797.34,5312.63,6176.62,-112.06
5965148.00,1020135781578.02,-1100424430393.61,-15225808545.12,5289.83,6231.38,-119.52
6391230.00,1022384990530.45,-1097757708299.69,-15278290289.44,5267.96,6286.02,-126.80
6817312.00,1024625072042.40,-1095067731995.09,-15333836973.38,5246.99,6340.53,-133.90
7243394.00,1026856408550.36,-1092354559943.66,-15392374293.76,5226.90,6394.89,-140.84
7669476.00,1029079375281.47,-1089618257206.39,-15453827746.33,5207.70,6449.10,-147.59
8095558.00,1031294340416.04,-1086858895107.95,-15518122664.74,5189.34,6503.13,-154.17
8521640.00,1033501665298.55,-1084076550862.36,-15585184263.37,5171.83,6556.97,-160.58
8947722.00,1035701704642.46,-1081271307299.32,-15654937658.27,5155.14,6610.62,-166.81
9373804.00,1037894806715.61,-1078443252544.74,-15727307901.25,5139.26,6664.05,-172.86
9799886.00,1040081313585.62,-1075592479759.73,-15802219995.38,5124.18,6717.25,-178.74
10225968.00,1042261561305.89,-1072719086904.74,-15879598912.33,5109.88,6770.22,-184.44
10652050.00,1044435880158.59,-1069823176484.06,-15959369607.53,5096.35,6822.94,-189.97
11078132.00,1046604594867.54,-1066904855376.95,-16041457020.41,5083.57,6875.41,-195.32
11504214.00,1048768024808.15,-1063964234618.35,-16125786085.74,5071.54,6927.62,-200.49
11930296.00,1050926484254.75,-1061001429252.48,-16212281725.78,5060.24,6979.54,-205.49
12356378.00,1053080282571.73,-1058016558181.76,-16300868850.52,5049.66,7031.19,-210.31
12782460.00,1055229724464.69,-1055009744014.03,-16391472351.42,5039.79,7082.54,-214.95
13208542.00,1057375110185.27,-1051981112979.21,-16484017086.93,5030.62,7133.60,-219.42
13634624.00,1059516735751.00,-1048930794796.26,-16578427876.69,5022.14,7184.34,-223.71
14060706.00,1061654893180.87,-1045858922624.37,-16674629477.24,5014.34,7234.77,-227.82
14486788.00,1063789870683.85,-1042765632986.62,-16772546568.84,5007.21,7284.87,-231.76
14912870.00,1065921952901.58,-1039651065716.03,-16872103731.52,5000.75,7334.64,-235.52
15338952.00,1068051421093.59,-1036515363944.48,-16973225419.06,4994.94,7384.07,-239.11
15765034.00,1070178553354.48,-1033358674047.89,-17075835938.85,4989.78,7433.16,-242.51
16191116.00,1072303624825.57,-1030181145679.72,-17179859415.73,4985.27,7481.89,-245.74
16617198.00,1074426907874.93,-1026982931759.83,-17285219768.38,4981.39,7530.25,-248.79
17043280.00,1076548672322.86,-1023764188508.07,-17391840672.21,4978.14,7578.25,-251.66
17469362.00,1078669185604.10,-1020525075500.13,-17499645524.79,4975.51,7625.87,-254.34
17895444.00,1080788712971.92,-1017265755692.03,-17608557413.06,4973.51,7673.10,-256.85
18321526.00,1082907517674.80,-1013986395529.14,-17718499067.75,4972.12,7719.93,-259.18
18747608.00,1085025861120.64,-1010687164996.62,-17829392830.49,4971.34,7766.36,-261.32
19173690.00,1087144003073.63,-1007368237734.05,-17941160606.26,4971.17,7812.39,-263.28
19599772.00,1089262201789.83,-1004029791151.14,-18053723822.18,4971.61,7857.99,-265.05
20025854.00,1091380714200.71,-1000672006529.81,-18167003384.52,4972.65,7903.16,-266.64
20451936.00,1093499796048.55,-997295069206.72,-18280919626.52,4974.28,7947.89,-268.04
20878018.00,1095619702026.51,-993899168690.81,-18395392267.25,4976.51,7992.17,-269.25
21304100.00,1097740685931.64,-990484498859.81,-18510340355.60,4979.34,8035.99,-270.27
21730182.00,1099863000763.59,-987051258134.67,-18625682223.32,4982.76,8079.33,-271.10
22156264.00,1101986898876.31,-983599649659.71,-18741335433.12,4986.77,8122.20,-271.73
22582346.00,1104112632061.54,-980129881554.26,-18857216722.11,4991.37,8164.57,-272.17
23008428.00,1106240451657.21,-976642167099.92,-18973241953.65,4996.57,8206.44,-272.41
23434510.00,1108370608643.44,-973136725021.81,-19089326056.00,5002.35,8247.78,-272.45
23860592.00,1110503353692.40,-969613779728.90,-19205382971.25,5008.71,8288.59,-272.28
24286674.00,1112638937266.33,-966073561579.93,-19321325596.92,5015.67,8328.86,-271.91
24712756.00,1114777609631.02,-962516307204.21,-19437065727.18,5023.21,8368.56,-271.33
25138838.00,1116919620915.22,-958942259763.11,-19552513999.11,5031.34,8407.68,-270.54
25564920.00,1119065221128.33,-955351669315.52,-19667579829.19,5040.06,8446.21,-269.54
25991002.00,1121214660146.71,-951744793127.21,-19782171360.39,5049.36,8484.12,-268.31
26417084.00,1123368187734.17,-948121896029.24,-19896195401.02,5059.25,8521.41,-266.87
26843166.00,1125526053460.08,-944483250812.91,-20009557368.51,5069.72,8558.04,-265.20
27269248.00,1127688506679.44,-940829138573.86,-20122161233.86,5080.78,8594.00,-263.31
27695330.00,1129855796437.52,-937159849161.04,-20233909461.28,5092.43,8629.28,-261.19
28121412.00,1132028171363.41,-933475681555.20,-20344702957.13,5104.65,8663.84,-258.83
28547494.00,1134205879577.79,-929776944319.14,-20454441011.34,5117.46,8697.66,-256.23
28973576.00,1136389168484.48,-926063956061.39,-20563021249.66,5130.85,8730.73,-253.39
29399658.00,1138578284635.06,-922337045866.85,-20670339582.39,5144.81,8763.01,-250.31
29825740.00,1140773473474.39,-918596553826.15,-20776290157.15,5159.35,8794.47,-246.97
30251822.00,1142974979096.27,-914842831482.12,-20880765318.18,5174.46,8825.10,-243.38
30677904.00,1145183043981.97,-911076242363.16,-20983655561.00,5190.14,8854.86,-239.53
31103986.00,1147397908616.95,-907297162499.65,-21084849503.44,5206.38,8883.73,-235.42
