0.00,965388576075.83,-1099445829492.49,-21162022410.40,7511.80,7188.40,0.01
423360.00,968568477461.49,-1096403724116.35,-21161478363.25,7510.27,7182.79,2.57
846720.00,971747574094.03,-1093364014144.97,-21159856342.98,7508.00,7177.09,5.10
1270080.00,974925555363.76,-1090326736547.60,-21157171427.00,7505.00,7171.30,7.59
1693440.00,978102117618.16,-1087291924602.33,-21153438551.45,7501.29,7165.44,10.05
2116800.00,981276963952.16,-1084259608168.79,-21148672504.37,7496.89,7159.51,12.47
2540160.00,984449803954.29,-1081229814042.29,-21142887924.81,7491.81,7153.52,14.86
2963520.00,987620353475.22,-1078202566203.50,-21136099301.45,7486.07,7147.48,17.22
3386880.00,990788334352.43,-1075177886029.87,-21128320975.00,7479.68,7141.40,19.54
3810240.00,993953474260.03,-1072155792515.67,-21119567130.65,7472.65,7135.26,21.83
4233600.00,997115506457.68,-1069136302582.28,-21109851800.91,7464.99,7129.10,24.08
4656960.00,1000274169554.16,-1066119431201.89,-21099188868.72,7456.73,7122.89,26.30
5080320.00,1003429207307.67,-1063105191646.07,-21087592067.62,7447.86,7116.66,28.49
5503680.00,1006580368382.46,-1060093595550.33,-21075074987.00,7438.41,7110.41,30.65
5927040.00,1009727406232.93,-1057084653119.33,-21061651065.63,7428.38,7104.13,32.78
6350400.00,1012870078871.78,-1054078373365.32,-21047333597.22,7417.79,7097.83,34.87
6773760.00,1016008148623.09,-1051074764170.41,-21032135739.31,7406.64,7091.51,36.93
7197120.00,1019141381998.67,-1048073832432.62,-21016070509.70,7394.94,7085.18,38.97
7620480.00,1022269549450.89,-1045075584210.33,-20999150795.71,7382.70,7078.83,40.97
8043840.00,1025392425214.83,-1042080024723.84,-20981389356.42,7369.94,7072.48,42.94
8467200.00,1028509787193.15,-1039087158531.95,-20962798818.91,7356.65,7066.11,44.89
8890560.00,1031621416748.68,-1036096989698.04,-20943391684.90,7342.85,7059.74,46.80
9313920.00,1034727098478.45,-1033109521841.01,-20923180342.00,7328.55,7053.35,48.69
9737280.00,1037826620074.40,-1030124758143.01,-20902177066.77,7313.75,7046.96,50.54
10160640.00,1040919772194.01,-1027142701522.73,-20880394023.72,7298.46,7040.56,52.37
10584000.00,1044006348223.76,-1024163354654.26,-20857843279.28,7282.68,7034.16,54.17
11007360.00,1047086144177.08,-1021186719955.75,-20834536801.77,7266.43,7027.75,55.94
11430720.00,1050158958577.28,-1018212799722.74,-20810486460.26,7249.70,7021.34,57.68
11854080.00,1053224592273.70,-1015241596237.74,-20785704031.84,7232.50,7014.92,59.40
12277440.00,1056282848247.26,-1012273111810.16,-20760201212.29,7214.84,7008.49,61.09
12700800.00,1059333531444.11,-1009307348757.96,-20733989625.63,7196.73,7002.06,62.75
13124160.00,1062376448680.60,-1006344309417.13,-20707080824.81,7178.15,6995.62,64.38
13547520.00,1065411408494.59,-1003383996290.00,-20679486294.32,7159.13,6989.18,65.99
13970880.00,1068438220932.53,-1000426412001.33,-20651217466.33,7139.66,6982.73,67.57
14394240.00,1071456697468.18,-997471559259.93,-20622285721.11,7119.75,6976.28,69.12
14817600.00,1074466650890.23,-994519440949.27,-20592702387.31,7099.40,6969.81,70.64
15240960.00,1077467895132.96,-991570060198.76,-20562478749.86,7078.60,6963.34,72.14
15664320.00,1080460245098.82,-988623420403.54,-20531626060.53,7057.38,6956.87,73.61
16087680.00,1083443516494.53,-985679525208.62,-20500155548.67,7035.71,6950.38,75.06
16511040.00,1086417525691.57,-982738378468.78,-20468078430.26,7013.62,6943.88,76.48
16934400.00,1089382089629.72,-979799984235.92,-20435405910.66,6991.09,6937.38,77.87
17357760.00,1092337025671.89,-976864346866.22,-20402149187.27,6968.13,6930.86,79.24
17781120.00,1095282151386.17,-973931470975.95,-20368319468.27,6944.74,6924.33,80.58
18204480.00,1098217284457.23,-971001361344.73,-20333927978.09,6920.92,6917.79,81.89
18627840.00,1101142242581.24,-968074022958.90,-20298985958.02,6896.67,6911.24,83.18
19051200.00,1104056843297.19,-965149461055.23,-20263504674.57,6871.99,6904.67,84.44
19474560.00,1106960903805.08,-962227681117.90,-20227495431.53,6846.87,6898.10,85.67
19897920.00,1109854240793.79,-959308688844.82,-20190969582.44,6821.33,6891.50,86.88
20321280.00,1112736670280.06,-956392490097.94,-20153938542.64,6795.34,6884.90,88.06
20744640.00,1115608007459.99,-953479090841.91,-20116413800.40,6768.92,6878.28,89.21
21168000.00,1118468066582.92,-950568497086.26,-20078406924.92,6742.06,6871.64,90.34
21591360.00,1121316660818.02,-947660714911.33,-20039929569.56,6714.76,6865.00,91.44
22014720.00,1124153602009.18,-944755750487.26,-20000993488.65,6687.01,6858.33,92.51
22438080.00,1126978700511.70,-941853609897.81,-19961610557.42,6658.81,6851.66,93.55
22861440.00,1129791765101.62,-938954299083.19,-19921792774.84,6630.15,6844.96,94.56
23284800.00,1132592602797.65,-936057823856.12,-19881552271.42,6601.04,6838.26,95.54
23708160.00,1135381018643.26,-933164189872.26,-19840901324.65,6571.47,6831.54,96.50
24131520.00,1138156815494.23,-930273402555.13,-19799852376.50,6541.42,6824.81,97.42
24554880.00,1140919793817.36,-927385467001.05,-19758418050.43,6510.91,6818.07,98.32
24978240.00,1143669751494.49,-924500387873.09,-19716611168.23,6479.91,6811.32,99.18
25401600.00,1146406483630.43,-921618169285.43,-19674444766.69,6448.42,6804.56,100.02
25824960.00,1149129782367.21,-918738814680.70,-19631932113.73,6416.44,6797.79,100.82
26248320.00,1151839436706.60,-915862326719.19,-19589086722.43,6383.96,6791.02,101.59
26671680.00,1154535232292.30,-912988707239.51,-19545922362.48,6350.97,6784.24,102.32
27095040.00,1157216951083.83,-910117957161.84,-19502453088.01,6317.46,6777.46,103.03
27518400.00,1159884371167.40,-907250076203.53,-19458693265.57,6283.41,6770.68,103.70
27941760.00,1162537266605.81,-904385062749.93,-19414657583.78,6248.83,6763.91,104.33
28365120.00,1165175407161.86,-901522913771.14,-19370361071.70,6213.71,6757.15,104.93
28788480.00,1167798557992.62,-898663624662.93,-19325819125.76,6178.02,6750.40,105.49
29211840.00,1170406479357.58,-895807189036.62,-19281047538.65,6141.75,6743.67,106.01
29635200.00,1172998926337.83,-892953598483.06,-19236062528.23,6104.91,6736.97,106.50
30058560.00,1175575648557.26,-890102842320.29,-19190880766.63,6067.46,6730.29,106.94
30481920.00,1178136389898.29,-887254907324.99,-19145519410.40,6029.40,6723.64,107.35
30905280.00,1180680888214.98,-884409777440.95,-19099996131.86,5990.72,6717.04,107.71
