0.00,4419406731289.38,-660085966495.24,-75063744841.38,1348.57,5842.22,-0.02
424800.00,4419980065804.58,-657604669819.78,-75066386134.77,1350.72,5839.92,-12.48
849600.00,4420554277997.98,-655124395732.57,-75074349277.08,1352.70,5837.41,-25.08
1274400.00,4421129289652.83,-652645233155.97,-75087691745.45,1354.49,5834.69,-37.81
1699200.00,4421705019558.18,-650167272234.07,-75106469019.07,1356.08,5831.75,-50.66
2124000.00,4422281383479.54,-647690604281.71,-75130734437.44,1357.47,5828.60,-63.64
2548800.00,4422858294145.30,-645215321720.90,-75160539057.99,1358.65,5825.23,-76.74
2973600.00,4423435661224.30,-642741518018.67,-75195931499.23,1359.62,5821.63,-89.95
3398400.00,4424013391321.79,-640269287617.56,-75236957805.39,1360.36,5817.82,-103.27
3823200.00,4424591387980.06,-637798725852.90,-75283661283.80,1360.87,5813.78,-116.68
4248000.00,4425169551672.51,-635329928875.56,-75336082341.03,1361.14,5809.51,-130.18
4672800.00,4425747779819.01,-632862993566.49,-75394258350.78,1361.17,5805.01,-143.77
5097600.00,4426325966811.26,-630398017433.73,-75458223483.87,1360.95,5800.28,-157.44
5522400.00,4426904004036.80,-627935098511.06,-75528008543.06,1360.46,5795.32,-171.17
5947200.00,4427481779897.37,-625474335261.11,-75603640804.32,1359.71,5790.13,-184.97
6372000.00,4428059179867.94,-623015826459.71,-75685143887.00,1358.69,5784.71,-198.81
6796800.00,4428636086550.05,-620559671069.60,-75772537577.59,1357.39,5779.05,-212.70
7221600.00,4429212379735.44,-618105968114.50,-75865837677.40,1355.80,5773.16,-226.62
7646400.00,4429787936461.78,-615654816552.19,-75965055829.86,1353.92,5767.04,-240.56
8071200.00,4430362631088.26,-613206315147.74,-76070199406.85,1351.74,5760.68,-254.51
8496000.00,4430936335410.78,-610760562320.64,-76181271364.94,1349.26,5754.10,-268.47
8920800.00,4431508918750.06,-608317655997.27,-76298270094.53,1346.46,5747.28,-282.42
9345600.00,4432080248075.56,-605877693454.95,-76421189284.83,1343.35,5740.24,-296.34
9770400.00,4432650188110.36,-603440771166.03,-76550017770.75,1339.92,5732.97,-310.24
10195200.00,4433218601450.71,-601006984647.92,-76684739438.13,1336.16,5725.47,-324.09
10620000.00,4433785348724.76,-598576428300.33,-76825333137.77,1332.07,5717.76,-337.88
11044800.00,4434350288756.87,-596149195222.83,-76971772552.74,1327.65,5709.83,-351.61
11469600.00,4434913278716.84,-593725377055.02,-77124026126.10,1322.89,5701.68,-365.25
11894400.00,4435474174311.71,-591305063791.28,-77282056949.82,1317.79,5693.33,-378.80
12319200.00,4436032829949.33,-588888343607.46,-77445822677.86,1312.34,5684.77,-392.25
12744000.00,4436589098917.24,-586475302694.88,-77615275482.87,1306.55,5676.00,-405.58
13168800.00,4437142833585.23,-584066025095.52,-77790362037.59,1300.41,5667.05,-418.77
13593600.00,4437693885643.96,-581660592516.19,-77971023475.05,1293.92,5657.90,-431.82
14018400.00,4438242106297.67,-579259084154.96,-78157195354.90,1287.08,5648.57,-444.71
14443200.00,4438787346505.67,-576861576536.66,-78348807678.89,1279.88,5639.07,-457.43
14868000.00,4439329457219.18,-574468143326.86,-78545784861.08,1272.34,5629.39,-469.97
15292800.00,4439868289602.33,-572078855168.42,-78748045748.52,1264.45,5619.55,-482.30
15717600.00,4440403695261.31,-569693779527.88,-78955503670.90,1256.21,5609.56,-494.43
16142400.00,4440935526480.24,-567312980553.56,-79168066518.13,1247.62,5599.42,-506.34
16567200.00,4441463636489.53,-564936518933.37,-79385636834.76,1238.69,5589.14,-518.01
16992000.00,4441987879722.17,-562564451730.42,-79608111872.94,1229.41,5578.73,-529.43
17416800.00,4442508112038.87,-560196832275.62,-79835383729.97,1219.80,5568.20,-540.59
17841600.00,4443024191013.41,-557833710025.34,-80067339452.59,1209.86,5557.56,-551.47
18266400.00,4443535976178.10,-555475130432.17,-80303861151.98,1199.59,5546.81,-562.08
18691200.00,4444043329260.89,-553121134837.77,-80544826153.81,1188.99,5535.98,-572.39
19116000.00,4444546114418.78,-550771760379.94,-80790107168.66,1178.08,5525.06,-582.40
19540800.00,4445044198463.18,-548427039916.97,-81039572483.70,1166.86,5514.07,-592.09
19965600.00,4445537451087.62,-546087001974.83,-81293086184.89,1155.33,5503.01,-601.46
20390400.00,4446025745131.05,-543751670668.19,-81550508358.18,1143.51,5491.91,-610.49
20815200.00,4446508956756.83,-541421065650.51,-81811695294.08,1131.41,5480.76,-619.18
21240000.00,4446986965675.43,-539095202097.16,-82076499748.45,1119.02,5469.59,-627.52
21664800.00,4447459655368.07,-536774090656.38,-82344771163.70,1106.36,5458.39,-635.50
22089600.00,4447926913273.31,-534457737428.14,-82616355910.19,1093.45,5447.19,-643.11
22514400.00,4448388630959.28,-532146143962.62,-82891097543.17,1080.28,5435.98,-650.36
22939200.00,4448844704282.48,-529839307273.73,-83168837068.85,1066.87,5424.79,-657.23
23364000.00,4449295033529.93,-527537219868.79,-83449413217.69,1053.24,5413.63,-663.71
23788800.00,4449739523539.33,-525239869802.38,-83732662729.49,1039.38,5402.49,-669.81
24213600.00,4450178083829.71,-522947240750.88,-84018420659.15,1025.32,5391.40,-675.52
24638400.00,4450610628742.14,-520659312035.46,-84306520632.50,1011.06,5380.36,-680.84
25063200.00,4451037077485.77,-518376058722.85,-84596795131.43,996.62,5369.39,-685.76
25488000.00,4451457354247.16,-516097451715.34,-84889075793.18,982.01,5358.49,-690.28
25912800.00,4451871388273.30,-513823457826.97,-85183193681.69,967.23,5347.67,-694.40
26337600.00,4452279113924.32,-511554039880.27,-85478979559.83,952.31,5336.95,-698.13
26762400.00,4452680470708.44,-509289156816.32,-85776264160.70,937.25,5326.32,-701.46
27187200.00,4453075403301.11,-507028763815.00,-86074878454.62,922.06,5315.81,-704.39
27612000.00,4453463861548.21,-504772812423.61,-86374653909.86,906.77,5305.41,-706.92
28036800.00,4453845800449.83,-502521250695.39,-86675422745.22,891.37,5295.15,-709.07
28461600.00,4454221180117.24,-500274023349.51,-86977018177.72,875.89,5285.01,-710.82
28886400.00,4454589965746.57,-498031071944.31,-87279274683.71,860.33,5275.02,-712.18
29311200.00,4454952127603.49,-495792334982.83,-87582028208.74,844.70,5265.17,-713.16
29736000.00,4455307640918.15,-493557748096.74,-87885116378.43,829.03,5255.48,-713.75
30160800.00,4455656485833.17,-491327244216.22,-88188378726.10,813.31,5245.95,-713.97
30585600.00,4455998647338.92,-489100753720.11,-88491656891.31,797.56,5236.58,-713.83
31010400.00,4456334115187.79,-486878204592.34,-88794794804.23,781.80,5227.39,-713.31
