0.00,630727103511.86,-367511292135.12,-19461473409.95,7871.86,13485.28,0.00
426082.00,634073565159.62,-361772370127.59,-19454118080.94,7835.36,13452.64,34.34
852164.00,637403421005.78,-356047594267.33,-19432367538.56,7793.95,13418.89,67.58
1278246.00,640714630691.98,-350337414002.73,-19396685194.57,7747.88,13384.14,99.74
1704328.00,644005259281.93,-344642239758.74,-19347521346.77,7697.39,13348.47,130.86
2130410.00,647273469763.27,-338962450489.89,-19285313214.82,7642.69,13311.94,160.97
2556492.00,650517515786.15,-333298400206.97,-19210485156.08,7583.99,13274.60,190.10
2982574.00,653735734771.86,-327650423689.97,-19123448950.17,7521.49,13236.49,218.28
3408656.00,656926541304.62,-322018841360.60,-19024604226.43,7455.35,13197.65,245.54
3834738.00,660088420777.23,-316403963554.48,-18914338953.00,7385.73,13158.09,271.89
4260820.00,663219923368.50,-310806094205.89,-18793029983.22,7312.78,13117.81,297.38
4686902.00,666319658200.39,-305225534007.25,-18661043678.28,7236.64,13076.84,322.02
5112984.00,669386287756.45,-299662583196.06,-18518736546.17,7157.41,13035.16,345.83
5539066.00,672418522506.85,-294117543896.89,-18366455949.92,7075.21,12992.76,368.83
5965148.00,675415115664.16,-288590722186.22,-18204540828.12,6990.12,12949.64,391.05
6391230.00,678374858148.86,-283082429858.12,-18033322450.67,6902.25,12905.78,412.51
6817312.00,681296573629.24,-277592985898.44,-17853125226.70,6811.64,12861.17,433.20
7243394.00,684179113677.34,-272122717804.77,-17664267510.19,6718.37,12815.77,453.16
7669476.00,687021353011.80,-266671962634.87,-17467062467.82,6622.48,12769.57,472.39
8095558.00,689822184735.44,-261241067910.92,-17261818971.67,6524.01,12722.54,490.89
8521640.00,692580515641.72,-255830392363.82,-17048842526.76,6422.99,12674.66,508.69
8947722.00,695295261460.36,-250440306473.75,-16828436259.95,6319.42,12625.89,525.77
9373804.00,697965342061.59,-245071192925.70,-16600901940.81,6213.33,12576.21,542.14
9799886.00,700589676608.88,-239723446852.92,-16366541083.71,6104.69,12525.59,557.81
10225968.00,703167178535.52,-234397475965.24,-16125656103.50,5993.50,12473.99,572.77
10652050.00,705696750422.66,-229093700525.47,-15878551553.51,5879.71,12421.40,587.00
11078132.00,708177278651.05,-223812553100.52,-15625535470.83,5763.28,12367.77,600.51
11504214.00,710607627804.45,-218554478202.78,-15366920804.76,5644.16,12313.09,613.28
11930296.00,712986634831.24,-213319931645.76,-15103026990.21,5522.27,12257.33,625.29
12356378.00,715313102809.00,-208109379680.03,-14834181655.36,5397.53,12200.46,636.52
12782460.00,717585794370.82,-202923297864.42,-14560722491.87,5269.83,12142.47,646.94
13208542.00,719803424657.29,-197762169527.45,-14282999326.44,5139.05,12083.33,656.53
13634624.00,721964653731.86,-192626483900.95,-14001376398.82,5005.06,12023.04,665.24
14060706.00,724068078471.14,-187516733694.71,-13716234908.69,4867.70,11961.59,673.04
14486788.00,726112223714.34,-182433412106.09,-13427975844.33,4726.78,11898.99,679.87
14912870.00,728095532726.14,-177377009141.76,-13137023151.37,4582.10,11835.24,685.67
15338952.00,730016356823.18,-172348006985.98,-12843827297.95,4433.43,11770.37,690.38
15765034.00,731872944025.91,-167346874414.71,-12548869274.78,4280.53,11704.43,693.93
16191116.00,733663426785.00,-162374059841.35,-12252665120.57,4123.09,11637.46,696.22
16617198.00,735385808515.71,-157429982798.88,-11955771033.45,3960.81,11569.55,697.15
17043280.00,737037948987.35,-152515023561.71,-11658789161.09,3793.32,11500.80,696.61
17469362.00,738617548467.36,-147629510305.10,-11362374165.25,3620.24,11431.36,694.46
17895444.00,740122130473.83,-142773703497.93,-11067240669.45,3441.12,11361.40,690.57
18321526.00,741549023342.75,-137947776708.15,-10774171705.22,3255.49,11291.15,684.74
18747608.00,742895340433.95,-133151793089.86,-10484028282.04,3062.81,11220.90,676.80
19173690.00,744157959296.39,-128385676695.62,-10197760217.96,2862.51,11151.02,666.51
19599772.00,745333500152.55,-123649177216.09,-9916418325.96,2653.96,11081.97,653.63
20025854.00,746418303994.56,-118941827023.16,-9641168107.24,2436.48,11014.30,637.87
20451936.00,747408411522.65,-114262888676.73,-9373304968.44,2209.34,10948.73,618.90
20878018.00,748299543959.95,-109611290911.50,-9114270964.81,1971.77,10886.13,596.36
21304100.00,749087087773.33,-104985551111.28,-8865672980.10,1722.97,10827.55,569.84
21730182.00,749766086395.51,-100383681462.45,-8629301907.79,1462.13,10774.32,538.89
22156264.00,750331242561.95,-95803076445.63,-8407152301.83,1188.47,10728.03,503.00
22582346.00,750776937419.91,-91240379216.69,-8201441285.83,901.28,10690.62,461.63
23008428.00,751097273865.25,-86691324818.00,-8014624949.55,599.97,10664.42,414.21
23434510.00,751286154220.91,-82150560196.95,-7849409584.09,284.20,10652.21,360.14
23860592.00,751337406020.41,-77611443074.54,-7708753444.61,-46.01,10657.27,298.84
24286674.00,751244971176.48,-73065826544.98,-7595853715.08,-390.11,10683.39,229.77
24712756.00,751003177345.48,-68503843940.36,-7514110846.23,-746.80,10734.85,152.53
25138838.00,750607109930.46,-63913718222.26,-7467060552.82,-1113.78,10816.30,66.92
25564920.00,750053097838.72,-59281634793.66,-7458263187.58,-1487.46,10932.60,-26.97
25991002.00,749339315963.03,-54591733037.49,-7491139263.88,-1862.73,11088.43,-128.56
26417084.00,748466482834.72,-49826285532.47,-7568744517.65,-2232.75,11287.78,-236.67
26843166.00,747438596301.31,-44966141308.71,-7693486708.70,-2588.99,11533.20,-349.43
27269248.00,746263605311.20,-39991495252.00,-7866800470.80,-2921.51,11825.07,-464.15
27695330.00,744953869703.66,-34882999805.93,-8088818351.59,-3219.69,12160.76,-577.42
28121412.00,743526238995.68,-29623157136.83,-8358095802.05,-3473.29,12534.17,-685.30
28547494.00,742001609846.06,-24197825565.62,-8671459108.58,-3673.79,12935.69,-783.69
28973576.00,740403912455.65,-18597585563.04,-9024036438.80,-3815.66,13352.93,-868.79
29399658.00,738758618626.72,-12818686524.13,-9409496904.94,-3897.28,13771.94,-937.63
29825740.00,737091006322.19,-6863361536.24,-9820472480.93,-3921.16,14178.85,-988.36
30251822.00,735424488911.60,-739448137.58,-10249088452.57,-3893.41,14561.45,-1020.45
30677904.00,733779291974.36,5540572844.98,-10687504043.63,-3822.67,14910.30,-1034.56
31103986.00,732171647522.66,11960889166.50,-11128374879.67,-3718.83,15219.24,-1032.30
