0.00,969576363544.75,-1130439941877.21,-15515310609.47,5071.76,7000.53,-0.07
423360.00,971728868560.99,-1127460165846.87,-15519411097.96,5097.40,7076.20,-19.32
846720.00,973892605464.48,-1124449075431.77,-15531511781.68,5124.78,7148.45,-37.85
1270080.00,976068247100.41,-1121408115713.51,-15551304292.47,5153.61,7217.30,-55.65
1693440.00,978256349193.34,-1118338710741.38,-15578473395.51,5183.61,7282.81,-72.69
2116800.00,980457359291.80,-1115242255604.09,-15612700074.40,5214.55,7345.08,-88.98
2540160.00,982671625276.78,-1112120110252.85,-15653664021.31,5246.20,7404.17,-104.52
2963520.00,984899404213.73,-1108973594367.86,-15701046030.27,5278.36,7460.20,-119.30
3386880.00,987140870801.79,-1105803983443.34,-15754529939.03,5310.84,7513.27,-133.34
3810240.00,989396125868.91,-1102612506249.35,-15813804230.47,5343.47,7563.50,-146.65
4233600.00,991665203644.35,-1099400343187.51,-15878563141.10,5376.12,7611.00,-159.25
4656960.00,993948079347.57,-1096168624991.11,-15948507941.37,5408.63,7655.88,-171.15
5080320.00,996244675820.62,-1092918432530.66,-16023347649.61,5440.91,7698.27,-182.37
5503680.00,998554870042.28,-1089650796796.58,-16102799778.99,5472.85,7738.29,-192.94
5927040.00,1000878498947.04,-1086366699879.30,-16186590687.14,5504.36,7776.04,-202.87
6350400.00,1003215364227.99,-1083067075968.81,-16274455723.03,5535.37,7811.64,-212.18
6773760.00,1005565237377.72,-1079752812294.83,-16366139598.42,5565.80,7845.21,-220.91
7197120.00,1007927864081.52,-1076424750857.54,-16461396432.44,5595.61,7876.83,-229.06
7620480.00,1010302967925.55,-1073083689887.18,-16559989704.34,5624.73,7906.62,-236.67
8043840.00,1012690254183.22,-1069730385610.83,-16661692245.61,5653.15,7934.67,-243.75
8467200.00,1015089412756.98,-1066365554297.33,-16766285986.70,5680.81,7961.08,-250.33
8890560.00,1017500120616.01,-1062989874002.00,-16873561677.94,5707.70,7985.93,-256.42
9313920.00,1019922044399.19,-1059603986142.09,-16983318764.45,5733.79,8009.30,-262.05
9737280.00,1022354842876.97,-1056208497469.77,-17095365213.53,5759.06,8031.29,-267.23
10160640.00,1024798168559.18,-1052803981935.44,-17209517144.35,5783.51,8051.95,-272.00
10584000.00,1027251669495.48,-1049390982254.25,-17325598591.59,5807.12,8071.37,-276.35
11007360.00,1029714990883.59,-1045970011756.37,-17443441227.66,5829.90,8089.61,-280.32
11430720.00,1032187776145.31,-1042541556136.64,-17562883994.08,5851.83,8106.73,-283.91
11854080.00,1034669667832.33,-1039106074920.13,-17683772757.24,5872.91,8122.80,-287.15
12277440.00,1037160308656.55,-1035664002787.65,-17805960048.55,5893.15,8137.87,-290.04
12700800.00,1039659342582.05,-1032215751030.88,-17929304840.67,5912.56,8152.00,-292.62
13124160.00,1042166415529.80,-1028761709105.40,-18053672251.21,5931.13,8165.23,-294.87
13547520.00,1044681175750.77,-1025302245824.99,-18178933215.66,5948.87,8177.61,-296.84
13970880.00,1047203274534.80,-1021837710505.62,-18304964256.89,5965.79,8189.19,-298.51
14394240.00,1049732366696.49,-1018368434267.61,-18431647224.11,5981.90,8200.01,-299.92
14817600.00,1052268110774.73,-1014894731174.32,-18558869003.49,5997.21,8210.10,-301.06
15240960.00,1054810169200.46,-1011416899177.22,-18686521252.28,6011.73,8219.52,-301.95
15664320.00,1057358208564.75,-1007935220973.87,-18814500175.01,6025.46,8228.28,-302.60
16087680.00,1059911899957.15,-1004449964903.44,-18942706327.98,6038.42,8236.42,-303.02
16511040.00,1062470919234.55,-1000961385904.97,-19071044424.35,6050.63,8243.97,-303.23
16934400.00,1065034947065.50,-997469726426.41,-19199423120.56,6062.08,8250.97,-303.22
17357760.00,1067603668861.63,-993975217080.24,-19327754803.27,6072.80,8257.44,-303.00
17781120.00,1070176774984.34,-990478077304.87,-19455955419.61,6082.79,8263.40,-302.60
18204480.00,1072753960832.39,-986978516155.81,-19583944304.58,6092.07,8268.88,-302.00
18627840.00,1075334926733.01,-983476732967.57,-19711643999.04,6100.65,8273.90,-301.23
19051200.00,1077919377832.54,-979972917881.49,-19838980080.56,6108.53,8278.48,-300.29
19474560.00,1080507024068.19,-976467252319.07,-19965881012.59,6115.74,8282.64,-299.17
19897920.00,1083097580204.33,-972959909472.61,-20092278007.94,6122.27,8286.40,-297.90
20321280.00,1085690765869.52,-969451054831.30,-20218104899.14,6128.16,8289.78,-296.48
20744640.00,1088286305539.58,-965940846714.29,-20343298011.02,6133.39,8292.80,-294.91
21168000.00,1090883928433.26,-962429436761.82,-20467796035.39,6138.00,8295.46,-293.20
21591360.00,1093483368327.02,-958916970294.55,-20591539910.96,6141.97,8297.79,-291.35
22014720.00,1096084363518.50,-955403586601.64,-20714472712.32,6145.34,8299.79,-289.37
22438080.00,1098686656862.80,-951889419388.27,-20836539543.95,6148.10,8301.49,-287.26
22861440.00,1101289995620.82,-948374597176.08,-20957687437.88,6150.28,8302.89,-285.02
23284800.00,1103894131274.55,-944859243582.18,-21077865257.95,6151.87,8304.00,-282.67
23708160.00,1106498819402.39,-941343477548.88,-21197023610.70,6152.88,8304.83,-280.21
24131520.00,1109103819616.45,-937827413583.71,-21315114760.67,6153.34,8305.41,-277.63
24554880.00,1111708895521.82,-934311162028.42,-21432092548.18,6153.24,8305.72,-274.95
24978240.00,1114313814664.61,-930794829346.26,-21547912309.42,6152.60,8305.79,-272.16
25401600.00,1116918348451.13,-927278518405.39,-21662530799.61,6151.42,8305.62,-269.27
25824960.00,1119522272035.55,-923762328738.94,-21775906120.75,6149.71,8305.22,-266.29
26248320.00,1122125364174.43,-920246356761.25,-21887997656.18,6147.49,8304.59,-263.21
26671680.00,1124727407072.51,-916730695902.97,-21998766012.62,6144.75,8303.75,-260.04
27095040.00,1127328186349.30,-913215436752.59,-22108172955.52,6141.52,8302.69,-256.78
27518400.00,1129927491013.57,-909700667330.60,-22216181339.46,6137.78,8301.43,-253.43
27941760.00,1132525113296.98,-906186473288.15,-22322755055.69,6133.57,8299.97,-250.00
28365120.00,1135120848494.36,-902672938012.87,-22427858987.38,6128.87,8298.32,-246.49
28788480.00,1137714494860.94,-899160142723.35,-22531458963.50,6123.70,8296.48,-242.89
29211840.00,1140305853548.16,-895648166586.55,-22633521709.68,6118.06,8294.45,-239.22
29635200.00,1142894728549.01,-892137086862.42,-22734014797.34,6111.96,8292.24,-235.48
30058560.00,1145480926631.61,-888626979061.79,-22832906593.76,6105.41,8289.86,-231.66
30481920.00,1148064257255.59,-885117917099.40,-22930166214.88,6098.41,8287.30,-227.77
30905280.00,1150644532475.90,-881609973436.01,-23025763481.38,6090.97,8284.57,-223.81
