0.00,664773889729.96,-400627680889.89,-486793015.11,5853.69,10136.30,-0.07
100000.00,665357813202.66,-399613129496.71,-487092105.38,5824.05,10155.20,-6.05
200000.00,665938775828.84,-398596686944.66,-487987958.78,5794.47,10174.13,-12.01
300000.00,666516783015.74,-397578350524.44,-489478439.92,5764.94,10193.08,-17.94
400000.00,667091840144.21,-396558117584.32,-491561405.18,5735.47,10212.06,-23.86
500000.00,667663952569.45,-395535985529.89,-494234702.11,5706.05,10231.06,-29.75
600000.00,668233125620.51,-394511951823.91,-497496169.70,5676.68,10250.09,-35.62
700000.00,668799364599.96,-393486013985.74,-501343638.75,5647.37,10269.15,-41.47
800000.00,669362674783.44,-392458169590.44,-505774932.49,5618.11,10288.22,-47.30
900000.00,669923061419.90,-391428416267.61,-510787866.89,5588.90,10307.32,-53.10
1000000.00,670480529731.98,-390396751701.14,-516380250.24,5559.74,10326.45,-58.89
1100000.00,671035084915.60,-389363173629.08,-522549883.45,5530.64,10345.60,-64.65
1200000.00,671586732139.27,-388327679842.38,-529294560.96,5501.59,10364.76,-70.39
1300000.00,672135476544.71,-387290268183.50,-536612070.88,5472.58,10383.95,-76.10
1400000.00,672681323247.95,-386250936546.55,-544500194.09,5443.63,10403.16,-81.80
1500000.00,673224277338.98,-385209682877.87,-552956703.89,5414.73,10422.39,-87.47
1600000.00,673764343880.41,-384166505175.58,-561979367.07,5385.88,10441.64,-93.12
1700000.00,674301527906.90,-383121401487.93,-571565944.96,5357.08,10460.91,-98.75
1800000.00,674835834425.60,-382074369911.87,-581714193.76,5328.34,10480.20,-104.35
1900000.00,675367268417.03,-381025408592.52,-592421864.11,5299.64,10499.51,-109.94
2000000.00,675895834835.48,-379974515723.37,-603686700.55,5270.98,10518.83,-115.50
2100000.00,676421538608.56,-378921689546.23,-615506441.70,5242.38,10538.18,-121.03
2200000.00,676944384636.56,-377866928350.45,-627878820.93,5213.83,10557.53,-126.55
2300000.00,677464377792.48,-376810230471.88,-640801566.77,5185.33,10576.91,-132.04
2400000.00,677981522922.32,-375751594292.18,-654272403.01,5156.87,10596.30,-137.51
2500000.00,678495824845.50,-374691018238.46,-668289048.46,5128.46,10615.71,-142.96
2600000.00,679007288354.76,-373628500783.18,-682849216.87,5100.10,10635.13,-148.38
2700000.00,679515918215.77,-372564040443.82,-697950617.19,5071.79,10654.57,-153.78
2800000.00,680021719166.59,-371497635781.96,-713590954.25,5043.53,10674.02,-159.16
2900000.00,680524695917.66,-370429285402.18,-729767929.23,5015.31,10693.48,-164.51
3000000.00,681024853152.34,-369358987951.14,-746479239.74,4987.14,10712.96,-169.84
3100000.00,681522195527.48,-368286742117.21,-763722579.49,4959.01,10732.45,-175.15
3200000.00,682016727673.71,-367212546630.52,-781495637.98,4930.93,10751.95,-180.44
3300000.00,682508454195.26,-366136400262.97,-799796100.46,4902.90,10771.47,-185.70
3400000.00,682997379669.39,-365058301827.70,-818621648.41,4874.92,10790.99,-190.94
3500000.00,683483508646.16,-363978250178.27,-837969959.97,4846.97,10810.53,-196.15
3600000.00,683966845648.41,-362896244207.79,-857838710.35,4819.08,10830.08,-201.35
3700000.00,684447395171.91,-361812282848.19,-878225571.96,4791.22,10849.64,-206.52
3800000.00,684925161685.56,-360726365069.53,-899128214.59,4763.42,10869.21,-211.66
3900000.00,685400149631.83,-359638489879.45,-920544305.34,4735.65,10888.79,-216.78
4000000.00,685872363427.06,-358548656322.96,-942471508.36,4707.94,10908.38,-221.88
4100000.00,686341807461.57,-357456863482.32,-964907484.79,4680.26,10927.97,-226.96
4200000.00,686808486099.38,-356363110476.78,-987849892.86,4652.63,10947.58,-232.01
4300000.00,687272403677.98,-355267396461.96,-1011296388.23,4625.04,10967.19,-237.04
4400000.00,687733564508.17,-354169720629.07,-1035244624.36,4597.49,10986.82,-242.05
4500000.00,688191972874.25,-353070082204.17,-1059692252.74,4569.99,11006.45,-247.03
4600000.00,688647633034.27,-351968480447.59,-1084636922.96,4542.53,11026.08,-251.99
4700000.00,689100549220.26,-350864914653.46,-1110076282.64,4515.11,11045.73,-256.92
4800000.00,689550725638.25,-349759384149.38,-1136007977.55,4487.74,11065.38,-261.83
4900000.00,689998166468.37,-348651888295.84,-1162429651.69,4460.40,11085.03,-266.72
