0.00,977867617272.53,-1119197790910.81,-19314972651.31,16429.01,8386.12,-10.33
432000.00,980338447816.99,-1116296282007.94,-19430306334.50,10824.83,-2229.80,4344.87
864000.00,983965789694.35,-1113149046121.75,-19543268663.80,1730.23,12669.02,-3372.79
1296000.00,986040730279.54,-1110661115169.83,-19496625966.28,6941.62,-2641.81,4185.41
1728000.00,989507237621.08,-1108296869622.23,-19255165006.33,14808.24,8413.51,-140.29
2160000.00,992764312108.80,-1105217271914.57,-19358418583.62,9012.75,13146.36,-2861.48
2592000.00,995662385739.19,-1102162850305.23,-19479439730.48,4650.61,13020.39,-3209.79
3024000.00,998499698033.18,-1099265045214.46,-19529872747.96,3096.54,12380.68,-3053.31
3456000.00,1001394452293.27,-1096495970357.40,-19510590200.45,3718.96,12517.12,-3045.48
3888000.00,1004306732083.40,-1093859355101.97,-19424124150.11,6162.20,12916.74,-2986.72
4320000.00,1007092490431.21,-1091344518893.90,-19289021595.13,9932.64,12185.42,-2280.24
4752000.00,1009572636907.81,-1088809704349.77,-19187206225.09,13517.56,8682.12,-317.20
5184000.00,1011774558553.00,-1085878980686.16,-19289383050.56,12484.03,1671.31,2821.46
5616000.00,1014478852894.65,-1082299931402.09,-19637669898.45,1862.07,-133.16,2658.89
6048000.00,1018145694240.00,-1079201110132.33,-19669004075.76,58.72,9373.97,-1878.00
6480000.00,1021298155648.86,-1077052757765.16,-19307132860.48,8391.76,12321.55,-2436.71
6912000.00,1023255897237.61,-1074643051564.61,-19173631839.25,13579.31,5100.31,1389.46
7344000.00,1025678454931.38,-1070765433079.60,-19667319302.13,1142.97,723.18,2240.44
7776000.00,1029631155191.05,-1067934763928.96,-19530164976.71,3235.85,11723.07,-2616.09
8208000.00,1031982006249.78,-1066013190499.63,-19120751874.85,12828.20,8597.80,-260.90
8640000.00,1033854332845.27,-1062241758120.69,-19603569403.29,3089.55,-225.72,2893.96
9072000.00,1037966733009.17,-1059255671352.25,-19509303594.67,3553.41,11772.03,-2576.40
9504000.00,1040022049178.45,-1057359003047.23,-19102225546.06,13146.72,6813.88,621.71
9936000.00,1042413452721.30,-1053138558325.18,-19729115293.57,-462.44,3312.65,962.78
10368000.00,1046265779493.97,-1050983438610.35,-19263176823.84,7952.17,12064.23,-2265.09
10800000.00,1047510595419.79,-1048201114882.91,-19326153185.91,9542.65,526.28,3209.45
11232000.00,1051528623384.46,-1044410668670.59,-19588424298.50,1927.46,10804.06,-2229.69
11664000.00,1053616243847.39,-1042714508124.86,-19063262000.15,12846.24,6751.97,672.55
12096000.00,1056294503869.21,-1038276356402.89,-19740386137.53,-804.70,6199.00,-343.12
12528000.00,1059566741545.80,-1036617267871.10,-19077835854.79,10887.83,10379.94,-1162.76
12960000.00,1061118759200.21,-1032571166249.08,-19670041755.81,895.84,1641.91,1940.31
13392000.00,1065196875016.50,-1030334523291.60,-19191024579.77,8269.53,11792.50,-2036.09
13824000.00,1066228668165.01,-1026988700123.22,-19498776722.18,4870.11,-122.46,3139.74
14256000.00,1070595122864.71,-1024083113229.44,-19292155134.60,6316.87,12065.94,-2322.13
14688000.00,1071527047207.25,-1021258464237.56,-19360357452.91,7632.85,204.52,3266.20
15120000.00,1075895040834.50,-1017916235723.04,-19345217859.95,5272.86,11996.24,-2365.45
15552000.00,1076817418778.86,-1015323193719.25,-19298982446.10,8547.41,641.43,3168.64
15984000.00,1081168973310.87,-1011842683676.81,-19340291686.73,5142.99,11963.13,-2340.75
16416000.00,1082027861099.42,-1009199942453.60,-19313280134.91,7995.72,519.66,3194.89
16848000.00,1086420560963.29,-1005852702920.87,-19282691202.31,5752.64,11999.56,-2288.99
17280000.00,1087188879397.81,-1002914605739.22,-19386916944.17,6201.75,228.66,3179.75
17712000.00,1091611454809.46,-999951115090.42,-19171733332.94,7113.41,11902.28,-2090.76
18144000.00,1092433977096.97,-996406613640.94,-19539369529.00,2800.03,790.68,2638.70
18576000.00,1096646928757.82,-994104180715.46,-19030929114.26,8957.35,11260.54,-1612.46
19008000.00,1097939769300.31,-989849805098.38,-19673789046.42,-236.14,3661.70,1072.23
19440000.00,1101435932703.95,-988223992581.66,-18909289649.43,10846.07,9637.17,-679.44
19872000.00,1103676470071.96,-983515396906.30,-19667714926.84,-428.30,7847.63,-840.97
20304000.00,1105956219767.80,-982129347447.16,-18893417233.49,11897.46,6631.43,806.52
20736000.00,1109341257199.22,-977543908081.57,-19485119987.63,2091.67,10911.34,-2002.34
21168000.00,1110342259624.11,-975554629652.19,-19090379590.54,9876.99,2220.51,2670.93
21600000.00,1114644404196.02,-971868888009.27,-19181451997.61,5834.61,11964.47,-2138.97
22032000.00,1115268501120.97,-968394989343.12,-19491117715.73,2585.46,1107.44,2567.71
22464000.00,1119362067311.11,-966233450116.98,-18892762387.91,9566.26,10685.41,-1208.19
22896000.00,1121161299134.90,-961553137049.47,-19644259787.68,-665.42,7179.71,-471.63
23328000.00,1123487308406.99,-960190846498.26,-18826408783.61,11637.05,6641.87,835.67
23760000.00,1126980794540.54,-955627151245.52,-19369178183.87,2926.27,11397.83,-2072.81
24192000.00,1127577613978.93,-953153787580.28,-19198433172.85,7140.33,972.03,3064.95
24624000.00,1131963639012.47,-950136919219.84,-18949540223.78,7860.64,11548.37,-1702.33
25056000.00,1133155923013.71,-945702127431.67,-19616662253.63,-734.51,5338.86,418.00
25488000.00,1135954676221.35,-944307114602.99,-18752174697.03,11314.88,7694.84,372.37
25920000.00,1139201486098.18,-939612486893.06,-19355920207.29,2523.14,11268.60,-1995.58
26352000.00,1139738085263.99,-937157557412.80,-19158314383.10,6892.04,1100.11,3029.30
26784000.00,1144082407671.84,-934225545779.36,-18856230073.68,8225.11,11330.28,-1524.80
27216000.00,1145524834719.17,-929566256976.25,-19581344352.92,-796.41,7012.32,-294.56
27648000.00,1147663629804.44,-928207318988.31,-18736499022.23,11188.93,6020.33,1166.82
28080000.00,1151419866662.79,-923816677330.65,-19137725256.42,4460.13,11901.15,-2070.18
28512000.00,1151805829348.72,-920337164035.06,-19398873972.87,1891.23,1757.72,2360.18
28944000.00,1155586366928.99,-918406732872.05,-18666596815.71,10139.93,9649.13,-553.41
29376000.00,1158177975446.13,-913511786894.90,-19382916881.61,1316.74,10609.75,-1709.91
29808000.00,1158785288046.07,-911349107293.59,-19010487973.78,7689.88,1708.83,2891.46
30240000.00,1163087541658.77,-908255044139.81,-18754761448.58,8101.84,11302.05,-1447.67
30672000.00,1164652439274.73,-903458494116.47,-19498497741.42,-535.51,8243.75,-753.86
31104000.00,1166153265832.25,-901971725155.43,-18731697826.10,10351.24,4379.99,1918.30
