0.00,645698206876.22,-368475148737.93,-19387386521.06,9087.33,11608.74,0.00
7200.00,645763628652.43,-368391571771.18,-19387382811.17,9085.38,11607.09,1.03
14400.00,645829036386.23,-368308006682.42,-19387371682.79,9083.43,11605.44,2.06
21600.00,645894430058.50,-368224453466.98,-19387353137.82,9081.48,11603.79,3.09
28800.00,645959809650.20,-368140912120.15,-19387327178.19,9079.52,11602.14,4.12
36000.00,646025175142.26,-368057382637.25,-19387293805.83,9077.56,11600.49,5.15
43200.00,646090526515.64,-367973865013.54,-19387253022.66,9075.60,11598.85,6.18
50400.00,646155863751.30,-367890359244.31,-19387204830.61,9073.63,11597.20,7.21
57600.00,646221186830.23,-367806865324.81,-19387149231.64,9071.66,11595.55,8.24
64800.00,646286495733.43,-367723383250.30,-19387086227.68,9069.69,11593.91,9.27
72000.00,646351790441.89,-367639913016.01,-19387015820.69,9067.72,11592.26,10.29
79200.00,646417070936.66,-367556454617.17,-19386938012.63,9065.75,11590.62,11.32
86400.00,646482337198.75,-367473008049.00,-19386852805.44,9063.77,11588.98,12.35
93600.00,646547589209.22,-367389573306.69,-19386760201.11,9061.79,11587.34,13.38
100800.00,646612826949.14,-367306150385.44,-19386660201.59,9059.80,11585.70,14.40
108000.00,646678050399.59,-367222739280.43,-19386552808.87,9057.82,11584.05,15.43
115200.00,646743259541.64,-367139339986.82,-19386438024.93,9055.83,11582.41,16.46
122400.00,646808454356.41,-367055952499.78,-19386315851.74,9053.84,11580.77,17.48
129600.00,646873634825.01,-366972576814.44,-19386186291.31,9051.84,11579.14,18.51
136800.00,646938800928.57,-366889212925.94,-19386049345.63,9049.85,11577.50,19.53
144000.00,647003952648.23,-366805860829.40,-19385905016.71,9047.85,11575.86,20.56
151200.00,647069089965.15,-366722520519.93,-19385753306.54,9045.85,11574.22,21.58
158400.00,647134212860.51,-366639191992.62,-19385594217.14,9043.84,11572.59,22.61
165600.00,647199321315.48,-366555875242.56,-19385427750.52,9041.84,11570.95,23.63
172800.00,647264415311.26,-366472570264.83,-19385253908.72,9039.83,11569.32,24.66
180000.00,647329494829.06,-366389277054.48,-19385072693.75,9037.81,11567.68,25.68
187200.00,647394559850.12,-366305995606.57,-19384884107.65,9035.80,11566.05,26.71
194400.00,647459610355.66,-366222725916.14,-19384688152.45,9033.78,11564.42,27.73
201600.00,647524646326.93,-366139467978.21,-19384484830.19,9031.76,11562.79,28.75
208800.00,647589667745.21,-366056221787.80,-19384274142.93,9029.74,11561.15,29.77
216000.00,647654674591.77,-365972987339.92,-19384056092.72,9027.71,11559.52,30.80
223200.00,647719666847.89,-365889764629.56,-19383830681.60,9025.69,11557.89,31.82
230400.00,647784644494.88,-365806553651.69,-19383597911.65,9023.66,11556.26,32.84
237600.00,647849607514.08,-365723354401.29,-19383357784.94,9021.62,11554.64,33.86
244800.00,647914555886.79,-365640166873.32,-19383110303.53,9019.59,11553.01,34.88
252000.00,647979489594.38,-365556991062.71,-19382855469.50,9017.55,11551.38,35.90
259200.00,648044408618.20,-365473826964.42,-19382593284.94,9015.51,11549.75,36.93
266400.00,648109312939.62,-365390674573.35,-19382323751.93,9013.47,11548.13,37.95
273600.00,648174202540.03,-365307533884.43,-19382046872.56,9011.42,11546.50,38.97
280800.00,648239077400.83,-365224404892.56,-19381762648.94,9009.37,11544.88,39.99
288000.00,648303937503.43,-365141287592.61,-19381471083.17,9007.32,11543.26,41.01
295200.00,648368782829.25,-365058181979.48,-19381172177.35,9005.27,11541.63,42.03
302400.00,648433613359.75,-364975088048.02,-19380865933.59,9003.21,11540.01,43.04
309600.00,648498429076.37,-364892005793.09,-19380552354.02,9001.15,11538.39,44.06
316800.00,648563229960.58,-364808935209.55,-19380231440.76,8999.09,11536.77,45.08
324000.00,648628015993.87,-364725876292.21,-19379903195.94,8997.03,11535.15,46.10
331200.00,648692787157.73,-364642829035.90,-19379567621.68,8994.96,11533.53,47.12
338400.00,648757543433.67,-364559793435.45,-19379224720.12,8992.89,11531.91,48.13
345600.00,648822284803.21,-364476769485.64,-19378874493.40,8990.82,11530.29,49.15
352800.00,648887011247.89,-364393757181.26,-19378516943.68,8988.75,11528.68,50.17
360000.00,648951722749.25,-364310756517.11,-19378152073.09,8986.67,11527.06,51.19
367200.00,649016419288.86,-364227767487.94,-19377779883.79,8984.59,11525.45,52.20
374400.00,649081100848.29,-364144790088.52,-19377400377.95,8982.51,11523.83,53.22
381600.00,649145767409.13,-364061824313.59,-19377013557.72,8980.42,11522.22,54.23
388800.00,649210418952.99,-363978870157.89,-19376619425.28,8978.34,11520.60,55.25
396000.00,649275055461.47,-363895927616.15,-19376217982.80,8976.25,11518.99,56.26
403200.00,649339676916.21,-363812996683.07,-19375809232.45,8974.15,11517.38,57.28
410400.00,649404283298.86,-363730077353.37,-19375393176.43,8972.06,11515.77,58.29
417600.00,649468874591.05,-363647169621.73,-19374969816.91,8969.96,11514.16,59.31
424800.00,649533450774.47,-363564273482.85,-19374539156.08,8967.86,11512.55,60.32
432000.00,649598011830.79,-363481388931.39,-19374101196.15,8965.76,11510.94,61.34
439200.00,649662557741.70,-363398515962.02,-19373655939.31,8963.66,11509.33,62.35
446400.00,649727088488.92,-363315654569.39,-19373203387.77,8961.55,11507.72,63.36
453600.00,649791604054.16,-363232804748.13,-19372743543.74,8959.44,11506.12,64.37
460800.00,649856104419.15,-363149966492.87,-19372276409.44,8957.33,11504.51,65.39
468000.00,649920589565.65,-363067139798.24,-19371801987.08,8955.21,11502.90,66.40
475200.00,649985059475.40,-362984324658.83,-19371320278.88,8953.09,11501.30,67.41
482400.00,650049514130.19,-362901521069.26,-19370831287.08,8950.97,11499.70,68.42
489600.00,650113953511.80,-362818729024.10,-19370335013.91,8948.85,11498.09,69.43
496800.00,650178377602.03,-362735948517.93,-19369831461.60,8946.73,11496.49,70.44
504000.00,650242786382.68,-362653179545.31,-19369320632.41,8944.60,11494.89,71.45
511200.00,650307179835.59,-362570422100.81,-19368802528.56,8942.47,11493.29,72.46
518400.00,650371557942.58,-362487676178.96,-19368277152.33,8940.34,11491.69,73.47
