0.00,630741292427.33,-402669599584.05,-9256836296.97,4290.96,12730.92,-621.48
432000.00,632590992387.54,-397137489028.37,-9529155989.19,4272.86,12880.31,-639.06
864000.00,634433432620.34,-391541985968.11,-9808729236.29,4257.29,13024.39,-655.06
1296000.00,636269629208.02,-385885383305.11,-10094882499.91,4243.91,13163.16,-669.52
1728000.00,638100450156.14,-380169968342.52,-10386957488.67,4232.36,13296.66,-682.48
2160000.00,639926625596.86,-374398016699.49,-10684312134.17,4222.35,13424.90,-693.96
2592000.00,641748757311.71,-368571787430.82,-10986321237.53,4213.60,13547.93,-704.03
3024000.00,643567327844.84,-362693519236.36,-11292376908.51,4205.83,13665.81,-712.70
3456000.00,645382708886.44,-356765427365.37,-11601888812.06,4198.79,13778.59,-720.03
3888000.00,647195169179.66,-350789701353.62,-11914284285.28,4192.27,13886.33,-726.05
4320000.00,649004881741.62,-344768503181.78,-12229008341.20,4186.04,13989.10,-730.81
4752000.00,650811930594.10,-338703965983.45,-12545523595.12,4179.91,14086.97,-734.35
5184000.00,652616316894.05,-332598192894.45,-12863310140.95,4173.68,14180.01,-736.70
5616000.00,654417964654.44,-326453256439.18,-13181865395.84,4167.20,14268.28,-737.91
6048000.00,656216725927.76,-320271197709.58,-13500703917.12,4160.29,14351.87,-738.01
6480000.00,658012385718.42,-314054025990.17,-13819357221.54,4152.81,14430.84,-737.05
6912000.00,659804666382.95,-307803718327.03,-14137373593.69,4144.62,14505.27,-735.07
7344000.00,661593231833.69,-301522218997.71,-14454317899.81,4135.59,14575.24,-732.09
7776000.00,663377691473.21,-295211439301.91,-14769771420.60,4125.59,14640.83,-728.17
8208000.00,665157603910.96,-288873256944.01,-15083331671.04,4114.52,14702.10,-723.33
8640000.00,666932480402.21,-282509515911.89,-15394612254.52,4102.26,14759.15,-717.62
9072000.00,668701788152.35,-276122025718.07,-15703242695.23,4088.72,14812.05,-711.07
9504000.00,670464953759.04,-269712561214.61,-16008868288.97,4073.80,14860.89,-703.71
9936000.00,672221366118.10,-263282862006.24,-16311149955.06,4057.43,14905.73,-695.59
10368000.00,673970379585.76,-256834632052.95,-16609764077.53,4039.53,14946.68,-686.74
10800000.00,675711316908.10,-250369539170.21,-16904402343.87,4020.03,14983.80,-677.19
11232000.00,677443472205.45,-243889214651.13,-17194771567.21,3998.86,15017.20,-666.97
11664000.00,679166113850.07,-237395252832.93,-17480593493.57,3975.97,15046.94,-656.14
12096000.00,680878487338.46,-230889210874.93,-17761604592.26,3951.31,15073.12,-644.71
12528000.00,682579817913.52,-224372608320.17,-18037555855.79,3924.83,15095.84,-632.72
12960000.00,684269313669.79,-217846926968.24,-18308212485.46,3896.50,15115.16,-620.20
13392000.00,685946167966.97,-211313610877.70,-18573353672.48,3866.29,15131.19,-607.18
13824000.00,687609562198.66,-204774066128.43,-18832772271.22,3834.18,15144.00,-593.71
14256000.00,689258668470.47,-198229661144.08,-19086274447.16,3800.14,15153.69,-579.80
14688000.00,690892651868.62,-191681726719.39,-19333679382.37,3764.16,15160.34,-565.48
15120000.00,692510673181.77,-185131556320.74,-19574818823.84,3726.23,15164.05,-550.79
15552000.00,694111891150.59,-178580406710.15,-19809536688.07,3686.36,15164.88,-535.76
15984000.00,695695464516.12,-172029498268.96,-20037688694.20,3644.54,15162.93,-520.40
16416000.00,697260554376.29,-165480015703.20,-20259141844.92,3600.78,15158.29,-504.75
16848000.00,698806326039.26,-158933108849.68,-20473773992.55,3555.10,15151.01,-488.82
17280000.00,700331950872.61,-152389893422.49,-20681473367.91,3507.50,15141.20,-472.65
17712000.00,701836608097.33,-145851452028.86,-20882138054.78,3458.02,15128.92,-456.26
18144000.00,703319486271.45,-139318835160.26,-21075675516.10,3406.67,15114.24,-439.66
18576000.00,704779784760.54,-132793062333.86,-21262002065.73,3353.49,15097.23,-422.88
19008000.00,706216714877.71,-126275123193.74,-21441042406.53,3298.49,15077.97,-405.93
19440000.00,707629501110.00,-119765978704.52,-21612729083.40,3241.71,15056.52,-388.84
19872000.00,709017382078.83,-113266562538.07,-21777001952.25,3183.18,15032.94,-371.61
20304000.00,710379611171.55,-106777782340.86,-21933807735.67,3122.95,15007.28,-354.27
20736000.00,711715457224.43,-100300520877.25,-22083099558.46,3061.04,14979.61,-336.82
21168000.00,713024205215.35,-93835637608.87,-22224836354.06,2997.50,14949.98,-319.29
21600000.00,714305156320.92,-87383970048.91,-22358982487.59,2932.35,14918.43,-301.68
22032000.00,715557628171.17,-80946334878.80,-22485507345.85,2865.65,14885.02,-284.01
22464000.00,716780955125.64,-74523529522.90,-22604384777.81,2797.42,14849.78,-266.28
22896000.00,717974487979.17,-68116333584.32,-22715592717.08,2727.71,14812.75,-248.50
23328000.00,719137593681.91,-61725509868.50,-22819112893.39,2656.56,14773.98,-230.69
23760000.00,720269655310.20,-55351805809.78,-22914930335.20,2583.99,14733.49,-212.84
24192000.00,721370071515.43,-48995954955.40,-23003032981.66,2510.05,14691.32,-194.97
24624000.00,722438255844.15,-42658678023.40,-23083411442.52,2434.77,14647.50,-177.09
25056000.00,723473636239.44,-36340684090.58,-23156058651.98,2358.18,14602.05,-159.18
25488000.00,724475654343.53,-30042671984.53,-23220969486.85,2280.32,14554.99,-141.27
25920000.00,725443764456.60,-23765331377.28,-23278140557.50,2201.20,14506.35,-123.35
26352000.00,726377432692.35,-17509343719.70,-23327569994.58,2120.87,14456.13,-105.43
26784000.00,727276136086.45,-11275383532.27,-23369257105.24,2039.33,14404.36,-87.51
27216000.00,728139361336.25,-5064119469.11,-23403202184.62,1956.61,14351.05,-69.59
27648000.00,728966603632.79,1123784809.20,-23429406364.01,1872.74,14296.21,-51.67
28080000.00,729757365461.58,7287669554.98,-23447871377.56,1787.72,14239.85,-33.76
28512000.00,730511155152.59,13426877957.70,-23458599407.55,1701.57,14181.97,-15.85
28944000.00,731227485396.92,19540755379.92,-23461593001.71,1614.30,14122.57,2.05
29376000.00,731905871818.55,25628648512.63,-23456854940.29,1525.90,14061.66,19.94
29808000.00,732545831366.24,31689904423.97,-23444388082.44,1436.39,13999.25,37.83
30240000.00,733146880478.51,37723869835.40,-23424195329.18,1345.76,13935.31,55.71
30672000.00,733708533339.10,43729890560.30,-23396279629.57,1253.99,13869.87,73.59
31104000.00,734230300096.15,49707310664.22,-23360643867.83,1161.09,13802.90,91.45
