0.00,650479007042.56,-392213963599.86,-18502615944.57,8480.28,14349.05,0.04
432000.00,654067429934.17,-385957970831.17,-18461970951.70,8127.24,14608.52,188.76
864000.00,657496490905.03,-379597274404.69,-18339259577.75,7742.82,14833.08,379.59
1296000.00,660753117226.71,-373147860453.62,-18134093396.32,7329.37,15018.53,570.05
1728000.00,663825396852.30,-366627528981.77,-17847217099.13,6889.93,15160.70,757.39
2160000.00,666702899604.07,-360055849310.21,-17480635054.88,6428.32,15255.59,938.53
2592000.00,669377036912.90,-353454052243.60,-17037732553.52,5949.27,15299.53,1110.14
3024000.00,671841453519.29,-346844847303.88,-16523385628.29,5458.41,15289.39,1268.67
3456000.00,674092437763.63,-340252145940.69,-15944047571.91,4962.34,15222.78,1410.39
3888000.00,676129331843.51,-333700682889.06,-15307799740.69,4468.58,15098.32,1531.50
4320000.00,677954917362.83,-327215522069.04,-14624352972.81,3985.52,14915.90,1628.29
4752000.00,679575742534.72,-320821451515.90,-13904984535.05,3522.18,14676.96,1697.24
5184000.00,681002356943.30,-314542269752.26,-13162398689.43,3087.99,14384.68,1735.30
5616000.00,682249409901.54,-308399992382.18,-12410498705.70,2692.45,14044.14,1740.01
6048000.00,683335579093.20,-302414007494.23,-11664067698.27,2344.64,13662.42,1709.78
6480000.00,684283293146.65,-296600238859.86,-10938361108.49,2052.74,13248.47,1644.05
6912000.00,685118236926.92,-290970371250.50,-10248624504.53,1823.57,12812.90,1543.44
7344000.00,685868635860.68,-285531217282.25,-9609563087.51,1662.00,12367.59,1409.85
7776000.00,686564353580.85,-280284282481.79,-9034795611.71,1570.67,11925.13,1246.39
8208000.00,687235848834.49,-275225592792.42,-8536338040.24,1549.69,11498.18,1057.35
8640000.00,687913072458.78,-270345802721.24,-8124152829.65,1596.60,11098.82,847.90
9072000.00,688624387316.51,-265630598189.43,-7805810017.07,1706.55,10737.90,623.89
9504000.00,689395597229.24,-261061350552.93,-7586281203.64,1872.62,10424.46,391.46
9936000.00,690249156307.30,-256615968694.61,-7467881955.31,2086.30,10165.43,156.70
10368000.00,691203608845.76,-252269862059.29,-7450351543.26,2338.10,9965.45,-74.61
10800000.00,692273279305.53,-247996938103.68,-7531056438.56,2618.06,9826.86,-297.28
11232000.00,693468201760.37,-243770549073.69,-7705280268.94,2916.37,9749.92,-506.89
11664000.00,694794258979.85,-239564334391.68,-7966570992.23,3223.68,9733.10,-699.84
12096000.00,696253479730.76,-235352913748.25,-8307105437.22,3531.53,9773.46,-873.36
12528000.00,697844445502.08,-231112419444.18,-8718047703.62,3832.46,9866.99,-1025.52
12960000.00,699562749324.40,-226820867993.57,-9189875385.07,4120.09,10009.03,-1155.08
13392000.00,701401471349.41,-222458387320.66,-9712668323.11,4389.15,10194.53,-1261.41
13824000.00,703351632712.59,-218007321607.69,-10276348164.34,4635.37,10418.30,-1344.38
14256000.00,705402615881.01,-213452238986.06,-10870870147.08,4855.41,10675.26,-1404.25
14688000.00,707542526853.76,-208779874134.26,-11486363320.26,5046.69,10960.49,-1441.56
15120000.00,709758502925.40,-203979027034.33,-12113230999.98,5207.27,11269.34,-1457.03
15552000.00,712036954764.41,-199040443777.06,-12742216669.73,5335.72,11597.47,-1451.51
15984000.00,714363760339.76,-193956684136.45,-13364445933.81,5430.97,11940.81,-1425.90
16416000.00,716724408437.37,-188721998134.85,-13971449137.53,5492.27,12295.60,-1381.17
16848000.00,719104105056.58,-183332211359.05,-14555170832.46,5519.06,12658.30,-1318.27
17280000.00,721487845936.09,-177784634052.47,-15107972478.81,5510.92,13025.57,-1238.17
17712000.00,723860466010.31,-172077987527.92,-15622631161.69,5467.51,13394.21,-1141.84
18144000.00,726206672284.81,-166212359380.28,-16092340434.28,5388.58,13761.08,-1030.23
18576000.00,728511065988.69,-160189180507.62,-16510714476.45,5273.89,14123.09,-904.34
19008000.00,730758163521.52,-154011229696.96,-16871801009.11,5123.28,14477.08,-765.18
19440000.00,732932419997.99,-147682660301.72,-17170102665.05,4936.64,14819.84,-613.85
19872000.00,735018264545.18,-141209049914.50,-17400611806.88,4713.96,15147.99,-451.53
20304000.00,737000152409.96,-134597467852.56,-17558858057.20,4455.38,15457.98,-279.53
20736000.00,738862642680.42,-127856559130.32,-17640974010.70,4161.26,15746.07,-99.33
21168000.00,740590505859.04,-120996635323.21,-17643774826.05,3832.23,16008.29,87.37
21600000.00,742168873593.04,-114029767620.47,-17564857488.32,3469.34,16240.46,278.65
22032000.00,743583429358.11,-106969872508.08,-17402715517.45,3074.13,16438.22,472.28
22464000.00,744820653201.22,-99832772392.25,-17156867219.10,2648.77,16597.12,665.73
22896000.00,745868119682.06,-92636224414.62,-16827997747.24,2196.17,16712.69,856.13
23328000.00,746714847574.38,-85399892566.89,-16418101708.44,1720.13,16780.59,1040.29
23760000.00,747351701090.79,-78145248507.02,-15930623959.18,1225.40,16796.82,1214.69
24192000.00,747771828392.03,-70895377797.51,-15370583989.74,717.82,16757.95,1375.57
24624000.00,747971121496.11,-63674679289.57,-14744670957.26,204.25,16661.39,1518.99
25056000.00,747948665118.69,-56508440905.26,-14061288485.30,-307.40,16505.67,1640.97
25488000.00,747707151957.30,-49422282836.83,-13330542048.44,-808.37,16290.75,1737.63
25920000.00,747253213005.90,-42441487132.88,-12564144193.29,-1289.24,16018.28,1805.45
26352000.00,746597624677.92,-35590220354.32,-11775231137.69,-1740.30,15691.81,1841.41
26784000.00,745755353514.85,-28890692216.37,-10978084590.88,-2151.93,15316.86,1843.26
27216000.00,744745402589.50,-22362296560.88,-10187761394.98,-2515.14,14900.92,1809.68
27648000.00,743590448553.49,-16020799855.34,-9419645419.76,-2822.02,14453.25,1740.50
28080000.00,742316256601.58,-9877639730.37,-8688945104.05,-3066.24,13984.57,1636.72
28512000.00,740950912592.78,-3939386399.43,-8010165821.96,-3243.45,13506.61,1500.58
28944000.00,739523907579.36,1792566610.87,-7396598659.67,-3351.53,13031.51,1335.45
29376000.00,738065134433.61,7322069544.85,-6859857258.11,-3390.73,12571.30,1145.69
29808000.00,736603871969.64,12658022341.31,-6409501065.75,-3363.64,12137.25,936.41
30240000.00,735167819539.29,17813949314.73,-6052762153.30,-3274.94,11739.41,713.23
30672000.00,733782255467.78,22807376157.41,-5794394876.20,-3131.08,11386.20,481.95
31104000.00,732469358206.93,27659059290.26,-5636654236.36,-2939.89,11084.13,248.30
