0.00,4424679811435.84,-662919919608.78,-88295623021.05,2452.12,-1760.18,-0.08
426082.00,4425177258239.58,-660602285015.61,-88341307138.06,1605.03,15132.20,-820.35
852164.00,4425332934871.22,-658261266963.20,-88298847953.52,-1749.63,-2055.98,1121.93
1278246.00,4425726340982.08,-656077171227.81,-88309512182.19,7708.59,4306.06,-1759.22
1704328.00,4426149976361.45,-653704226146.65,-88340066967.80,2958.12,14516.22,-1139.84
2130410.00,4426429623903.46,-651296578027.62,-88335153835.72,-8088.20,10541.28,2012.53
2556492.00,4426685650279.23,-648981844529.14,-88318564429.99,-8185.54,3236.33,2488.82
2982574.00,4426987969004.62,-646682364510.79,-88313496081.70,-7262.00,1632.33,2344.64
3408656.00,4427330664785.22,-644369144274.89,-88320191433.59,-8412.96,3980.52,2502.95
3834738.00,4427718058575.20,-642082067176.40,-88337339798.22,-7240.66,11792.11,1712.02
4260820.00,4428064103073.90,-639887062021.32,-88338192890.79,3872.92,13779.02,-1341.23
4686902.00,4428275415090.43,-637643058051.51,-88306807684.64,7392.88,4238.36,-1682.54
5112984.00,4428511827493.74,-635226955819.07,-88292923088.66,-367.11,-1837.45,737.85
5539066.00,4428999666078.38,-632884357475.88,-88341123203.45,-4361.48,14193.63,803.67
5965148.00,4429186092381.46,-630718597708.05,-88299162686.57,6567.86,2437.10,-1357.94
6391230.00,4429543029999.00,-628223379236.38,-88322780577.40,-8646.80,5736.21,2456.15
6817312.00,4429812372276.54,-626110685667.24,-88299990400.59,6781.78,3002.51,-1451.94
7243394.00,4430220739196.30,-623634272331.69,-88336614723.57,-6699.04,12217.75,1542.74
7669476.00,4430365654425.39,-621425053700.67,-88287421831.51,2059.80,-1253.59,56.13
8095558.00,4430804295366.70,-619191135213.41,-88317703526.76,7284.30,8217.92,-1909.96
8521640.00,4431142571273.01,-616716886275.59,-88336531169.36,-6194.86,12680.36,1381.39
8947722.00,4431294856789.47,-614419718943.63,-88295502779.07,-3895.67,-810.13,1603.51
9373804.00,4431583360202.02,-612216895494.24,-88284992488.81,3229.64,-620.09,-295.47
9799886.00,4431935493825.25,-609963482223.66,-88294742144.93,6485.85,2837.97,-1372.25
10225968.00,4432288216957.33,-607663847446.89,-88307786607.25,7317.05,6338.98,-1809.34
10652050.00,4432618758138.83,-605346171796.45,-88316361289.83,7016.46,8689.41,-1875.56
11078132.00,4432924822638.28,-603033385253.78,-88318426715.13,6776.36,9385.50,-1856.00
11504214.00,4433208173527.81,-600732666708.64,-88314007593.56,7038.45,8395.44,-1865.81
11930296.00,4433467493996.88,-598434162211.70,-88303358690.16,7196.27,5924.29,-1756.72
12356378.00,4433706868045.53,-596115305343.23,-88288940075.43,6186.37,2594.71,-1284.68
12782460.00,4433949011404.05,-593751777882.36,-88278282300.43,3029.71,-504.62,-256.13
13208542.00,4434249435220.77,-591341069139.60,-88286295459.17,-3328.14,-839.86,1453.87
13634624.00,4434680474973.60,-588996279184.70,-88325285657.85,-7635.16,10354.63,1910.67
14060706.00,4434990038309.61,-586860452560.40,-88319406259.47,5933.43,10809.32,-1728.16
14486788.00,4435128899475.81,-584554133694.72,-88278861435.77,5021.80,1162.77,-893.24
14912870.00,4435426801049.82,-582073637980.03,-88291634429.12,-5668.01,678.95,1982.19
15338952.00,4435870991274.09,-579902250067.44,-88324644521.35,4169.13,12808.77,-1385.61
15765034.00,4435966344501.30,-577605624210.22,-88272697987.24,3883.96,217.85,-536.09
16191116.00,4436388707312.04,-575132197867.26,-88319066259.44,-7855.49,9653.78,2012.76
16617198.00,4436590877188.68,-573033126949.73,-88283973577.28,6455.95,3720.52,-1440.17
17043280.00,4436885787993.89,-570501232992.80,-88300525462.07,-7834.88,3981.78,2357.05
17469362.00,4437159313786.71,-568415626231.59,-88284209215.88,6593.92,4258.22,-1513.12
17895444.00,4437478194440.85,-565879123626.67,-88308024731.07,-8320.06,6928.74,2306.22
18321526.00,4437662253304.02,-563769624651.20,-88269829450.07,5053.27,1485.92,-933.49
18747608.00,4438122347472.05,-561357330526.64,-88324353536.63,-266.11,14519.43,-313.31
19173690.00,4438177785413.27,-559027667870.13,-88265853611.01,-1251.90,-1087.38,909.50
19599772.00,4438553430767.05,-556865411229.53,-88283009238.11,6720.25,5238.49,-1613.99
20025854.00,4438930350028.60,-554381003301.89,-88320633139.97,-3714.25,13912.96,645.58
20451936.00,4439000220757.84,-552072358615.42,-88265488646.43,-2513.34,-816.24,1229.79
20878018.00,4439303224518.10,-549910810205.54,-88264038953.64,5296.53,1987.55,-1036.31
21304100.00,4439711238526.35,-547592889082.65,-88300669461.32,5972.96,10056.58,-1715.10
21730182.00,4439993635064.81,-545112211549.07,-88313926393.98,-5442.62,12816.43,1177.30
22156264.00,4440105984203.48,-542780651345.81,-88272655002.95,-5581.13,906.89,1946.53
22582346.00,4440320202893.35,-540570162495.82,-88251564832.19,735.31,-855.24,358.59
23008428.00,4440614930986.96,-538337724989.10,-88253733968.77,4513.30,1205.79,-783.72
23434510.00,4440937571128.14,-536059883305.95,-88266490469.12,6311.25,4263.19,-1456.18
23860592.00,4441258102823.54,-533743742268.39,-88281338049.45,6599.80,7475.26,-1732.93
24286674.00,4441561551506.95,-531404946133.63,-88293269663.24,5727.18,10282.80,-1672.35
24712756.00,4441844364744.55,-529061170711.54,-88300245028.40,4280.63,12215.34,-1403.25
25138838.00,4442111580457.26,-526726343340.68,-88302761669.71,3076.23,13167.86,-1138.62
25564920.00,4442369882821.71,-524407860105.04,-88302169069.74,2758.57,13347.65,-1064.67
25991002.00,4442621438280.72,-522106679280.76,-88298978661.83,3446.26,12876.73,-1222.32
26417084.00,4442861911719.69,-519819725650.73,-88292210470.54,4785.87,11573.93,-1505.12
26843166.00,4443084712973.00,-517537383501.87,-88280672333.58,6037.75,9355.30,-1708.27
27269248.00,4443287610059.92,-515244770677.77,-88264671795.45,6514.49,6504.28,-1663.34
27695330.00,4443475696544.83,-512925595534.68,-88246609370.03,5812.93,3437.64,-1286.66
28121412.00,4443667862218.13,-510566106355.28,-88232373020.63,3690.87,732.13,-548.48
28547494.00,4443895628217.57,-508164490167.76,-88230624342.44,-237.66,-776.95,605.48
28973576.00,4444208997851.75,-505752356432.96,-88252972520.22,-6246.17,1815.65,2072.05
29399658.00,4444609286229.02,-503476298614.84,-88290830871.97,-4657.42,13193.24,945.13
29825740.00,4444834717660.90,-501329339903.44,-88273762570.57,5570.46,10162.54,-1639.39
30251822.00,4444942599068.41,-499037405311.29,-88233994909.86,5521.58,3060.10,-1192.63
30677904.00,4445114617825.68,-496599248446.11,-88220826772.46,137.07,-676.10,495.21
31103986.00,4445497192339.63,-494163464292.89,-88264935601.12,-8065.65,6613.98,2275.03
