0.00,2213851910224.13,-4635660611711.21,-144297792716.40,5085.13,1263.79,-0.00
426082.00,2216033692914.55,-4635124582491.10,-144322387782.16,5156.04,1217.83,-142.37
852164.00,2218188316560.90,-4634671126357.06,-144373800649.70,4936.82,1032.41,26.42
1278246.00,2220296787514.97,-4634187304256.28,-144336026976.27,4986.39,1223.23,101.70
1704328.00,2222444330136.59,-4633645814705.95,-144309846474.36,5098.16,1297.43,-0.73
2130410.00,2224631959777.88,-4633126682232.38,-144356476834.88,5098.79,1049.22,-192.91
2556492.00,2226765240831.06,-4632689393416.42,-144396783086.82,4974.11,1053.78,-31.47
2982574.00,2228883982390.56,-4632230126045.40,-144401632479.12,4973.45,1097.45,1.98
3408656.00,2231004035934.93,-4631756651264.28,-144397856275.46,4978.07,1123.21,14.11
3834738.00,2233126112959.66,-4631274015489.58,-144390450413.69,4982.76,1141.40,20.03
4260820.00,2235250108300.86,-4630784534085.80,-144381150747.99,4987.07,1155.72,23.32
4686902.00,2237375860181.97,-4630289481370.25,-144370777779.75,4991.02,1167.73,25.20
5112984.00,2239503240906.34,-4629789638185.79,-144359797735.20,4994.72,1178.30,26.23
5539066.00,2241632162853.70,-4629285517158.06,-144348511557.94,4998.27,1187.88,26.67
5965148.00,2243762576341.24,-4628777465679.57,-144337135985.53,5001.74,1196.79,26.66
6391230.00,2245894465422.67,-4628265722891.54,-144325843937.70,5005.21,1205.24,26.28
6817312.00,2248027847065.98,-4627750449112.28,-144314787377.10,5008.76,1213.38,25.56
7243394.00,2250162771826.54,-4627231744722.16,-144304113476.77,5012.47,1221.36,24.48
7669476.00,2252299328166.82,-4626709658804.37,-144293976990.56,5016.43,1229.28,23.03
8095558.00,2254437651288.98,-4626184193246.25,-144284555397.28,5020.79,1237.24,21.11
8521640.00,2256577937496.38,-4625655302125.76,-144276066739.89,5025.68,1245.37,18.62
8947722.00,2258720470399.98,-4625122886367.95,-144268799807.30,5031.38,1253.81,15.34
9373804.00,2260865665372.73,-4624586784486.27,-144263163894.62,5038.26,1262.71,10.88
9799886.00,2263014159401.69,-4624046754566.08,-144259791201.87,5047.02,1272.29,4.55
10225968.00,2265166997734.11,-4623502461519.78,-144259769123.77,5058.98,1282.75,-5.24
10652050.00,2267326114469.42,-4622953522033.66,-144265299770.54,5077.27,1293.95,-22.65
11078132.00,2269495839805.53,-4622400312389.73,-144282310576.67,5111.63,1300.27,-64.81
11504214.00,2271683669248.85,-4621863426543.11,-144337010995.62,5116.38,1128.29,-211.16
11930296.00,2273808277423.98,-4621412758334.98,-144381487626.73,4940.25,1082.88,-26.62
12356378.00,2275913556076.70,-4620939603978.17,-144384240956.77,4943.70,1131.19,5.72
12782460.00,2278021332989.53,-4620452006709.55,-144379496811.30,4949.88,1155.50,15.08
13208542.00,2280131481635.29,-4619956089412.62,-144372106088.83,4954.81,1171.38,19.12
13634624.00,2282243494682.62,-4619454365799.78,-144363482369.27,4958.69,1183.19,21.14
14060706.00,2284356994976.40,-4618948145820.15,-144354219628.23,4961.83,1192.68,22.22
14486788.00,2286471712123.58,-4618438216742.04,-144344619049.43,4964.43,1200.70,22.78
14912870.00,2288587448446.25,-4617925095329.53,-144334852801.79,4966.63,1207.72,23.02
15338952.00,2290704054822.16,-4617409143503.04,-144325027823.55,4968.53,1214.02,23.07
15765034.00,2292821416270.70,-4616890625901.41,-144315214752.43,4970.19,1219.79,22.98
16191116.00,2294939442324.51,-4616369743185.25,-144305463019.29,4971.66,1225.14,22.78
16617198.00,2297058060735.88,-4615846651447.22,-144295808683.94,4972.97,1230.17,22.52
17043280.00,2299177213175.86,-4615321474865.58,-144286279404.55,4974.17,1234.94,22.20
17469362.00,2301296852115.43,-4614794313891.79,-144276897087.06,4975.26,1239.49,21.83
17895444.00,2303416938853.64,-4614265250732.65,-144267679951.19,4976.27,1243.87,21.43
18321526.00,2305537441797.48,-4613734353494.49,-144258643690.12,4977.22,1248.10,20.98
18747608.00,2307658335433.58,-4613201678902.70,-144249802426.56,4978.11,1252.22,20.51
19173690.00,2309779599320.83,-4612667274612.21,-144241169303.85,4978.96,1256.23,20.01
19599772.00,2311901217546.48,-4612131180602.62,-144232756923.31,4979.77,1260.15,19.47
20025854.00,2314023178227.08,-4611593430490.33,-144224577820.92,4980.56,1264.00,18.91
20451936.00,2316145473171.44,-4611054052379.11,-144216644700.72,4981.34,1267.79,18.32
20878018.00,2318268097655.14,-4610513069631.59,-144208970819.97,4982.11,1271.54,17.70
21304100.00,2320391050212.77,-4609970501419.76,-144201570130.44,4982.88,1275.24,17.04
21730182.00,2322514332692.40,-4609426363050.51,-144194457647.46,4983.66,1278.91,16.34
22156264.00,2324637950182.38,-4608880666372.14,-144187649675.65,4984.46,1282.55,15.61
22582346.00,2326761911211.74,-4608333419893.93,-144181164173.04,4985.28,1286.18,14.83
23008428.00,2328886227826.10,-4607784629062.50,-144175021076.80,4986.13,1289.80,14.00
23434510.00,2331010915952.35,-4607234296193.61,-144169242684.69,4987.02,1293.42,13.11
23860592.00,2333135995783.41,-4606682420554.52,-144163854254.16,4987.97,1297.05,12.17
24286674.00,2335261492318.41,-4606128998234.46,-144158884546.49,4988.98,1300.68,11.15
24712756.00,2337387436093.25,-4605574022060.22,-144154366735.41,4990.07,1304.34,10.04
25138838.00,2339513864034.68,-4605017481380.94,-144150339271.91,4991.26,1308.03,8.84
25564920.00,2341640820869.44,-4604459361649.00,-144146847364.52,4992.56,1311.76,7.53
25991002.00,2343768360659.29,-4603899644110.62,-144143944678.38,4994.00,1315.53,6.07
26417084.00,2345896549251.22,-4603338305105.85,-144141695887.12,4995.61,1319.37,4.45
26843166.00,2348025467209.72,-4602775315554.69,-144140180018.17,4997.43,1323.28,2.63
27269248.00,2350155214457.68,-4602210639781.02,-144139495334.67,4999.51,1327.29,0.54
27695330.00,2352285916706.86,-4601644234570.53,-144139766861.98,5001.92,1331.40,-1.88
28121412.00,2354417735311.90,-4601076047634.66,-144141157594.32,5004.77,1335.65,-4.74
28547494.00,2356550882635.93,-4600506016520.88,-144143887347.82,5008.19,1340.06,-8.20
28973576.00,2358685647226.03,-4599934067796.06,-144148264055.49,5012.41,1344.66,-12.52
29399658.00,2360822439652.04,-4599360119232.13,-144154744096.96,5017.79,1349.45,-18.17
29825740.00,2362961879079.39,-4598784094053.62,-144164054374.43,5024.98,1354.38,-26.01
30251822.00,2365104986059.58,-4598205982779.21,-144177488727.14,5035.31,1359.14,-38.01
30677904.00,2367253669922.46,-4597626156070.52,-144197786496.46,5052.01,1361.77,-59.86
31103986.00,2369412244475.41,-4597047840306.67,-144233080472.88,5083.91,1344.21,-117.54
