0.00,-437561467077.84,75112345118.75,-27286786454.20,-1268.17,-17746.24,-352.83
1200.00,-437562988880.55,75091049632.92,-27287209853.12,-1267.37,-17746.37,-352.78
2400.00,-437564509727.19,75069753983.87,-27287633192.21,-1266.58,-17746.51,-352.73
3600.00,-437566029617.74,75048458171.65,-27288056471.46,-1265.78,-17746.65,-352.68
4800.00,-437567548552.19,75027162196.30,-27288479690.88,-1264.98,-17746.78,-352.63
6000.00,-437569066530.52,75005866057.87,-27288902850.45,-1264.19,-17746.92,-352.58
7200.00,-437570583552.71,74984569756.41,-27289325950.19,-1263.39,-17747.05,-352.53
8400.00,-437572099618.76,74963273291.95,-27289748990.08,-1262.59,-17747.19,-352.48
9600.00,-437573614728.63,74941976664.54,-27290171970.14,-1261.79,-17747.33,-352.43
10800.00,-437575128882.31,74920679874.23,-27290594890.34,-1261.00,-17747.46,-352.38
12000.00,-437576642079.80,74899382921.05,-27291017750.70,-1260.20,-17747.60,-352.33
13200.00,-437578154321.06,74878085805.06,-27291440551.21,-1259.40,-17747.73,-352.28
14400.00,-437579665606.09,74856788526.30,-27291863291.87,-1258.61,-17747.87,-352.23
15600.00,-437581175934.86,74835491084.81,-27292285972.68,-1257.81,-17748.00,-352.18
16800.00,-437582685307.36,74814193480.63,-27292708593.64,-1257.01,-17748.14,-352.13
18000.00,-437584193723.58,74792895713.82,-27293131154.73,-1256.22,-17748.27,-352.08
19200.00,-437585701183.50,74771597784.41,-27293553655.97,-1255.42,-17748.41,-352.03
20400.00,-437587207687.10,74750299692.45,-27293976097.36,-1254.62,-17748.55,-351.98
21600.00,-437588713234.36,74729001437.99,-27294398478.88,-1253.83,-17748.68,-351.93
22800.00,-437590217825.27,74707703021.07,-27294820800.53,-1253.03,-17748.82,-351.88
24000.00,-437591721459.81,74686404441.73,-27295243062.33,-1252.23,-17748.95,-351.83
25200.00,-437593224137.96,74665105700.01,-27295665264.26,-1251.43,-17749.09,-351.79
26400.00,-437594725859.72,74643806795.97,-27296087406.31,-1250.64,-17749.22,-351.74
27600.00,-437596226625.05,74622507729.65,-27296509488.50,-1249.84,-17749.36,-351.69
28800.00,-437597726433.95,74601208501.08,-27296931510.82,-1249.04,-17749.49,-351.64
30000.00,-437599225286.40,74579909110.32,-27297353473.26,-1248.25,-17749.63,-351.59
31200.00,-437600723182.38,74558609557.41,-27297775375.83,-1247.45,-17749.76,-351.54
32400.00,-437602220121.87,74537309842.39,-27298197218.53,-1246.65,-17749.90,-351.49
33600.00,-437603716104.86,74516009965.31,-27298619001.34,-1245.86,-17750.03,-351.44
34800.00,-437605211131.34,74494709926.22,-27299040724.27,-1245.06,-17750.17,-351.39
36000.00,-437606705201.28,74473409725.15,-27299462387.32,-1244.26,-17750.30,-351.34
37200.00,-437608198314.66,74452109362.15,-27299883990.49,-1243.46,-17750.44,-351.29
38400.00,-437609690471.48,74430808837.27,-27300305533.77,-1242.67,-17750.57,-351.24
39600.00,-437611181671.72,74409508150.55,-27300727017.17,-1241.87,-17750.71,-351.19
40800.00,-437612671915.36,74388207302.03,-27301148440.67,-1241.07,-17750.84,-351.14
42000.00,-437614161202.37,74366906291.76,-27301569804.29,-1240.28,-17750.98,-351.09
43200.00,-437615649532.76,74345605119.78,-27301991108.01,-1239.48,-17751.11,-351.04
44400.00,-437617136906.49,74324303786.15,-27302412351.83,-1238.68,-17751.25,-350.99
45600.00,-437618623323.55,74303002290.89,-27302833535.76,-1237.88,-17751.38,-350.94
46800.00,-437620108783.93,74281700634.06,-27303254659.80,-1237.09,-17751.52,-350.89
48000.00,-437621593287.61,74260398815.70,-27303675723.93,-1236.29,-17751.65,-350.84
49200.00,-437623076834.58,74239096835.86,-27304096728.16,-1235.49,-17751.78,-350.79
50400.00,-437624559424.81,74217794694.58,-27304517672.49,-1234.69,-17751.92,-350.74
51600.00,-437626041058.29,74196492391.90,-27304938556.91,-1233.90,-17752.05,-350.69
52800.00,-437627521735.00,74175189927.87,-27305359381.43,-1233.10,-17752.19,-350.64
54000.00,-437629001454.93,74153887302.53,-27305780146.04,-1232.30,-17752.32,-350.59
55200.00,-437630480218.06,74132584515.93,-27306200850.73,-1231.51,-17752.46,-350.54
56400.00,-437631958024.38,74111281568.12,-27306621495.52,-1230.71,-17752.59,-350.49
57600.00,-437633434873.86,74089978459.13,-27307042080.39,-1229.91,-17752.73,-350.44
58800.00,-437634910766.49,74068675189.00,-27307462605.35,-1229.11,-17752.86,-350.39
60000.00,-437636385702.26,74047371757.80,-27307883070.39,-1228.32,-17752.99,-350.34
61200.00,-437637859681.14,74026068165.55,-27308303475.51,-1227.52,-17753.13,-350.29
62400.00,-437639332703.13,74004764412.31,-27308723820.70,-1226.72,-17753.26,-350.24
63600.00,-437640804768.20,73983460498.12,-27309144105.98,-1225.92,-17753.40,-350.19
64800.00,-437642275876.34,73962156423.02,-27309564331.33,-1225.13,-17753.53,-350.14
66000.00,-437643746027.53,73940852187.06,-27309984496.76,-1224.33,-17753.66,-350.09
67200.00,-437645215221.75,73919547790.27,-27310404602.26,-1223.53,-17753.80,-350.04
68400.00,-437646683459.00,73898243232.72,-27310824647.83,-1222.73,-17753.93,-349.99
69600.00,-437648150739.24,73876938514.44,-27311244633.46,-1221.94,-17754.07,-349.94
70800.00,-437649617062.47,73855633635.47,-27311664559.17,-1221.14,-17754.20,-349.89
72000.00,-437651082428.67,73834328595.86,-27312084424.94,-1220.34,-17754.33,-349.84
73200.00,-437652546837.82,73813023395.65,-27312504230.77,-1219.54,-17754.47,-349.79
74400.00,-437654010289.91,73791718034.89,-27312923976.66,-1218.75,-17754.60,-349.74
75600.00,-437655472784.92,73770412513.63,-27313343662.62,-1217.95,-17754.73,-349.69
76800.00,-437656934322.83,73749106831.90,-27313763288.63,-1217.15,-17754.87,-349.64
78000.00,-437658394903.63,73727800989.76,-27314182854.70,-1216.35,-17755.00,-349.59
79200.00,-437659854527.29,73706494987.24,-27314602360.82,-1215.56,-17755.14,-349.54
80400.00,-437661313193.81,73685188824.39,-27315021807.00,-1214.76,-17755.27,-349.49
81600.00,-437662770903.17,73663882501.26,-27315441193.22,-1213.96,-17755.40,-349.44
82800.00,-437664227655.35,73642576017.88,-27315860519.50,-1213.16,-17755.54,-349.39
84000.00,-437665683450.33,73621269374.31,-27316279785.83,-1212.36,-17755.67,-349.34
85200.00,-437667138288.10,73599962570.59,-27316698992.20,-1211.57,-17755.80,-349.29
