0.00,976581075098.68,-1119637701815.80,-18970782558.99,10173.78,3055.99,-7.78
423360.00,981491427432.05,-1116852139831.44,-19511548393.78,10303.47,11402.05,-2204.95
846720.00,983716793926.15,-1112035552956.11,-19908491831.73,2280.51,8773.67,483.10
1270080.00,984874870439.78,-1109425826866.33,-19464675216.53,3845.40,4151.64,1291.42
1693440.00,987216360377.04,-1108069116207.14,-18992857431.57,7400.82,2717.06,772.95
2116800.00,991202332139.79,-1106630174066.73,-18953260692.31,11344.18,4960.15,-791.93
2540160.00,995914523300.96,-1102996662340.64,-19662276188.45,8429.16,12154.45,-1922.49
2963520.00,997861503444.63,-1098263545804.05,-19963762781.75,2494.16,8859.83,414.67
3386880.00,999015257409.08,-1095404313597.37,-19581905884.80,3432.29,5047.79,1166.70
3810240.00,1000952717942.15,-1093686428340.84,-19100548509.68,5856.75,3341.63,1002.37
4233600.00,1004046143122.21,-1092331002586.10,-18814246968.93,8853.35,3400.47,238.37
4656960.00,1008426014472.75,-1090378274360.13,-19003870667.68,11552.50,6629.44,-1270.95
5080320.00,1012798646154.84,-1086204086446.51,-19765623048.80,7206.31,12301.21,-1648.81
5503680.00,1014597034383.24,-1081530151226.33,-20012086813.51,2642.42,9021.09,341.85
5927040.00,1015755407356.19,-1078455605949.17,-19684659347.90,3194.15,5793.48,1038.80
6350400.00,1017448645692.00,-1076401654031.62,-19226983551.47,4908.74,4099.10,1048.33
6773760.00,1019964494257.54,-1074831680892.76,-18849810776.80,7052.03,3488.48,670.39
7197120.00,1023461549772.36,-1073267064523.70,-18716535280.33,9524.69,4199.79,-131.55
7620480.00,1027954893759.22,-1070892911820.86,-19041455619.27,11313.53,7707.46,-1484.70
8043840.00,1032077435918.38,-1066465039714.90,-19803780467.10,6759.65,12278.71,-1525.02
8467200.00,1033872297149.06,-1061752142978.11,-20056878490.74,2789.84,9413.23,209.27
8890560.00,1035026780031.77,-1058419579561.32,-19792953480.07,2980.46,6551.13,901.27
9313920.00,1036528180172.96,-1056027477143.35,-19372768185.86,4200.45,4896.28,1023.75
9737280.00,1038624996699.77,-1054160239736.33,-18965868401.32,5758.49,4032.54,857.32
10160640.00,1041434964659.31,-1052514283810.72,-18680100379.25,7572.68,3871.22,445.46
10584000.00,1045066145086.19,-1050738023007.44,-18633268442.10,9617.53,4770.16,-297.81
11007360.00,1049502205672.32,-1048159583438.79,-18994693253.24,11002.55,7970.20,-1469.81
11430720.00,1053604280003.28,-1043747384002.41,-19745572699.98,7167.76,12236.52,-1610.65
11854080.00,1055583392641.31,-1038868353728.01,-20085475344.63,3046.11,10139.68,-37.76
12277440.00,1056743427346.39,-1035180590716.90,-19912862365.58,2765.98,7449.50,726.83
12700800.00,1058069601857.58,-1032407847233.91,-19545592199.92,3588.38,5777.07,952.85
13124160.00,1059822101718.39,-1030191644949.27,-19141280286.87,4732.56,4775.43,925.29
13547520.00,1062098160828.08,-1028294819952.30,-18785431431.74,6057.66,4257.55,727.69
13970880.00,1064973724724.19,-1026516757692.49,-18548803574.78,7571.49,4237.90,354.31
14394240.00,1068532631660.81,-1024598730177.68,-18519120384.21,9275.08,5009.15,-270.54
14817600.00,1072789706767.28,-1022045155508.76,-18827873680.15,10657.38,7473.69,-1251.51
15240960.00,1077057279317.85,-1017958016251.49,-19534540978.26,8450.69,11778.63,-1809.22
15664320.00,1079531429484.29,-1012874694902.88,-20049347860.20,3718.42,11244.88,-487.70
16087680.00,1080782484290.57,-1008684653921.28,-20027854577.64,2625.66,8626.35,460.82
16511040.00,1081955503248.08,-1005439273344.22,-19743266526.69,3033.29,6829.13,822.26
16934400.00,1083403844048.92,-1002806167102.40,-19369670623.10,3851.37,5687.39,912.05
17357760.00,1085236037980.21,-1000561768092.63,-18991833245.85,4831.47,4969.77,852.04
17781120.00,1087508606382.86,-998550511239.44,-18663979780.02,5932.80,4582.03,676.67
18204480.00,1090275981753.31,-996632908316.64,-18435689358.35,7175.54,4542.99,376.03
18627840.00,1093604320987.27,-994631954641.35,-18369136663.17,8583.75,5028.75,-101.25
19051200.00,1097545105064.78,-992232655505.22,-18558350833.99,9996.65,6568.19,-851.13
19474560.00,1101877586774.60,-988785471667.46,-19115454766.54,9918.73,10087.67,-1738.30
19897920.00,1105265112432.10,-983844631520.39,-19821078563.52,5602.22,12354.24,-1243.01
20321280.00,1106930275244.74,-978998835772.68,-20071645479.09,2866.12,10270.76,-22.40
20744640.00,1108041291327.54,-975111726192.53,-19936793427.96,2596.04,8206.62,576.63
21168000.00,1109227854522.46,-971945645208.69,-19635184102.50,3073.95,6836.96,809.75
21591360.00,1110673604483.69,-969254773076.33,-19276046063.20,3783.63,5929.67,865.86
22014720.00,1112443796104.95,-966879826887.46,-18916703242.70,4598.70,5329.09,816.67
22438080.00,1114576748030.22,-964707642584.00,-18595875158.80,5498.46,4967.94,684.62
22861440.00,1117110827201.41,-962639407504.66,-18348617055.14,6498.69,4844.95,466.08
23284800.00,1120094611856.89,-960561473487.32,-18216353874.92,7628.49,5038.14,133.71
23708160.00,1123585367710.58,-958298641579.33,-18258503415.96,8884.69,5783.06,-372.25
24131520.00,1127594421462.93,-955509274763.32,-18565819497.14,9955.26,7675.63,-1127.16
24554880.00,1131732124268.54,-951549085977.37,-19206737391.25,8924.65,11213.07,-1780.33
24978240.00,1134624310580.07,-946393257737.03,-19844272403.07,4664.77,12266.05,-987.24
25401600.00,1136072119435.56,-941612787279.33,-20024470033.37,2646.59,10206.94,46.52
25824960.00,1137123091527.56,-937689711728.73,-19885054772.87,2476.98,8423.93,547.28
26248320.00,1138245260084.73,-934393633336.61,-19602277906.76,2875.42,7217.76,757.63
26671680.00,1139581426942.36,-931521947452.68,-19263962160.66,3459.10,6393.21,823.51
27095040.00,1141183639146.77,-928943015225.83,-18916976580.30,4125.02,5821.28,803.86
27518400.00,1143080492265.88,-926565157304.25,-18592049226.77,4850.83,5437.95,720.72
27941760.00,1145298041066.44,-924314183126.91,-18314789243.70,5642.95,5222.74,577.72
28365120.00,1147868282352.21,-922116407359.44,-18112168596.20,6521.74,5195.03,364.77
28788480.00,1150833323319.49,-919878704035.97,-18018678302.13,7512.52,5433.64,55.33
29211840.00,1154242164777.72,-917451833136.72,-18084942928.40,8610.50,6143.23,-402.00
29635200.00,1158106443701.78,-914547037818.54,-18388106791.48,9570.93,7813.95,-1072.05
30058560.00,1162132403381.32,-910615551535.78,-18995881339.82,8927.76,10977.43,-1725.38
30481920.00,1165158282970.23,-905472689552.62,-19665603285.12,5098.04,12588.79,-1183.88
30905280.00,1166713283215.04,-900455778682.24,-19935909299.82,2703.20,10898.34,-151.95
