0.00,974184269337.61,-1119001069967.27,-18720769083.44,6971.21,3241.73,-0.00
426082.00,977401248181.60,-1117575357473.40,-18773849583.37,8120.62,3525.38,-248.58
852164.00,981086088835.11,-1115932266845.78,-18929801794.28,9140.09,4262.34,-477.18
1278246.00,985146004199.69,-1113882584727.28,-19172208024.99,9848.20,5422.60,-647.29
1704328.00,989405438348.47,-1111268216550.48,-19466803263.08,10044.15,6881.52,-714.82
2130410.00,993609999286.88,-1108012420927.11,-19761466741.58,9574.92,8378.41,-643.44
2556492.00,997470599359.93,-1104175521927.00,-19994594637.98,8450.82,9544.92,-429.40
2982574.00,1000752880140.44,-1099973275171.42,-20113571146.32,6919.82,10052.78,-119.44
3408656.00,1003366840860.19,-1095719079762.85,-20094484474.50,5382.77,9794.29,204.11
3834738.00,1005390214458.65,-1091715269201.12,-19948779253.59,4193.59,8918.12,464.60
4260820.00,1007016029644.83,-1088167599043.10,-19713641460.02,3530.81,7701.73,620.14
4686902.00,1008476443179.28,-1085162240819.63,-19436382310.99,3410.07,6411.51,663.19
5112984.00,1009988609251.51,-1082686402270.41,-19162753871.97,3757.71,5242.41,606.04
5539066.00,1011730466375.41,-1080659459266.79,-18931383222.23,4470.28,4321.06,468.34
5965148.00,1013834651389.89,-1078957200066.75,-18772085235.09,5440.77,3729.50,271.27
6391230.00,1016388293732.78,-1077426243736.13,-18705591528.87,6561.64,3525.26,36.43
6817312.00,1019431035891.86,-1075891941582.31,-18743034016.56,7715.38,3751.03,-212.24
7243394.00,1022947716069.78,-1074165264194.25,-18884261063.67,8759.85,4429.46,-445.21
7669476.00,1026855363400.33,-1072055669783.18,-19114923681.00,9518.15,5539.08,-625.10
8095558.00,1030989466213.89,-1069398703066.24,-19403170175.70,9789.61,6970.40,-708.07
8521640.00,1035104406996.00,-1066103852091.41,-19698945137.79,9409.10,8481.00,-655.60
8947722.00,1038911305361.00,-1062211444176.38,-19941025276.72,8359.38,9710.58,-458.30
9373804.00,1042162978674.17,-1057918784304.50,-20074427654.39,6858.58,10314.28,-156.41
9799886.00,1044747671214.60,-1053532487978.00,-20070815527.37,5298.56,10149.61,170.18
10225968.00,1046723321518.61,-1049362352227.58,-19937383057.85,4049.79,9337.30,441.85
10652050.00,1048272622493.09,-1045629156477.46,-19708916167.50,3315.17,8147.52,611.74
11078132.00,1049626506545.36,-1042433782657.16,-19432230753.16,3127.32,6853.42,668.64
11504214.00,1051005985023.02,-1039774287573.28,-19153703705.28,3419.88,5659.87,623.17
11930296.00,1052594586626.04,-1037577099966.91,-18913007072.27,4091.02,4700.98,494.54
12356378.00,1054530746037.77,-1035722562405.14,-18741084335.93,5033.59,4063.13,303.88
12782460.00,1056907395508.65,-1034060502243.52,-18659816298.38,6140.47,3806.07,72.68
13208542.00,1059770493107.44,-1032418694443.03,-18681604370.94,7296.27,3974.25,-175.61
13634624.00,1063112511346.68,-1030609513296.46,-18807861989.87,8362.87,4593.75,-412.36
14060706.00,1066860054107.33,-1028441535803.41,-19026249235.77,9168.05,5650.88,-601.29
14486788.00,1070859638832.80,-1025744752385.19,-19307309157.31,9512.24,7050.49,-699.06
14912870.00,1074875055419.68,-1022415870507.43,-19603165784.23,9220.23,8568.57,-665.33
15338952.00,1078619116733.53,-1018475686332.03,-19853277602.20,8248.82,9855.30,-485.48
15765034.00,1081833468764.98,-1014102181587.59,-20000653886.47,6785.16,10552.63,-193.06
16191116.00,1084385134485.43,-1009593269572.12,-20012677359.96,5208.49,10484.22,135.24
16617198.00,1086311355426.01,-1005264634182.36,-19892131476.26,3903.27,9740.60,417.36
17043280.00,1087783111090.44,-1001351656976.27,-19671123965.32,3097.02,8582.03,601.46
17469362.00,1089029142735.02,-997970321122.97,-19395769159.79,2840.71,7287.34,672.43
17895444.00,1090273911414.14,-995130106426.39,-19112975334.14,3076.38,6071.37,638.99
18321526.00,1091706457836.25,-992764930046.19,-18863436356.83,3704.29,5076.18,519.77
18747608.00,1093471039551.57,-990759939456.32,-18679225646.54,4617.19,4392.87,335.88
19173690.00,1095666386161.42,-988968294428.13,-18583369340.82,5708.24,4083.60,108.68
19599772.00,1098344671748.36,-987220285922.98,-18589514962.55,6863.89,4194.55,-138.78
20025854.00,1101505797403.79,-985329868022.11,-18700594617.54,7949.80,4754.86,-378.71
20451936.00,1105085691923.29,-983105143302.10,-18906216782.49,8798.56,5757.89,-575.96
20878018.00,1108941833889.63,-980371310717.85,-19179290280.85,9212.54,7121.96,-687.83
21304100.00,1112847946375.89,-977013296388.94,-19474210083.76,9008.34,8641.49,-672.59
21730182.00,1116519931767.71,-973032959771.42,-19731396501.46,8118.65,9979.16,-510.78
22156264.00,1119689980147.35,-968588276389.71,-19892219771.68,6698.89,10767.26,-229.18
22582346.00,1122204630798.79,-963966595115.28,-19919967772.04,5112.21,10797.04,99.41
23008428.00,1124079670151.07,-959487780876.43,-19812885277.94,3754.15,10126.84,391.15
23434510.00,1125472974233.86,-955401243018.30,-19600123731.72,2876.79,9004.24,589.29
23860592.00,1126610043968.48,-951838393130.02,-19326873846.43,2550.80,7712.44,674.52
24286674.00,1127718317703.78,-948820714481.24,-19040468510.75,2727.78,6476.22,653.45
24712756.00,1128992242020.20,-946290076446.83,-18782594193.33,3310.63,5446.05,544.00
25138838.00,1130581919821.34,-944136705557.67,-18586454724.89,4192.11,4718.16,367.20
25564920.00,1132591882143.89,-942217229982.98,-18476219686.44,5265.50,4357.32,144.38
25991002.00,1135080434281.44,-940364547334.92,-18466762460.20,6418.83,4411.45,-101.81
26417084.00,1138054712522.03,-938394348407.79,-18562490392.47,7521.35,4912.41,-344.36
26843166.00,1141459716468.67,-936114629733.70,-18754899514.16,8410.42,5859.95,-549.22
27269248.00,1145163772405.92,-933346515484.26,-19019226665.65,8891.08,7184.99,-674.48
27695330.00,1148950959632.75,-929964147000.09,-19312207844.52,8773.58,8700.12,-677.38
28121412.00,1152541565376.86,-925951154483.28,-19575481994.17,7968.43,10082.31,-534.08
28547494.00,1155660076616.83,-921445017888.24,-19749153126.14,6599.11,10957.70,-264.58
28973576.00,1158133483445.41,-916720743641.50,-19792639176.60,5009.31,11087.04,62.86
29399658.00,1159955523898.92,-912100559180.85,-19699554463.72,3602.53,10494.84,363.29
29825740.00,1161269586033.84,-907847166430.28,-19495819904.24,2654.91,9413.10,575.20
30251822.00,1162296800794.04,-904107655583.86,-19225465337.51,2258.15,8127.87,674.87
30677904.00,1163267040960.72,-900916094124.61,-18936127174.74,2374.65,6873.73,666.48
31103986.00,1164380020103.29,-898222795413.34,-18670448235.51,2910.61,5810.00,567.15
