0.00,981581395325.74,-1110178015750.85,-30354284094.01,5506.69,6785.61,0.00
7200.00,981621041237.12,-1110129160985.85,-30354280510.08,5506.06,6785.15,1.00
14400.00,981660682586.78,-1110080309551.27,-30354269757.93,5505.43,6784.69,1.99
21600.00,981700319380.16,-1110031461449.73,-30354251836.98,5504.79,6784.23,2.99
28800.00,981739951622.70,-1109982616683.85,-30354226746.67,5504.16,6783.76,3.98
36000.00,981779579319.86,-1109933775256.26,-30354194486.43,5503.53,6783.30,4.98
43200.00,981819202477.07,-1109884937169.59,-30354155055.71,5502.90,6782.84,5.98
50400.00,981858821099.78,-1109836102426.45,-30354108453.93,5502.27,6782.37,6.97
57600.00,981898435193.44,-1109787271029.48,-30354054680.52,5501.64,6781.91,7.97
64800.00,981938044763.51,-1109738442981.30,-30353993734.93,5501.01,6781.44,8.96
72000.00,981977649815.43,-1109689618284.54,-30353925616.57,5500.39,6780.97,9.96
79200.00,982017250354.65,-1109640796941.81,-30353850324.90,5499.76,6780.51,10.96
86400.00,982056846386.63,-1109591978955.77,-30353767859.32,5499.14,6780.04,11.95
93600.00,982096437916.81,-1109543164329.03,-30353678219.29,5498.51,6779.58,12.95
100800.00,982136024950.65,-1109494353064.22,-30353581404.22,5497.89,6779.11,13.95
108000.00,982175607493.61,-1109445545163.97,-30353477413.55,5497.26,6778.64,14.94
115200.00,982215185551.14,-1109396740630.92,-30353366246.71,5496.64,6778.17,15.94
122400.00,982254759128.70,-1109347939467.69,-30353247903.13,5496.02,6777.70,16.94
129600.00,982294328231.73,-1109299141676.91,-30353122382.25,5495.40,6777.24,17.93
136800.00,982333892865.71,-1109250347261.23,-30352989683.47,5494.78,6776.77,18.93
144000.00,982373453036.10,-1109201556223.27,-30352849806.25,5494.16,6776.30,19.93
151200.00,982413008748.34,-1109152768565.67,-30352702750.00,5493.54,6775.83,20.92
158400.00,982452560007.90,-1109103984291.07,-30352548514.16,5492.92,6775.36,21.92
165600.00,982492106820.25,-1109055203402.09,-30352387098.15,5492.30,6774.89,22.92
172800.00,982531649190.84,-1109006425901.38,-30352218501.40,5491.69,6774.42,23.92
180000.00,982571187125.14,-1108957651791.57,-30352042723.34,5491.07,6773.95,24.91
187200.00,982610720628.62,-1108908881075.30,-30351859763.39,5490.46,6773.47,25.91
194400.00,982650249706.74,-1108860113755.20,-30351669620.98,5489.84,6773.00,26.91
201600.00,982689774364.97,-1108811349833.93,-30351472295.54,5489.23,6772.53,27.91
208800.00,982729294608.77,-1108762589314.11,-30351267786.49,5488.62,6772.06,28.90
216000.00,982768810443.62,-1108713832198.40,-30351056093.26,5488.00,6771.58,29.90
223200.00,982808321874.98,-1108665078489.41,-30350837215.27,5487.39,6771.11,30.90
230400.00,982847828908.32,-1108616328189.81,-30350611151.95,5486.78,6770.64,31.90
237600.00,982887331549.12,-1108567581302.24,-30350377902.72,5486.17,6770.16,32.90
244800.00,982926829802.85,-1108518837829.33,-30350137467.02,5485.56,6769.69,33.89
252000.00,982966323674.99,-1108470097773.72,-30349889844.25,5484.96,6769.21,34.89
259200.00,983005813171.00,-1108421361138.08,-30349635033.85,5484.35,6768.74,35.89
266400.00,983045298296.37,-1108372627925.03,-30349373035.23,5483.74,6768.26,36.89
273600.00,983084779056.57,-1108323898137.23,-30349103847.83,5483.14,6767.79,37.89
280800.00,983124255457.07,-1108275171777.33,-30348827471.07,5482.53,6767.31,38.89
288000.00,983163727503.37,-1108226448847.96,-30348543904.36,5481.93,6766.83,39.88
295200.00,983203195200.93,-1108177729351.79,-30348253147.13,5481.32,6766.36,40.88
302400.00,983242658555.25,-1108129013291.45,-30347955198.80,5480.72,6765.88,41.88
309600.00,983282117571.80,-1108080300669.60,-30347650058.80,5480.12,6765.40,42.88
316800.00,983321572256.06,-1108031591488.88,-30347337726.54,5479.52,6764.92,43.88
324000.00,983361022613.53,-1107982885751.96,-30347018201.46,5478.92,6764.45,44.88
331200.00,983400468649.68,-1107934183461.47,-30346691482.95,5478.32,6763.97,45.88
338400.00,983439910370.01,-1107885484620.08,-30346357570.46,5477.72,6763.49,46.88
345600.00,983479347780.00,-1107836789230.44,-30346016463.40,5477.12,6763.01,47.88
352800.00,983518780885.15,-1107788097295.20,-30345668161.19,5476.52,6762.53,48.88
360000.00,983558209690.94,-1107739408817.01,-30345312663.24,5475.92,6762.05,49.88
367200.00,983597634202.87,-1107690723798.54,-30344949968.99,5475.33,6761.57,50.87
374400.00,983637054426.43,-1107642042242.43,-30344580077.85,5474.73,6761.09,51.87
381600.00,983676470367.11,-1107593364151.35,-30344202989.24,5474.14,6760.60,52.87
388800.00,983715882030.41,-1107544689527.96,-30343818702.57,5473.54,6760.12,53.87
396000.00,983755289421.83,-1107496018374.90,-30343427217.28,5472.95,6759.64,54.87
403200.00,983794692546.87,-1107447350694.85,-30343028532.77,5472.36,6759.16,55.87
410400.00,983834091411.02,-1107398686490.46,-30342622648.46,5471.77,6758.68,56.87
417600.00,983873486019.79,-1107350025764.39,-30342209563.78,5471.18,6758.19,57.87
424800.00,983912876378.67,-1107301368519.31,-30341789278.14,5470.59,6757.71,58.87
432000.00,983952262493.18,-1107252714757.87,-30341361790.96,5470.00,6757.22,59.87
439200.00,983991644368.82,-1107204064482.75,-30340927101.66,5469.41,6756.74,60.87
446400.00,984031022011.09,-1107155417696.59,-30340485209.66,5468.82,6756.26,61.87
453600.00,984070395425.50,-1107106774402.08,-30340036114.36,5468.24,6755.77,62.88
460800.00,984109764617.57,-1107058134601.87,-30339579815.20,5467.65,6755.28,63.88
468000.00,984149129592.80,-1107009498298.64,-30339116311.58,5467.06,6754.80,64.88
475200.00,984188490356.70,-1106960865495.04,-30338645602.93,5466.48,6754.31,65.88
482400.00,984227846914.79,-1106912236193.75,-30338167688.65,5465.90,6753.83,66.88
489600.00,984267199272.58,-1106863610397.44,-30337682568.17,5465.31,6753.34,67.88
496800.00,984306547435.60,-1106814988108.78,-30337190240.90,5464.73,6752.85,68.88
504000.00,984345891409.35,-1106766369330.43,-30336690706.26,5464.15,6752.36,69.88
511200.00,984385231199.36,-1106717754065.07,-30336183963.67,5463.57,6751.88,70.88
518400.00,984424566811.15,-1106669142315.37,-30335670012.53,5462.99,6751.39,71.88
