0.00,-80770605043.27,-468252828561.45,-50459336430.57,15543.16,-695.84,4731.33
1200.00,-80751953254.95,-468253663568.43,-50453658834.23,15543.27,-695.16,4731.40
2400.00,-80733301327.32,-468254497756.25,-50447981149.69,15543.39,-694.47,4731.48
3600.00,-80714649260.40,-468255331124.89,-50442303376.95,15543.51,-693.79,4731.55
4800.00,-80695997054.23,-468256163674.34,-50436625516.01,15543.62,-693.11,4731.62
6000.00,-80677344708.83,-468256995404.58,-50430947566.89,15543.74,-692.43,4731.70
7200.00,-80658692224.23,-468257826315.59,-50425269529.60,15543.85,-691.74,4731.77
8400.00,-80640039600.47,-468258656407.37,-50419591404.14,15543.97,-691.06,4731.84
9600.00,-80621386837.58,-468259485679.88,-50413913190.52,15544.08,-690.38,4731.92
10800.00,-80602733935.59,-468260314133.12,-50408234888.76,15544.20,-689.69,4731.99
12000.00,-80584080894.51,-468261141767.07,-50402556498.85,15544.32,-689.01,4732.07
13200.00,-80565427714.40,-468261968581.71,-50396878020.81,15544.43,-688.33,4732.14
14400.00,-80546774395.27,-468262794577.03,-50391199454.64,15544.55,-687.65,4732.21
15600.00,-80528120937.15,-468263619753.01,-50385520800.36,15544.66,-686.96,4732.29
16800.00,-80509467340.09,-468264444109.64,-50379842057.97,15544.78,-686.28,4732.36
18000.00,-80490813604.09,-468265267646.89,-50374163227.48,15544.90,-685.60,4732.43
19200.00,-80472159729.21,-468266090364.75,-50368484308.90,15545.01,-684.92,4732.51
20400.00,-80453505715.46,-468266912263.21,-50362805302.24,15545.13,-684.23,4732.58
21600.00,-80434851562.88,-468267733342.24,-50357126207.50,15545.24,-683.55,4732.65
22800.00,-80416197271.49,-468268553601.84,-50351447024.70,15545.36,-682.87,4732.73
24000.00,-80397542841.33,-468269373041.98,-50345767753.83,15545.47,-682.18,4732.80
25200.00,-80378888272.43,-468270191662.66,-50340088394.92,15545.59,-681.50,4732.87
26400.00,-80360233564.81,-468271009463.84,-50334408947.97,15545.71,-680.82,4732.95
27600.00,-80341578718.51,-468271826445.53,-50328729412.98,15545.82,-680.14,4733.02
28800.00,-80322923733.55,-468272642607.69,-50323049789.97,15545.94,-679.45,4733.09
30000.00,-80304268609.98,-468273457950.32,-50317370078.94,15546.05,-678.77,4733.17
31200.00,-80285613347.81,-468274272473.40,-50311690279.90,15546.17,-678.09,4733.24
32400.00,-80266957947.07,-468275086176.91,-50306010392.87,15546.28,-677.40,4733.31
33600.00,-80248302407.81,-468275899060.83,-50300330417.84,15546.40,-676.72,4733.39
34800.00,-80229646730.04,-468276711125.15,-50294650354.83,15546.51,-676.04,4733.46
36000.00,-80210990913.80,-468277522369.86,-50288970203.84,15546.63,-675.35,4733.53
37200.00,-80192334959.12,-468278332794.93,-50283289964.89,15546.74,-674.67,4733.61
38400.00,-80173678866.02,-468279142400.35,-50277609637.98,15546.86,-673.99,4733.68
39600.00,-80155022634.54,-468279951186.11,-50271929223.12,15546.97,-673.31,4733.75
40800.00,-80136366264.71,-468280759152.18,-50266248720.32,15547.09,-672.62,4733.83
42000.00,-80117709756.56,-468281566298.56,-50260568129.58,15547.21,-671.94,4733.90
43200.00,-80099053110.12,-468282372625.21,-50254887450.92,15547.32,-671.26,4733.97
44400.00,-80080396325.41,-468283178132.14,-50249206684.35,15547.44,-670.57,4734.05
45600.00,-80061739402.48,-468283982819.32,-50243525829.86,15547.55,-669.89,4734.12
46800.00,-80043082341.34,-468284786686.74,-50237844887.48,15547.67,-669.21,4734.19
48000.00,-80024425142.03,-468285589734.37,-50232163857.20,15547.78,-668.52,4734.27
49200.00,-80005767804.57,-468286391962.21,-50226482739.04,15547.90,-667.84,4734.34
50400.00,-79987110329.01,-468287193370.23,-50220801533.01,15548.01,-667.16,4734.41
51600.00,-79968452715.37,-468287993958.43,-50215120239.11,15548.13,-666.47,4734.48
52800.00,-79949794963.67,-468288793726.78,-50209438857.35,15548.24,-665.79,4734.56
54000.00,-79931137073.95,-468289592675.27,-50203757387.74,15548.36,-665.11,4734.63
55200.00,-79912479046.25,-468290390803.88,-50198075830.29,15548.47,-664.42,4734.70
56400.00,-79893820880.58,-468291188112.59,-50192394185.01,15548.59,-663.74,4734.78
57600.00,-79875162576.98,-468291984601.39,-50186712451.90,15548.70,-663.06,4734.85
58800.00,-79856504135.48,-468292780270.27,-50181030630.98,15548.82,-662.37,4734.92
60000.00,-79837845556.11,-468293575119.20,-50175348722.24,15548.93,-661.69,4735.00
61200.00,-79819186838.90,-468294369148.18,-50169666725.71,15549.05,-661.01,4735.07
62400.00,-79800527983.88,-468295162357.17,-50163984641.39,15549.16,-660.32,4735.14
63600.00,-79781868991.08,-468295954746.18,-50158302469.28,15549.28,-659.64,4735.22
64800.00,-79763209860.53,-468296746315.17,-50152620209.40,15549.39,-658.96,4735.29
66000.00,-79744550592.26,-468297537064.14,-50146937861.75,15549.50,-658.27,4735.36
67200.00,-79725891186.31,-468298326993.07,-50141255426.34,15549.62,-657.59,4735.44
68400.00,-79707231642.69,-468299116101.94,-50135572903.19,15549.73,-656.91,4735.51
69600.00,-79688571961.44,-468299904390.74,-50129890292.29,15549.85,-656.22,4735.58
70800.00,-79669912142.60,-468300691859.45,-50124207593.66,15549.96,-655.54,4735.66
72000.00,-79651252186.18,-468301478508.05,-50118524807.30,15550.08,-654.86,4735.73
73200.00,-79632592092.23,-468302264336.52,-50112841933.23,15550.19,-654.17,4735.80
74400.00,-79613931860.76,-468303049344.86,-50107158971.45,15550.31,-653.49,4735.87
75600.00,-79595271491.82,-468303833533.04,-50101475921.97,15550.42,-652.81,4735.95
76800.00,-79576610985.43,-468304616901.05,-50095792784.80,15550.54,-652.12,4736.02
78000.00,-79557950341.63,-468305399448.88,-50090109559.94,15550.65,-651.44,4736.09
79200.00,-79539289560.43,-468306181176.49,-50084426247.41,15550.77,-650.76,4736.17
80400.00,-79520628641.88,-468306962083.89,-50078742847.22,15550.88,-650.07,4736.24
81600.00,-79501967585.99,-468307742171.05,-50073059359.36,15550.99,-649.39,4736.31
82800.00,-79483306392.82,-468308521437.96,-50067375783.86,15551.11,-648.71,4736.39
84000.00,-79464645062.37,-468309299884.60,-50061692120.72,15551.22,-648.02,4736.46
85200.00,-79445983594.68,-468310077510.95,-50056008369.94,15551.34,-647.34,4736.53
