0.00,643046881732.85,-385424891608.27,-12781584177.78,14806.94,27139.64,2.40
424800.00,644640928351.93,-379901156906.88,-12775338295.82,852.78,1202.92,0.41
849600.00,647951215771.43,-374216129799.06,-12775452793.15,-5382.87,10292.24,48.83
1274400.00,651780229277.15,-370726200932.46,-12781859586.81,11799.13,21201.50,-5.39
1699200.00,652145075648.69,-365125804320.60,-12767174983.61,6368.77,2877.29,-6.96
2124000.00,657343933507.11,-360010751455.72,-12777638062.71,6635.24,22738.18,20.95
2548800.00,657157275783.28,-354760888091.47,-12757650982.00,5263.65,3587.99,2.41
2973600.00,662209108944.31,-350698289965.35,-12768922349.67,12338.21,18978.66,-15.01
3398400.00,662901522562.71,-343132014521.89,-12749475988.65,-2448.67,8132.32,55.80
3823200.00,665231161149.04,-340749233077.95,-12746632433.43,12332.33,8316.55,-28.53
4248000.00,670162180911.38,-333949741690.51,-12751897652.91,4815.34,22069.67,36.64
4672800.00,669540802510.59,-327768531184.63,-12725320620.92,109.05,6183.70,41.53
5097600.00,672349110949.48,-325239236081.11,-12723674889.51,11863.62,8909.24,-21.78
5522400.00,677327649101.34,-318699909656.12,-12728208845.00,7149.98,21463.73,25.64
5947200.00,677096289912.12,-311345236713.59,-12700625682.02,-2629.96,9415.99,65.83
6372000.00,678263014537.31,-308663779120.58,-12687764703.50,8161.70,6318.55,-0.87
6796800.00,683015613249.81,-304260576971.41,-12692838990.95,12160.30,15733.75,-9.00
7221600.00,685883717922.20,-295804115917.28,-12680285351.97,-1073.22,19666.28,75.70
7646400.00,684837019403.72,-290533309982.59,-12648960483.40,309.85,6820.07,49.56
8071200.00,686974682992.98,-287819317119.63,-12639900565.57,9202.84,7804.28,-0.85
8496000.00,691699009700.47,-282793235271.37,-12642302529.57,11231.55,16770.57,1.79
8920800.00,694232227302.34,-274216276480.41,-12625667170.48,-1160.36,19751.68,81.72
9345600.00,693025553128.57,-268597477305.28,-12590569469.00,-862.36,7828.10,63.12
9770400.00,694432027003.17,-265756385722.75,-12575079012.95,7230.10,7167.61,13.86
10195200.00,698576509560.72,-261518435978.36,-12573662525.46,11225.07,13714.10,0.69
10620000.00,702435152503.83,-253801781380.06,-12564675510.84,4365.87,21532.64,55.65
11044800.00,701866913483.97,-246033549557.87,-12528112943.59,-3883.50,12625.90,93.64
11469600.00,701404857655.89,-242313421881.44,-12497905094.37,2480.80,6726.45,46.52
11894400.00,703872568412.55,-239161768300.11,-12486195491.06,8677.73,9083.69,12.96
12319200.00,708142025401.49,-233932022557.33,-12481947645.34,10270.77,16182.05,15.16
12744000.00,711050582710.85,-225556535878.11,-12463978825.38,1405.08,21346.40,78.97
13168800.00,709883906082.26,-218309411374.80,-12422092482.32,-3830.36,11739.13,97.66
13593600.00,709423913168.13,-214621432309.37,-12389624688.21,2130.94,7088.27,54.53
14018400.00,711585121638.93,-211368975436.42,-12373667987.84,7691.77,9015.85,24.01
14443200.00,715487194295.79,-206404931812.64,-12365433033.86,9862.36,14946.06,20.75
14868000.00,718815314407.19,-198516479645.96,-12348657217.59,3923.46,21401.58,68.71
15292800.00,718278406824.51,-190269023538.06,-12306840521.17,-4553.77,15099.47,112.76
15717600.00,716899857883.96,-185607406183.92,-12264894952.63,-815.34,8153.70,79.76
16142400.00,717777691865.67,-182377604885.64,-12238791791.71,4794.18,7869.15,45.36
16567200.00,720704697288.43,-178382870144.08,-12223846299.60,8570.23,11492.60,28.46
16992000.00,724495959538.76,-172212073017.58,-12210484559.92,8242.20,17905.83,41.46
17416800.00,726466803913.85,-163540875564.26,-12181461031.80,-275.17,21114.36,100.59
17841600.00,724902417750.85,-156174127417.79,-12131956571.14,-4774.81,12828.05,116.87
18266400.00,723715332941.82,-151976355356.67,-12089284544.62,-302.91,8031.81,82.53
18691200.00,724661996900.21,-148626231088.20,-12060832009.94,4591.83,8360.10,53.44
19116000.00,727381090622.57,-144448372937.76,-12041751470.77,7858.19,11767.44,39.30
19540800.00,730869830160.93,-138287643713.20,-12023986379.19,7716.92,17560.54,50.15
19965600.00,732884811042.36,-129734682489.03,-11992878882.33,450.70,21415.46,102.56
20390400.00,731425906913.68,-121835999346.63,-11940626165.60,-5444.30,14536.05,129.82
20815200.00,729651383033.47,-117069631756.94,-11890743304.40,-2166.47,8878.65,101.91
21240000.00,729730601188.41,-113584950207.38,-11853972580.78,2460.44,8135.04,72.57
21664800.00,731581894333.57,-109757872904.15,-11827481796.34,6027.87,10282.69,54.19
22089600.00,734573406591.65,-104542861924.11,-11805708273.89,7601.76,14630.92,51.74
22514400.00,737422695190.13,-97136519450.09,-11779331205.19,4726.80,20167.39,79.22
22939200.00,737689577735.74,-88247434562.20,-11733971350.78,-3692.44,19751.22,132.86
23364000.00,735384109492.31,-81471644301.40,-11674994566.38,-5470.65,12223.40,134.50
23788800.00,733825361102.94,-77218090814.28,-11623649358.71,-1581.75,8583.47,106.46
24213600.00,734040733979.55,-73666038577.74,-11584044548.01,2489.74,8586.55,80.92
24638400.00,735793358883.70,-69609907383.65,-11553624974.95,5560.44,10848.63,64.05
25063200.00,738511758358.59,-64178994465.14,-11527612744.33,6812.32,15048.95,61.65
25488000.00,740998351019.09,-56657393439.29,-11497173264.99,3875.39,20272.00,88.35
25912800.00,740982134789.93,-47750551870.76,-11448028244.37,-4144.31,19893.36,142.22
26337600.00,738457613997.52,-40793183005.11,-11384107304.98,-6209.16,12851.32,148.48
26762400.00,736461368530.03,-36292013034.23,-11326273146.05,-2868.07,9037.08,122.51
27187200.00,736059791262.31,-32641638015.86,-11279720613.87,914.71,8563.73,97.58
27612000.00,737131159593.34,-28730248850.20,-11242322736.62,3986.77,10149.35,79.73
28036800.00,739272670236.16,-23782808302.83,-11210575420.30,5823.68,13438.72,71.96
28461600.00,741709442128.02,-17093535383.63,-11178400574.18,4979.85,18244.26,84.29
28886400.00,742723636884.58,-8484292879.59,-11133931698.93,-1152.60,21340.46,130.37
29311200.00,740753213814.89,-231583220.22,-11069306966.67,-6953.73,16387.34,164.59
29736000.00,737907666082.77,5419079733.95,-11001534785.62,-5650.20,10796.21,149.81
30160800.00,736228498876.04,9463219475.97,-10943272963.05,-2185.28,8731.04,124.61
30585600.00,736011975011.91,13161859191.89,-10895009656.21,1086.37,8983.81,103.52
31010400.00,737048638675.86,17317132625.27,-10854361745.13,3659.24,10830.81,89.04
