0.00,631859775931.58,-367422383644.86,-20850413036.18,8079.38,13269.34,0.00
426082.00,635293636867.70,-361775757695.94,-20841531384.30,8038.14,13235.25,41.53
852164.00,638708929531.75,-356144010517.12,-20815153534.99,7992.25,13199.52,82.13
1278246.00,642103710095.88,-350527818793.86,-20771679670.27,7941.89,13162.25,121.78
1704328.00,645476105724.11,-344927820384.11,-20711508552.03,7887.20,13123.52,160.50
2130410.00,648824309821.97,-339344620200.02,-20635036745.49,7828.36,13083.41,198.30
2556492.00,652146577164.42,-333778795445.64,-20542658095.71,7765.48,13041.97,235.17
2982574.00,655441219034.58,-328230900358.50,-20434763326.30,7698.70,12999.26,271.13
3408656.00,658706598335.61,-322701470364.31,-20311739863.19,7628.14,12955.31,306.18
3834738.00,661941124632.31,-317191025818.28,-20173971797.90,7553.90,12910.15,340.34
4260820.00,665143249238.95,-311700075321.38,-20021839977.21,7476.07,12863.81,373.61
4686902.00,668311460210.60,-306229118603.64,-19855722264.72,7394.72,12816.30,405.99
5112984.00,671444277321.66,-300778649118.86,-19675993889.97,7309.94,12767.64,437.50
5539066.00,674540247015.34,-295349156239.32,-19483027958.92,7221.77,12717.84,468.13
5965148.00,677597937223.74,-289941127172.29,-19277196063.79,7130.26,12666.89,497.89
6391230.00,680615932172.83,-284555048588.59,-19058869010.21,7035.45,12614.80,526.78
6817312.00,683592827034.32,-279191407904.17,-18828417704.71,6937.35,12561.57,554.80
7243394.00,686527222451.42,-273850694357.94,-18586214120.78,6835.96,12507.18,581.94
7669476.00,689417718947.25,-268533399735.98,-18332632439.33,6731.28,12451.64,608.21
8095558.00,692262911083.02,-263240018823.21,-18068050325.86,6623.30,12394.93,633.58
8521640.00,695061381462.48,-257971049583.31,-17792850346.87,6511.97,12337.05,658.04
8947722.00,697811694449.60,-252726992935.65,-17507421589.86,6397.24,12278.00,681.59
9373804.00,700512389584.35,-247508352254.57,-17212161441.39,6279.05,12217.75,704.19
9799886.00,703161974726.38,-242315632414.94,-16907477604.33,6157.32,12156.32,725.82
10225968.00,705758918747.41,-237149338397.42,-16593790336.70,6031.94,12093.71,746.44
10652050.00,708301643868.28,-232009973425.95,-16271534951.21,5902.80,12029.92,766.03
11078132.00,710788517519.20,-226898036425.07,-15941164644.32,5769.75,11964.97,784.52
11504214.00,713217843643.89,-221814018882.20,-15603153625.04,5632.65,11898.88,801.88
11930296.00,715587853527.65,-216758400841.30,-15258000657.62,5491.30,11831.67,818.04
12356378.00,717896695940.23,-211731645929.47,-14906233033.93,5345.49,11763.40,832.92
12782460.00,720142426681.52,-206734195331.17,-14548411024.21,5195.01,11694.13,846.44
13208542.00,722322997466.73,-201766460308.64,-14185132909.33,5039.59,11623.93,858.51
13634624.00,724436244048.13,-196828813216.81,-13817040620.81,4878.95,11552.92,869.02
14060706.00,726479873760.20,-191921576577.18,-13444826109.14,4712.76,11481.21,877.84
14486788.00,728451452313.24,-187045009849.57,-13069238497.87,4540.68,11408.99,884.83
14912870.00,730348390051.76,-182199293600.88,-12691092124.47,4362.33,11336.44,889.82
15338952.00,732167927846.65,-177384510330.88,-12311275577.56,4177.30,11263.84,892.63
15765034.00,733907122645.02,-172600621586.45,-11930761792.89,3985.13,11191.48,893.06
16191116.00,735562833324.42,-167847440539.36,-11550619324.91,3785.35,11119.77,890.85
16617198.00,737131707118.42,-163124599154.78,-11172024839.24,3577.44,11049.16,885.74
17043280.00,738610167390.70,-158431509280.97,-10796276875.34,3360.86,10980.22,877.43
17469362.00,739994403939.46,-153767316345.27,-10424810840.00,3135.06,10913.64,865.58
17895444.00,741280366865.11,-149130844776.44,-10059215138.03,2899.48,10850.25,849.81
18321526.00,742463766225.66,-144520534054.35,-9701248191.59,2653.55,10791.02,829.70
18747608.00,743540079688.99,-139934364134.79,-9352855898.29,2396.74,10737.15,804.79
19173690.00,744504571298.70,-135369769764.52,-9016188881.63,2128.59,10690.00,774.58
19599772.00,745352325778.89,-130823543065.33,-8693618347.50,1848.73,10651.22,738.53
20025854.00,746078302781.09,-126291724885.83,-8387749119.74,1556.96,10622.71,696.09
20451936.00,746677417527.23,-121769486895.73,-8101427575.92,1253.28,10606.64,646.68
20878018.00,747144654637.13,-117251007715.16,-7837741418.50,938.02,10605.50,589.75
21304100.00,747475221985.86,-112729349882.84,-7600007728.09,611.92,10622.04,524.78
21730182.00,747664752292.80,-108196347845.58,-7391744216.68,276.26,10659.27,451.36
22156264.00,747709557090.76,-103642521365.29,-7216618388.93,-67.02,10720.33,369.21
22582346.00,747606934560.33,-99057034911.63,-7078369006.38,-415.23,10808.40,278.28
23008428.00,747355526377.36,-94427727574.42,-6980694392.62,-764.74,10926.49,178.82
23434510.00,746955707456.54,-89741241459.56,-6927104967.34,-1111.02,11077.17,71.49
23860592.00,746409980565.69,-84983276727.40,-6920740641.60,-1448.64,11262.22,-42.62
24286674.00,745723332730.96,-80138992827.41,-6964160296.75,-1771.42,11482.34,-161.88
24712756.00,744903496736.45,-75193560869.18,-7059118644.93,-2072.70,11736.74,-284.14
25138838.00,743961056643.92,-70132847596.47,-7206353092.53,-2345.83,12022.90,-406.79
25564920.00,742909342130.51,-64944179703.07,-7405410864.77,-2584.68,12336.47,-526.89
25991002.00,741764078592.48,-59617109370.95,-7654546749.83,-2784.22,12671.41,-641.34
26417084.00,740542799288.72,-54144083728.44,-7950715403.36,-2941.08,13020.25,-747.18
26843166.00,739264068447.95,-48520921763.95,-8289670611.77,-3053.84,13374.72,-841.79
27269248.00,737946603195.80,-42747029648.84,-8666163523.23,-3123.18,13726.38,-923.10
27695330.00,736608403405.13,-36825329041.13,-9074215249.04,-3151.75,14067.27,-989.76
28121412.00,735265991933.92,-30761920689.21,-9507428484.36,-3143.76,14390.51,-1041.16
28547494.00,733933841110.65,-24565549708.01,-9959297654.52,-3104.54,14690.61,-1077.39
28973576.00,732624021949.33,-18246958346.57,-10423484600.29,-3039.94,14963.69,-1099.13
29399658.00,731346071894.76,-11818212158.33,-10894037733.96,-2955.92,15207.40,-1107.49
29825740.00,730107047757.67,-5292072039.17,-11365545058.21,-2858.12,15420.79,-1103.86
30251822.00,728911715513.04,1318542620.77,-11833223110.54,-2751.62,15604.03,-1089.78
30677904.00,727762824354.40,8000977360.38,-12292950784.06,-2640.80,15758.14,-1066.80
31103986.00,726661420126.86,14743149888.45,-12741260768.48,-2529.26,15884.74,-1036.42
