0.00,977638676031.63,-1118795850174.99,-19503444326.96,-2031.61,-4937.99,1.61
7200.00,977661894003.39,-1118844810625.99,-19495783085.57,8751.69,-7457.38,2020.82
14400.00,977765191140.21,-1118884637873.88,-19476560307.21,19703.69,-2112.16,3096.90
21600.00,977931748189.69,-1118850287322.85,-19456462055.74,24371.98,13415.23,1921.76
28800.00,978061021783.23,-1118691630517.05,-19457599608.11,7579.52,27200.79,-2438.68
36000.00,978042784211.93,-1118530557145.62,-19482405137.35,-9050.16,14675.81,-3528.68
43200.00,977977560965.26,-1118481070441.09,-19500893093.56,-7073.86,266.25,-1438.48
50400.00,977956585237.67,-1118507967753.12,-19502950326.06,1808.48,-6547.48,809.16
57600.00,978007766040.56,-1118558985598.40,-19490600288.28,12531.60,-6470.98,2498.72
64800.00,978134964583.55,-1118582224159.27,-19469631605.14,22260.47,1590.87,3045.99
72000.00,978305855971.06,-1118512291230.16,-19453229973.73,22109.61,18959.89,880.19
79200.00,978397443540.65,-1118333369534.37,-19462832838.24,1352.50,25832.89,-3255.94
86400.00,978354646218.23,-1118198076071.89,-19488345740.60,-9630.84,10671.23,-3126.20
93600.00,978295368960.48,-1118169952624.29,-19503252441.12,-5426.97,-1630.77,-942.95
100800.00,978287537746.46,-1118204400986.02,-19502291169.09,3661.44,-6865.29,1142.58
108000.00,978351008188.43,-1118253658708.64,-19488206338.04,14031.28,-5711.43,2643.31
115200.00,978486404157.60,-1118268132004.00,-19467015169.63,22913.56,3237.57,2947.03
122400.00,978655767951.55,-1118185203344.85,-19452453634.66,20855.71,20548.97,486.19
129600.00,978734984627.89,-1118003367515.25,-19464371323.18,-65.66,25046.08,-3382.96
136800.00,978688355198.57,-1117874852107.34,-19489650931.87,-9517.74,9956.15,-3019.46
144000.00,978630909012.46,-1117849224968.02,-19503955080.39,-5178.64,-1673.22,-897.73
151200.00,978623758698.23,-1117882904048.88,-19502976161.32,3570.05,-6682.46,1106.20
158400.00,978685075036.14,-1117931363098.95,-19489326448.98,13532.12,-5755.24,2570.27
165600.00,978816133154.90,-1117948733186.66,-19468460654.69,22331.28,2356.43,2964.08
172800.00,978985538705.65,-1117876149336.75,-19452612155.47,21892.10,18798.26,866.92
180000.00,979080197233.10,-1117699266385.34,-19461467994.50,2407.39,25952.41,-3102.29
187200.00,979043840516.32,-1117557658889.47,-19486730044.51,-9202.02,12097.07,-3232.82
194400.00,978983142769.86,-1117518485616.14,-19503215249.42,-6234.61,-138.37,-1253.66
201600.00,978965471785.23,-1117544139468.92,-19504888121.03,1756.47,-6023.96,738.33
208800.00,979011807605.84,-1117592031207.62,-19493676947.66,11237.30,-6360.43,2282.01
216000.00,979126553174.72,-1117620898968.31,-19473972772.75,20356.50,-433.88,2996.00
223200.00,979292089054.51,-1117578069443.30,-19455063150.36,23738.71,13726.10,1785.65
230400.00,979422711197.44,-1117423220020.72,-19455499405.56,9146.79,26638.89,-2118.60
237600.00,979418854323.20,-1117255157033.50,-19478870593.66,-7519.86,17099.44,-3582.60
244800.00,979355779422.43,-1117184268758.10,-19499638990.22,-8033.78,3399.83,-1974.40
252000.00,979319503804.91,-1117191278107.20,-19506553930.63,-1435.07,-4371.11,29.52
259200.00,979340035512.55,-1117234297239.21,-19500027027.03,7340.17,-6740.13,1712.07
266400.00,979426246959.54,-1117275693509.34,-19483293711.42,16564.10,-3773.45,2807.68
273600.00,979573507577.93,-1117271779642.07,-19462475449.83,23490.31,6251.21,2668.80
280800.00,979736749683.98,-1117168994081.61,-19451318096.37,18629.96,22396.44,-92.30
288000.00,979800502648.47,-1116986228986.64,-19465786231.32,-1214.59,23975.40,-3431.00
295200.00,979753033703.33,-1116862744563.06,-19490564152.08,-9116.32,9935.44,-2951.30
302400.00,979696895996.85,-1116833239828.12,-19505124594.48,-5397.90,-752.00,-1044.03
309600.00,979684075932.19,-1116860016056.73,-19505880419.92,2181.16,-5851.13,785.70
316800.00,979731067766.46,-1116906009236.11,-19494789378.37,10980.31,-6122.81,2213.38
324000.00,979841748093.59,-1116935280425.37,-19475669461.64,19559.65,-946.20,2934.34
331200.00,980003005481.27,-1116901778688.93,-19456277355.31,23793.23,11582.66,2059.99
338400.00,980146382876.76,-1116761961160.60,-19452829425.94,12662.15,25705.35,-1445.24
345600.00,980166307288.03,-1116584563527.54,-19473574958.42,-5402.70,20035.08,-3607.94
352800.00,980107755490.78,-1116491044050.78,-19496408510.81,-8655.91,6368.03,-2437.71
360000.00,980061018727.85,-1116480153775.62,-19507178769.72,-3591.21,-2426.34,-550.57
367200.00,980062081556.01,-1116513882550.22,-19504872299.42,4136.00,-6189.78,1137.93
374400.00,980122503240.72,-1116558585046.81,-19491807198.43,12711.92,-5449.54,2405.46
381600.00,980243867678.22,-1116579497165.64,-19472020022.09,20702.00,715.68,2911.10
388800.00,980408412601.76,-1116530760916.86,-19453980701.70,23292.93,14006.73,1682.48
396000.00,980539043706.61,-1116377954123.22,-19454149116.05,9962.02,26209.52,-1934.52
403200.00,980544121521.34,-1116206874892.57,-19476462581.62,-6382.78,18432.89,-3564.92
410400.00,980484384142.53,-1116123049758.27,-19498283195.07,-8300.06,5420.99,-2263.81
417600.00,980441120355.84,-1116116267485.69,-19507991282.82,-3086.21,-2681.24,-438.39
424800.00,980445182294.75,-1116150416521.14,-19505152484.63,4436.51,-6102.49,1175.52
432000.00,980506728005.42,-1116194112588.11,-19492028100.15,12718.29,-5302.97,2389.13
439200.00,980627166067.33,-1116214670067.04,-19472426160.96,20466.01,605.13,2888.08
446400.00,980790384750.77,-1116168773356.51,-19454241570.53,23321.28,13303.27,1774.45
453600.00,980925491188.79,-1116021036189.18,-19453070594.49,11197.36,25879.07,-1697.34
460800.00,980939282132.22,-1115846745474.72,-19474394641.42,-5541.56,19486.11,-3560.84
468000.00,980881809049.79,-1115754402273.87,-19496902037.02,-8447.91,6589.62,-2430.66
475200.00,980835113034.70,-1115740245877.10,-19508058340.93,-3847.72,-1829.39,-663.40
482400.00,980832034306.86,-1115769833512.84,-19506908402.21,3229.84,-5716.90,937.49
489600.00,980883571688.25,-1115813166405.60,-19495409450.55,11168.14,-5653.49,2187.46
496800.00,980992500681.50,-1115840474933.64,-19476793331.91,18937.35,-1045.39,2850.14
504000.00,981149025389.09,-1115813163266.26,-19457372226.72,23477.04,9807.31,2230.97
511200.00,981301000354.12,-1115689344329.33,-19450573924.06,15778.91,23955.17,-733.51
518400.00,981347891422.75,-1115508233736.39,-19467490036.49,-2259.35,22715.69,-3438.46
