0.00,999227922592.72,-1125187666095.43,-14646004199.53,6451.32,5226.57,-0.00
426082.00,1001967026296.65,-1122954880356.47,-14647338163.83,6405.88,5254.07,-6.26
852164.00,1004686811508.74,-1120710255160.30,-14651335471.42,6360.64,5282.14,-12.50
1278246.00,1007387362262.05,-1118453548409.75,-14657988748.47,6315.60,5310.78,-18.73
1704328.00,1010068765013.48,-1116184519536.25,-14667289948.57,6270.76,5339.98,-24.93
2130410.00,1012731108682.82,-1113902929410.47,-14679230346.30,6226.14,5369.74,-31.11
2556492.00,1015374484678.91,-1111608540206.69,-14693800540.40,6181.73,5400.06,-37.27
2982574.00,1017998986987.45,-1109301115319.60,-14710990435.19,6137.54,5430.93,-43.41
3408656.00,1020604712190.10,-1106980419259.24,-14730789242.04,6093.59,5462.35,-49.52
3834738.00,1023191759552.20,-1104646217550.81,-14753185464.84,6049.87,5494.32,-55.60
4260820.00,1025760231079.55,-1102298276668.40,-14778166888.81,6006.40,5526.84,-61.65
4686902.00,1028310231578.40,-1099936363922.11,-14805720575.48,5963.17,5559.91,-67.68
5112984.00,1030841868762.50,-1097560247405.42,-14835832838.73,5920.20,5593.51,-73.66
5539066.00,1033355253299.66,-1095169695905.04,-14868489240.00,5877.50,5627.66,-79.62
5965148.00,1035850498929.13,-1092764478831.48,-14903674565.49,5835.06,5662.35,-85.53
6391230.00,1038327722537.75,-1090344366173.26,-14941372809.34,5792.90,5697.58,-91.41
6817312.00,1040787044253.28,-1087909128408.75,-14981567159.72,5751.03,5733.35,-97.25
7243394.00,1043228587568.07,-1085458536482.34,-15024239969.79,5709.46,5769.65,-103.05
7669476.00,1045652479413.26,-1082992361729.22,-15069372746.63,5668.18,5806.49,-108.80
8095558.00,1048058850301.88,-1080510375836.29,-15116946121.60,5627.21,5843.87,-114.50
8521640.00,1050447834424.96,-1078012350812.31,-15166939828.85,5586.57,5881.78,-120.16
8947722.00,1052819569780.81,-1075498058924.83,-15219332682.44,5546.25,5920.22,-125.76
9373804.00,1055174198318.72,-1072967272704.44,-15274102541.05,5506.27,5959.20,-131.31
9799886.00,1057511866045.65,-1070419764888.28,-15331226288.47,5466.64,5998.71,-136.81
10225968.00,1059832723195.14,-1067855308414.11,-15390679796.66,5427.37,6038.76,-142.25
10652050.00,1062136924346.73,-1065273676407.36,-15452437898.67,5388.46,6079.34,-147.63
11078132.00,1064424628591.58,-1062674642147.22,-15516474356.71,5349.93,6120.44,-152.94
11504214.00,1066695999697.45,-1060057979097.52,-15582761821.36,5311.80,6162.08,-158.19
11930296.00,1068951206255.08,-1057423460871.86,-15651271802.77,5274.06,6204.25,-163.38
12356378.00,1071190421878.24,-1054770861265.29,-15721974624.65,5236.74,6246.96,-168.49
12782460.00,1073413825353.94,-1052099954264.51,-15794839388.98,5199.84,6290.19,-173.52
13208542.00,1075621600848.43,-1049410514051.85,-15869833933.15,5163.38,6333.95,-178.48
13634624.00,1077813938096.86,-1046702315067.07,-15946924782.36,5127.38,6378.24,-183.36
14060706.00,1079991032594.93,-1043975132002.25,-16026077110.16,5091.84,6423.06,-188.16
14486788.00,1082153085832.49,-1041228739876.33,-16107254683.43,5056.78,6468.41,-192.87
14912870.00,1084300305485.02,-1038462914074.10,-16190419817.35,5022.21,6514.28,-197.49
15338952.00,1086432905668.31,-1035677430401.33,-16275533319.43,4988.16,6560.68,-202.01
15765034.00,1088551107161.89,-1032872065189.32,-16362554431.87,4954.63,6607.60,-206.44
16191116.00,1090655137653.96,-1030046595336.66,-16451440778.06,4921.64,6655.05,-210.77
16617198.00,1092745232012.39,-1027200798439.78,-16542148296.75,4889.21,6703.02,-214.99
17043280.00,1094821632525.85,-1024334452875.80,-16634631184.65,4857.37,6751.50,-219.10
17469362.00,1096884589210.62,-1021447337925.36,-16728841826.37,4826.11,6800.51,-223.10
17895444.00,1098934360077.34,-1018539233932.87,-16824730725.22,4795.48,6850.02,-226.98
18321526.00,1100971211440.75,-1015609922419.88,-16922246432.81,4765.47,6900.05,-230.73
18747608.00,1102995418235.36,-1012659186296.05,-17021335468.90,4736.13,6950.59,-234.36
19173690.00,1105007264314.93,-1009686810013.51,-17121942247.77,4707.46,7001.63,-237.86
19599772.00,1107007042814.45,-1006692579786.57,-17224008991.35,4679.49,7053.17,-241.21
20025854.00,1108995056465.19,-1003676283833.78,-17327475645.94,4652.24,7105.20,-244.43
20451936.00,1110971617973.92,-1000637712595.36,-17432279792.82,4625.73,7157.73,-247.49
20878018.00,1112937050386.33,-997576659055.42,-17538356552.90,4600.00,7210.73,-250.40
21304100.00,1114891687455.34,-994492919007.28,-17645638493.96,4575.07,7264.21,-253.15
21730182.00,1116835874057.98,-991386291417.94,-17754055524.62,4550.95,7318.16,-255.73
22156264.00,1118769966560.67,-988256578797.10,-17863534793.53,4527.69,7372.57,-258.13
22582346.00,1120694333262.49,-985103587574.22,-17974000578.72,4505.31,7427.43,-260.36
23008428.00,1122609354798.74,-981927128577.85,-18085374176.16,4483.83,7482.73,-262.39
23434510.00,1124515424571.47,-978727017470.38,-18197573786.60,4463.29,7538.45,-264.23
23860592.00,1126412949206.96,-975503075314.03,-18310514391.90,4443.72,7594.58,-265.87
24286674.00,1128302348963.31,-972255129129.96,-18424107637.08,4425.16,7651.12,-267.29
24712756.00,1130184058217.80,-968983012515.59,-18538261699.57,4407.63,7708.04,-268.50
25138838.00,1132058525883.02,-965686566356.07,-18652881162.99,4391.17,7765.32,-269.48
25564920.00,1133926215868.96,-962365639512.77,-18767866885.76,4375.82,7822.94,-270.22
25991002.00,1135787607534.90,-959020089673.50,-18883115865.16,4361.62,7880.89,-270.71
26417084.00,1137643196097.25,-955649784185.69,-18998521107.36,4348.59,7939.14,-270.95
26843166.00,1139493493101.70,-952254601010.82,-19113971486.17,4336.78,7997.66,-270.92
27269248.00,1141339026790.30,-948834429760.77,-19229351612.99,4326.24,8056.43,-270.62
27695330.00,1143180342520.54,-945389172756.93,-19344541699.38,4316.99,8115.41,-270.03
28121412.00,1145018003110.81,-941918746273.67,-19459417425.08,4309.09,8174.57,-269.14
28547494.00,1146852589145.50,-938423081756.59,-19573849811.93,4302.57,8233.87,-267.94
28973576.00,1148684699298.33,-934902127229.79,-19687705095.35,4297.47,8293.27,-266.43
29399658.00,1150514950511.27,-931355848758.94,-19800844615.04,4293.85,8352.73,-264.58
29825740.00,1152343978208.91,-927784231998.39,-19913124702.05,4291.74,8412.20,-262.39
30251822.00,1154172436352.32,-924187283929.75,-20024396588.43,4291.18,8471.62,-259.85
30677904.00,1156000997443.59,-920565034582.05,-20134506325.03,4292.23,8530.95,-256.94
31103986.00,1157830352446.70,-916917539000.43,-20243294715.95,4294.92,8590.12,-253.64
