0.00,2196739516968.50,1972222794755.11,-21102170155.60,510.66,4738.94,-64.45
432000.00,2187844468526.51,1968066344568.60,-33602400312.46,-20945.04,-9754.72,-29198.00
864000.00,2178795757709.90,1963851888827.49,-46214824711.99,-20947.68,-9757.12,-29193.79
1296000.00,2169745476935.14,1959636011480.91,-58826185010.73,-20951.88,-9760.93,-29192.31
1728000.00,2160693277285.97,1955418398261.02,-71437072285.57,-20956.49,-9765.10,-29191.48
2160000.00,2151639042172.70,1951198941452.06,-84047661373.72,-20961.28,-9769.44,-29190.90
2592000.00,2142582713451.27,1946977585203.63,-96658022353.78,-20966.18,-9773.89,-29190.41
3024000.00,2133524254842.16,1942754293013.80,-109268186024.32,-20971.14,-9778.40,-29189.98
3456000.00,2124463640151.57,1938529037262.50,-121878164982.74,-20976.16,-9782.98,-29189.56
3888000.00,2115400848507.49,1934301794978.80,-134487962151.42,-20981.22,-9787.60,-29189.13
4320000.00,2106335862128.35,1930072545858.55,-147097574773.26,-20986.32,-9792.27,-29188.70
4752000.00,2097268665164.06,1925841271234.44,-159706996489.42,-20991.45,-9796.98,-29188.25
5184000.00,2088199243045.70,1921607953497.99,-172316218507.38,-20996.62,-9801.73,-29187.77
5616000.00,2079127582098.50,1917372575755.30,-184925230298.65,-21001.82,-9806.51,-29187.27
6048000.00,2070053669300.30,1913135121612.07,-197534020036.31,-21007.04,-9811.34,-29186.75
6480000.00,2060977492125.22,1908895575034.35,-210142574880.59,-21012.30,-9816.20,-29186.19
6912000.00,2051899038439.45,1904653920255.44,-222750881171.44,-21017.58,-9821.10,-29185.60
7344000.00,2042818296430.01,1900410141712.34,-235358924562.31,-21022.89,-9826.03,-29184.97
7776000.00,2033735254555.45,1896164224001.41,-247966690115.12,-21028.23,-9831.00,-29184.31
8208000.00,2024649901511.09,1891916151847.26,-260574162369.28,-21033.59,-9836.01,-29183.61
8640000.00,2015562226204.57,1887665910080.60,-273181325392.69,-21038.98,-9841.05,-29182.88
9072000.00,2006472217738.55,1883413483622.61,-285788162820.05,-21044.40,-9846.12,-29182.10
9504000.00,1997379865398.65,1879158857473.92,-298394657882.16,-21049.83,-9851.23,-29181.29
9936000.00,1988285158645.29,1874902016707.13,-311000793428.47,-21055.30,-9856.37,-29180.44
10368000.00,1979188087108.35,1870642946461.84,-323606551944.83,-21060.78,-9861.55,-29179.55
10800000.00,1970088640584.01,1866381631941.70,-336211915567.50,-21066.29,-9866.76,-29178.61
11232000.00,1960986809033.34,1862118058412.99,-348816866094.49,-21071.82,-9872.01,-29177.63
11664000.00,1951882582582.20,1857852211204.44,-361421384994.66,-21077.38,-9877.29,-29176.61
12096000.00,1942775951522.12,1853584075707.99,-374025453415.34,-21082.96,-9882.60,-29175.55
12528000.00,1933666906312.07,1849313637380.34,-386629052188.62,-21088.56,-9887.95,-29174.44
12960000.00,1924555437580.91,1845040881745.17,-399232161836.74,-21094.18,-9893.33,-29173.28
13392000.00,1915441536130.39,1840765794395.84,-411834762576.70,-21099.82,-9898.75,-29172.08
13824000.00,1906325192938.56,1836488360998.63,-424436834324.38,-21105.48,-9904.19,-29170.83
14256000.00,1897206399163.60,1832208567296.25,-437038356698.19,-21111.16,-9909.67,-29169.54
14688000.00,1888085146147.95,1827926399111.82,-449639309022.41,-21116.87,-9915.19,-29168.19
15120000.00,1878961425422.70,1823641842353.02,-462239670330.31,-21122.59,-9920.73,-29166.80
15552000.00,1869835228712.23,1819354883016.53,-474839419367.18,-21128.33,-9926.31,-29165.36
15984000.00,1860706547939.02,1815065507192.70,-487438534593.11,-21134.09,-9931.92,-29163.87
16416000.00,1851575375228.62,1810773701070.46,-500036994185.95,-21139.87,-9937.56,-29162.32
16848000.00,1842441702914.72,1806479450942.35,-512634776044.04,-21145.66,-9943.23,-29160.73
17280000.00,1833305523544.47,1802182743209.76,-525231857789.14,-21151.47,-9948.94,-29159.08
17712000.00,1824166829883.70,1797883564388.24,-537828216769.31,-21157.30,-9954.67,-29157.38
18144000.00,1815025614922.40,1793581901113.08,-550423830061.96,-21163.14,-9960.44,-29155.63
18576000.00,1805881871880.16,1789277740144.86,-563018674476.90,-21169.00,-9966.24,-29153.82
19008000.00,1796735594211.73,1784971068375.25,-575612726559.63,-21174.88,-9972.06,-29151.96
19440000.00,1787586775612.54,1780661872832.84,-588205962594.68,-21180.77,-9977.92,-29150.05
19872000.00,1778435410024.36,1776350140689.09,-600798358609.14,-21186.67,-9983.81,-29148.07
20304000.00,1769281491640.90,1772035859264.34,-613389890376.35,-21192.59,-9989.72,-29146.04
20736000.00,1760125014913.45,1767719016033.94,-625980533419.78,-21198.51,-9995.67,-29143.96
21168000.00,1750965974556.52,1763399598634.39,-638570263017.03,-21204.45,-10001.64,-29141.82
21600000.00,1741804365553.47,1759077594869.68,-651159054204.15,-21210.41,-10007.64,-29139.61
22032000.00,1732640183162.13,1754752992717.49,-663746881779.99,-21216.37,-10013.67,-29137.35
22464000.00,1723473422920.39,1750425780335.61,-676333720310.94,-21222.34,-10019.73,-29135.04
22896000.00,1714304080651.76,1746095946068.31,-688919544135.71,-21228.32,-10025.81,-29132.66
23328000.00,1705132152470.87,1741763478452.81,-701504327370.47,-21234.31,-10031.92,-29130.22
23760000.00,1695957634788.95,1737428366225.70,-714088043914.14,-21240.31,-10038.05,-29127.72
24192000.00,1686780524319.22,1733090598329.46,-726670667453.86,-21246.32,-10044.21,-29125.16
24624000.00,1677600818082.27,1728750163918.99,-739252171470.83,-21252.33,-10050.40,-29122.54
25056000.00,1668418513411.25,1724407052368.08,-751832529246.26,-21258.35,-10056.61,-29119.85
25488000.00,1659233607957.16,1720061253275.94,-764411713867.56,-21264.37,-10062.84,-29117.10
25920000.00,1650046099693.85,1715712756473.79,-776989698234.85,-21270.40,-10069.10,-29114.29
26352000.00,1640855986923.06,1711361552031.24,-789566455067.62,-21276.43,-10075.38,-29111.42
26784000.00,1631663268279.29,1707007630262.87,-802141956911.67,-21282.46,-10081.68,-29108.48
27216000.00,1622467942734.59,1702650981734.66,-814716176146.26,-21288.49,-10088.00,-29105.48
27648000.00,1613270009603.20,1698291597270.40,-827289084991.54,-21294.53,-10094.34,-29102.42
28080000.00,1604069468546.07,1693929467958.12,-839860655516.16,-21300.57,-10100.71,-29099.29
28512000.00,1594866319575.29,1689564585156.35,-852430859645.15,-21306.61,-10107.09,-29096.09
28944000.00,1585660563058.26,1685196940500.49,-864999669168.04,-21312.64,-10113.49,-29092.83
29376000.00,1576452199721.82,1680826525908.93,-877567055747.16,-21318.67,-10119.91,-29089.50
29808000.00,1567241230656.15,1676453333589.23,-890132990926.21,-21324.70,-10126.35,-29086.11
30240000.00,1558027657318.56,1672077356044.17,-902697446139.05,-21330.73,-10132.81,-29082.65
30672000.00,1548811481537.05,1667698586077.72,-915260392718.68,-21336.75,-10139.28,-29079.13
31104000.00,1539592705513.67,1663317016800.88,-927821801906.46,-21342.77,-10145.77,-29075.53
