0.00,642679566906.57,-385220175266.12,-12779633123.57,6559.61,11820.90,0.01
423360.00,645438293003.67,-380204807975.81,-12779265975.06,6473.72,11871.14,1.71
846720.00,648160877566.21,-375167858946.41,-12778186748.96,6386.50,11923.22,3.41
1270080.00,650846338960.69,-370110023928.48,-12776387077.85,6300.30,11970.98,5.10
1693440.00,653495582275.46,-365031501640.37,-12773871062.51,6214.15,12020.75,6.81
2116800.00,656107976206.95,-359931982345.03,-12770623766.19,6126.08,12069.96,8.54
2540160.00,658682950388.36,-354812151071.06,-12766652390.10,6038.05,12117.06,10.22
2963520.00,661220667996.28,-349672425508.08,-12761970851.46,5949.90,12163.70,11.91
3386880.00,663721129691.76,-344513007693.06,-12756569208.68,5861.79,12210.34,13.63
3810240.00,666184019164.96,-339333923625.30,-12750434283.82,5772.46,12256.25,15.36
4233600.00,668609119690.55,-334135653511.64,-12743572526.93,5683.31,12301.39,17.06
4656960.00,670996272339.51,-328918356115.90,-12735994944.70,5593.26,12345.78,18.75
5080320.00,673345309223.07,-323682445239.00,-12727701058.08,5503.17,12389.50,20.45
5503680.00,675656076563.34,-318428128995.58,-12718682092.37,5412.42,12432.60,22.17
5927040.00,677928345656.91,-313155816755.59,-12708933581.10,5321.49,12474.50,23.89
6350400.00,680162240504.42,-307865845088.00,-12698460601.15,5230.94,12516.37,25.60
6773760.00,682357550737.41,-302558162658.58,-12687267426.50,5139.23,12557.81,27.29
7197120.00,684513932505.82,-297233128907.53,-12675355546.47,5047.04,12598.39,28.99
7620480.00,686631161679.53,-291891092867.39,-12662722233.34,4954.27,12638.07,30.70
8043840.00,688709044620.04,-286532507237.58,-12649364374.90,4861.26,12676.55,32.41
8467200.00,690747602417.00,-281157833785.80,-12635282780.59,4768.55,12714.17,34.12
8890560.00,692746988328.56,-275767281950.06,-12620479546.00,4676.13,12751.77,35.82
9313920.00,694707061395.15,-270360749523.13,-12604955643.62,4582.63,12789.39,37.52
9737280.00,696627357775.21,-264938500583.25,-12588711815.59,4488.31,12826.01,39.22
10160640.00,698507597650.43,-259500966974.52,-12571748351.02,4393.43,12861.55,40.92
10584000.00,700347603128.23,-254048642428.63,-12554064972.69,4298.32,12895.87,42.62
11007360.00,702147377390.52,-248582008467.94,-12535662645.12,4203.41,12929.23,44.32
11430720.00,703907007866.47,-243101364652.81,-12516541992.99,4108.63,12962.09,46.02
11854080.00,705626512008.16,-237606896117.13,-12496702996.58,4013.87,12994.59,47.71
12277440.00,707305846983.47,-232098636632.14,-12476146483.88,3918.60,13027.26,49.41
12700800.00,708944566745.42,-226576688268.91,-12454872784.31,3822.12,13059.04,51.10
13124160.00,710542317406.23,-221041549219.93,-12432883239.34,3725.11,13089.57,52.79
13547520.00,712098951907.89,-215493750053.21,-12410179497.36,3627.95,13118.85,54.48
13970880.00,713614484383.94,-209933774545.28,-12386763524.46,3530.97,13147.16,56.16
14394240.00,715088996970.11,-204361945581.42,-12362636082.16,3434.13,13174.89,57.84
14817600.00,716522495809.19,-198778475612.51,-12337796493.13,3337.19,13202.16,59.52
15240960.00,717914906578.76,-193183552835.96,-12312244576.28,3239.99,13228.98,61.20
15664320.00,719266092878.50,-187577389933.55,-12285981476.21,3142.47,13255.26,62.88
16087680.00,720575893914.90,-181960164886.60,-12259009127.00,3044.30,13281.20,64.55
16511040.00,721843922937.07,-176332197993.38,-12231328905.94,2945.29,13305.87,66.22
16934400.00,723070005133.48,-170694078512.41,-12202943447.19,2846.21,13329.21,67.88
17357760.00,724254181957.65,-165046291743.43,-12173855429.21,2747.34,13351.60,69.54
17781120.00,725396531618.31,-159389167080.64,-12144065891.41,2648.58,13373.35,71.20
18204480.00,726497069913.82,-153722947379.10,-12113574430.86,2549.80,13394.57,72.86
18627840.00,727555753192.92,-148047843105.73,-12082380761.97,2450.82,13415.32,74.52
19051200.00,728572454065.92,-142364060573.97,-12050485449.47,2351.43,13435.53,76.17
19474560.00,729546977088.94,-136671878834.46,-12017890271.19,2251.57,13454.95,77.82
19897920.00,730479143025.75,-130971683899.64,-11984598036.39,2151.39,13473.35,79.46
20321280.00,731368897919.61,-125263893292.75,-11950612155.69,2051.21,13490.93,81.10
20744640.00,732216162035.32,-119548816090.99,-11915935338.47,1950.64,13507.64,82.73
21168000.00,733020848916.96,-113826906741.15,-11880569760.12,1850.14,13523.27,84.35
21591360.00,733783015713.48,-108098536750.63,-11844516624.41,1749.75,13538.18,85.98
22014720.00,734502687691.42,-102363985066.97,-11807776071.94,1649.37,13552.48,87.60
22438080.00,735179849077.16,-96623492583.81,-11770348333.37,1548.89,13566.25,89.22
22861440.00,735814416295.44,-90877283544.08,-11732234283.86,1448.12,13579.47,90.84
23284800.00,736406239196.06,-85125627055.81,-11693435892.73,1346.96,13591.95,92.46
23708160.00,736955150877.97,-79368871971.48,-11653956137.77,1245.42,13603.52,94.06
24131520.00,737461021707.23,-73607440444.48,-11613798374.47,1143.66,13614.02,95.66
24554880.00,737923798405.46,-67841794741.01,-11572965926.48,1041.88,13623.42,97.25
24978240.00,738343526354.46,-62072386668.50,-11531461989.38,940.33,13631.82,98.83
25401600.00,738720353808.79,-56299566093.63,-11489289209.42,839.19,13639.66,100.41
25824960.00,739054326780.65,-50523486069.28,-11446448527.79,737.78,13647.10,101.99
26248320.00,739345328115.40,-44744438586.89,-11402940346.43,636.25,13653.69,103.56
26671680.00,739593340230.04,-38962740992.84,-11358765955.73,534.68,13659.63,105.13
27095040.00,739798314475.24,-33178659007.06,-11313927168.80,432.91,13664.94,106.70
27518400.00,739960150094.69,-27392483947.27,-11268426580.83,330.88,13669.49,108.26
27941760.00,740078733476.18,-21604563586.12,-11222267436.66,228.59,13673.16,109.81
28365120.00,740153975841.29,-15815296409.63,-11175453101.12,126.15,13675.84,111.35
28788480.00,740185835370.53,-10025109526.29,-11127986765.44,23.67,13677.49,112.89
29211840.00,740174326322.51,-4234431376.42,-11079871560.51,-78.71,13678.16,114.42
29635200.00,740119512471.74,1556341227.97,-11031110518.25,-180.90,13677.96,115.94
30058560.00,740021473795.16,7346864459.60,-10981706163.69,-282.92,13677.00,117.46
30481920.00,739880274038.34,13136829298.80,-10931660469.79,-384.80,13675.32,118.97
30905280.00,739695974639.36,18925938387.78,-10880975440.04,-486.51,13672.96,120.48
