0.00,616967699374.93,-398197746408.86,-18274677756.89,5802.49,13374.47,0.02
424800.00,619425725244.21,-392498597187.91,-18271630110.48,5770.03,13457.63,14.38
849600.00,621869971872.22,-386764539572.84,-18262481239.36,5737.62,13538.81,28.75
1274400.00,624300457931.27,-380996420727.80,-18247223052.69,5705.25,13617.99,43.14
1699200.00,626717204883.04,-375195100429.91,-18225848677.42,5672.93,13695.12,57.54
2124000.00,629120237028.04,-369361452474.12,-18198352646.24,5640.68,13770.17,71.96
2548800.00,631509581457.50,-363496365992.84,-18164731098.97,5608.49,13843.12,86.38
2973600.00,633885267900.28,-357600746803.39,-18124982009.72,5576.38,13913.91,100.81
3398400.00,636247328507.85,-351675518640.31,-18079105413.63,5544.34,13982.51,115.23
3823200.00,638595797514.43,-345721624418.89,-18027103663.58,5512.39,14048.86,129.65
4248000.00,640930710825.00,-339740027385.33,-17968981689.88,5480.52,14112.92,144.04
4672800.00,643252105495.41,-333731712274.04,-17904747285.75,5448.74,14174.63,158.42
5097600.00,645560019129.87,-327697686323.01,-17834411392.38,5417.05,14233.95,172.77
5522400.00,647854489161.29,-321638980350.37,-17757988413.79,5385.45,14290.81,187.08
5947200.00,650135552062.16,-315556649589.03,-17675496525.70,5353.93,14345.16,201.34
6372000.00,652403242456.99,-309451774611.24,-17586958006.71,5322.49,14396.93,215.55
6796800.00,654657592105.82,-303325462073.72,-17492399582.10,5291.12,14446.07,229.68
7221600.00,656898628839.61,-297178845337.01,-17391852768.80,5259.81,14492.51,243.74
7646400.00,659126375405.14,-291013085131.93,-17285354224.82,5228.54,14536.18,257.70
8071200.00,661340848201.37,-284829369908.17,-17172946111.10,5197.31,14577.02,271.56
8496000.00,663542055958.30,-278628916340.28,-17054676454.42,5166.09,14614.96,285.29
8920800.00,665729998252.91,-272412969377.99,-16930599535.50,5134.85,14649.94,298.89
9345600.00,667904664207.60,-266182802523.12,-16800776204.42,5103.57,14681.89,312.34
9770400.00,670066030765.38,-259939717733.90,-16665274295.43,5072.23,14710.74,325.63
10195200.00,672214061216.87,-253685045314.43,-16524168952.78,5040.78,14736.42,338.72
10620000.00,674348703496.52,-247420143614.98,-16377543007.31,5009.19,14758.88,351.61
11044800.00,676469888557.94,-241146398659.44,-16225487302.69,4977.41,14778.04,364.28
11469600.00,678577528618.00,-234865223588.14,-16068101046.63,4945.41,14793.84,376.71
11894400.00,680671515506.63,-228578058063.59,-15905492111.06,4913.12,14806.22,388.87
12319200.00,682751718723.88,-222286367406.38,-15737777391.66,4880.50,14815.12,400.74
12744000.00,684817983944.01,-215991641679.41,-15565083053.34,4847.49,14820.49,412.31
13168800.00,686870131115.55,-209695394865.49,-15387544829.07,4814.02,14822.26,423.54
13593600.00,688907952601.50,-203399163506.43,-15205308324.77,4780.03,14820.39,434.42
14018400.00,690931211688.13,-197104505703.45,-15018529209.06,4745.45,14814.83,444.92
14443200.00,692939640517.76,-190812999763.47,-14827373513.57,4710.19,14805.53,455.02
14868000.00,694932938535.22,-184526242723.41,-14632017832.59,4674.19,14792.46,464.69
15292800.00,696910770838.68,-178245849209.75,-14432649502.90,4637.36,14775.56,473.91
15717600.00,698872766069.19,-171973449815.90,-14229466871.42,4599.61,14754.80,482.64
16142400.00,700818514910.69,-165710689523.70,-14022679456.32,4560.85,14730.16,490.87
16567200.00,702747568251.54,-159459226375.50,-13812508129.28,4520.99,14701.59,498.57
16992000.00,704659435208.15,-153220729772.09,-13599185327.75,4479.92,14669.09,505.70
17416800.00,706553581387.11,-146996878924.71,-13382955224.70,4437.54,14632.62,512.25
17841600.00,708429426866.08,-140789361434.21,-13164073917.41,4393.73,14592.18,518.18
18266400.00,710286343943.62,-134599871538.99,-12942809650.11,4348.39,14547.73,523.46
18691200.00,712123655040.37,-128430108426.52,-12719443022.20,4301.40,14499.28,528.07
19116000.00,713940630441.16,-122281774715.31,-12494267203.64,4252.62,14446.83,531.97
19540800.00,715736485625.35,-116156574763.17,-12267588184.19,4201.94,14390.35,535.14
19965600.00,717510378528.47,-110056212789.45,-12039725043.25,4149.19,14329.87,537.54
20390400.00,719261406607.08,-103982391014.93,-11811010234.73,4094.25,14265.39,539.14
20815200.00,720988603632.09,-97936807755.68,-11581789891.67,4036.96,14196.91,539.91
21240000.00,722690935931.27,-91921155046.63,-11352424161.17,3977.15,14124.46,539.82
21664800.00,724367298849.78,-85937116084.18,-11123287551.52,3914.66,14048.06,538.82
22089600.00,726016512578.52,-79986362887.57,-10894769301.29,3849.29,13967.74,536.90
22514400.00,727637317412.85,-74070552981.20,-10667273750.38,3780.86,13883.54,534.00
22939200.00,729228368930.22,-68191325555.31,-10441220703.16,3709.16,13795.50,530.10
23364000.00,730788233116.23,-62350297469.44,-10217045795.18,3633.98,13703.69,525.15
23788800.00,732315380560.06,-56549058852.76,-9995200853.86,3555.08,13608.17,519.12
24213600.00,733808180498.62,-50789166663.57,-9776154105.35,3472.21,13509.03,511.96
24638400.00,735264895350.58,-45072138600.86,-9560390435.63,3385.12,13406.37,503.65
25063200.00,736683674148.02,-39399445952.37,-9348411535.95,3293.54,13300.31,494.13
25488000.00,738062546030.49,-33772504322.89,-9140735808.33,3197.17,13190.99,483.38
25912800.00,739399414394.86,-28192663008.13,-8937898062.88,3095.72,13078.57,471.34
26337600.00,740692051444.84,-22661194133.49,-8740449174.98,2988.86,12963.27,458.00
26762400.00,741938091934.96,-17179279607.93,-8548955379.67,2876.26,12845.30,443.30
27187200.00,743135028886.69,-11747994686.27,-8363996874.57,2757.59,12724.94,427.22
27612000.00,744280210748.68,-6368291893.21,-8186166425.37,2632.51,12602.49,409.73
28036800.00,745370838730.28,-1040982683.08,-8016067425.39,2500.67,12478.32,390.81
28461600.00,746403966557.29,4233284220.40,-7854311049.66,2361.72,12352.83,370.44
28886400.00,747376503765.62,9454046178.98,-7701512656.77,2215.32,12226.50,348.63
29311200.00,748285221677.19,14621049630.95,-7558287932.88,2061.17,12099.82,325.37
29736000.00,749126761268.34,19734275338.64,-7425248163.12,1898.97,11973.41,300.68
30160800.00,749897647310.29,24793966763.02,-7302993767.08,1728.46,11847.90,274.59
30585600.00,750594307877.14,29800655808.23,-7192107613.53,1549.45,11724.00,247.16
31010400.00,751213096998.85,34755187703.21,-7093147795.84,1361.79,11602.48,218.45
