0.00,659919004142.45,-387183630472.85,-9426593663.24,6562.95,8854.48,-0.11
432000.00,662699754167.12,-383342922289.08,-9433456478.47,6309.96,8928.96,-31.72
864000.00,665372246935.62,-379467677951.30,-9453766608.07,6061.94,9014.30,-62.32
1296000.00,667938820843.77,-375553387517.90,-9487046524.64,5819.76,9109.64,-91.73
1728000.00,670402153306.12,-371595932540.06,-9532749037.67,5584.12,9214.04,-119.81
2160000.00,672765194987.16,-367591608295.09,-9590270182.40,5355.58,9326.52,-146.42
2592000.00,675031104392.96,-363537134281.97,-9658962185.66,5134.54,9446.09,-171.50
3024000.00,677203186427.61,-359429654306.53,-9738145612.67,4921.28,9571.80,-194.98
3456000.00,679284835249.03,-355266727480.48,-9827120728.89,4715.94,9702.67,-216.82
3888000.00,681279483256.07,-351046312048.80,-9925177627.70,4518.55,9837.83,-237.01
4320000.00,683190556164.13,-346766743419.13,-10031605222.81,4329.05,9976.42,-255.56
4752000.00,685021435311.39,-342426707903.35,-10145698861.65,4147.30,10117.66,-272.50
5184000.00,686775426386.55,-338025214772.90,-10266766527.87,3973.10,10260.84,-287.85
5616000.00,688455734098.67,-333561565746.66,-10394134057.69,3806.18,10405.33,-301.66
6048000.00,690065443496.79,-329035325314.86,-10527148901.99,3646.25,10550.53,-313.99
6480000.00,691607505697.00,-324446290887.07,-10665183114.27,3492.99,10695.96,-324.90
6912000.00,693084728951.29,-319794464669.36,-10807635241.64,3346.05,10841.17,-334.45
7344000.00,694499772918.64,-315080027198.26,-10953931535.42,3205.10,10985.77,-342.70
7776000.00,695855146450.07,-310303312362.43,-11103526542.49,3069.78,11129.43,-349.72
8208000.00,697153208260.77,-305464784974.04,-11255903081.74,2939.75,11271.88,-355.58
8640000.00,698396169507.75,-300565020438.21,-11410571849.40,2814.66,11412.89,-360.33
9072000.00,699586098147.98,-295604686805.13,-11567070662.15,2694.20,11552.26,-364.05
9504000.00,700724924154.09,-290584528535.22,-11724963499.02,2578.06,11689.82,-366.79
9936000.00,701814446090.65,-285505352512.05,-11883839341.72,2465.92,11825.46,-368.61
10368000.00,702856337846.09,-280368015897.67,-12043310893.74,2357.53,11959.05,-369.55
10800000.00,703852155983.48,-275173415360.27,-12203013235.51,2252.60,12090.54,-369.68
11232000.00,704803347373.52,-269922478214.61,-12362602434.20,2150.90,12219.85,-369.03
11664000.00,705711256620.29,-264616155145.02,-12521754152.05,2052.20,12346.94,-367.66
12096000.00,706577133189.88,-259255413628.05,-12680162279.48,1956.29,12471.77,-365.59
12528000.00,707402138795.52,-253841232481.16,-12837537603.26,1862.97,12594.32,-362.88
12960000.00,708187354307.36,-248374597886.04,-12993606524.06,1772.07,12714.59,-359.54
13392000.00,708933786189.65,-242856499736.28,-13148109826.27,1683.41,12832.56,-355.63
13824000.00,709642372999.33,-237287928649.57,-13300801500.21,1596.85,12948.25,-351.16
14256000.00,710313991495.58,-231669874145.01,-13451447655.24,1512.25,13061.64,-346.16
14688000.00,710949462061.41,-226003323180.45,-13599825501.35,1429.49,13172.75,-340.66
15120000.00,711549554082.03,-220289258751.88,-13745722369.76,1348.45,13281.60,-334.67
15552000.00,712114991013.23,-214528659414.73,-13888934833.03,1269.04,13388.18,-328.23
15984000.00,712646454831.95,-208722498985.85,-14029267885.18,1191.17,13492.51,-321.34
16416000.00,713144590386.52,-202871746293.72,-14166534163.04,1114.74,13594.61,-314.03
16848000.00,713610009493.73,-196977365310.69,-14300553235.00,1039.70,13694.48,-306.31
17280000.00,714043294796.12,-191040315651.88,-14431150961.05,965.97,13792.14,-298.19
17712000.00,714445003050.80,-185061553412.36,-14558158945.92,893.51,13887.58,-289.69
18144000.00,714815668253.95,-179042031601.56,-14681413975.22,822.26,13980.83,-280.82
18576000.00,715155804927.52,-172982700931.04,-14800757505.20,752.17,14071.87,-271.58
19008000.00,715465910790.74,-166884511197.73,-14916035288.79,683.23,14160.72,-261.99
19440000.00,715746468987.21,-160748412431.30,-15027097022.77,615.38,14247.36,-252.06
19872000.00,715997950315.74,-154575355796.49,-15133795980.08,548.62,14331.80,-241.79
20304000.00,716220815539.60,-148366294553.53,-15235988654.20,482.90,14414.03,-231.20
20736000.00,716415517518.23,-142122185513.63,-15333534506.68,418.23,14494.04,-220.28
21168000.00,716582502608.82,-135843990751.50,-15426295851.68,354.59,14571.82,-209.05
21600000.00,716722211961.89,-129532678632.12,-15514137658.87,291.96,14647.35,-197.50
22032000.00,716835083247.41,-123189224854.06,-15596927316.52,230.35,14720.60,-185.65
22464000.00,716921552004.14,-116814614100.57,-15674534553.36,169.74,14791.57,-173.51
22896000.00,716982052435.74,-110409841668.19,-15746831444.99,110.13,14860.22,-161.07
23328000.00,717017018091.35,-103975914817.54,-15813692408.10,51.53,14926.53,-148.34
23760000.00,717026882532.68,-97513853977.17,-15874994186.22,-6.07,14990.45,-135.33
24192000.00,717012080016.99,-91024693940.17,-15930615835.77,-62.67,15051.96,-122.04
24624000.00,716973045996.29,-84509485288.58,-15980438787.34,-118.25,15111.02,-108.48
25056000.00,716910217159.09,-77969295845.85,-16024347010.53,-172.82,15167.59,-94.66
25488000.00,716824031397.55,-71405211726.50,-16062227134.67,-226.38,15221.62,-80.58
25920000.00,716714927965.42,-64818338371.28,-16093968532.89,-278.91,15273.07,-66.24
26352000.00,716583347321.26,-58209801797.68,-16119463517.47,-330.43,15321.89,-51.66
26784000.00,716429730635.55,-51580749727.31,-16138607595.22,-380.92,15368.02,-36.84
27216000.00,716254519199.66,-44932352508.73,-16151299719.59,-430.40,15411.42,-21.79
27648000.00,716058153788.15,-38265803920.87,-16157442547.62,-478.85,15452.03,-6.52
28080000.00,715841073951.37,-31582321882.12,-16156942708.46,-526.29,15489.79,8.97
28512000.00,715603717168.81,-24883149145.23,-16149711107.09,-572.72,15524.64,24.65
28944000.00,715346517704.69,-18169553919.40,-16135663298.76,-618.15,15556.53,40.52
29376000.00,715069905298.73,-11442830173.62,-16114719871.59,-662.59,15585.39,56.57
29808000.00,714774304056.40,-4704297627.96,-16086806732.33,-706.06,15611.17,72.79
30240000.00,714460131514.35,2044698188.28,-16051855346.87,-748.57,15633.80,89.16
30672000.00,714127797356.26,8802785732.14,-16009803102.38,-790.14,15653.23,105.66
31104000.00,713777701746.59,15568567514.47,-15960593753.90,-830.80,15669.39,122.29
