0.00,667083193078.60,-371001275786.77,-6523134481.62,7541.66,10334.06,-297.47
432000.00,670310812476.76,-366533561966.53,-6654489015.80,7400.39,10350.00,-310.67
864000.00,673477201325.86,-362058776354.42,-6791512266.92,7258.18,10366.80,-323.71
1296000.00,676581953139.56,-357576543732.64,-6934132741.54,7115.04,10384.48,-336.58
1728000.00,679624667162.07,-353086484574.48,-7082277450.85,6970.97,10403.04,-349.29
2160000.00,682604948257.32,-348588213784.30,-7235871670.68,6825.99,10422.50,-361.81
2592000.00,685522406906.64,-344081339547.01,-7394838704.28,6680.12,10442.88,-374.16
3024000.00,688376659333.47,-339565462162.46,-7559099617.55,6533.37,10464.19,-386.32
3456000.00,691167327689.43,-335040173014.51,-7728572991.19,6385.75,10486.46,-398.29
3888000.00,693894040384.72,-330505053523.91,-7903174640.79,6237.28,10509.71,-410.06
4320000.00,696556432478.97,-325959674231.70,-8082817351.30,6087.97,10533.97,-421.62
4752000.00,699154146186.68,-321403593889.19,-8267410594.57,5937.84,10559.26,-432.98
5184000.00,701686831427.83,-316836358699.97,-8456860265.15,5786.92,10585.62,-444.11
5616000.00,704154146553.96,-312257501512.58,-8651068372.45,5635.21,10613.07,-455.00
6048000.00,706555759027.59,-307666541257.47,-8849932788.31,5482.74,10641.66,-465.66
6480000.00,708891346269.33,-303062982312.28,-9053346956.55,5329.54,10671.41,-476.06
6912000.00,711160596567.14,-298446314033.50,-9261199612.90,5175.62,10702.36,-486.21
7344000.00,713363209974.96,-293816010418.91,-9473374531.65,5021.03,10734.55,-496.07
7776000.00,715498899391.36,-289171529729.82,-9689750238.90,4865.79,10768.01,-505.65
8208000.00,717567391509.62,-284512314394.69,-9910199794.13,4709.94,10802.77,-514.93
8640000.00,719568428054.53,-279837790792.89,-10134590505.05,4553.50,10838.89,-523.89
9072000.00,721501766821.08,-275147369432.84,-10362783725.79,4396.53,10876.38,-532.53
9504000.00,723367182830.81,-270440444893.70,-10594634636.09,4239.05,10915.30,-540.82
9936000.00,725164469579.73,-265716396166.12,-10829992026.02,4081.12,10955.67,-548.76
10368000.00,726893440172.05,-260974586911.45,-11068698122.32,3922.78,10997.54,-556.32
10800000.00,728553928539.51,-256214365948.80,-11310588414.22,3764.08,11040.92,-563.50
11232000.00,730145790599.85,-251435067726.81,-11555491510.75,3605.07,11085.87,-570.27
11664000.00,731668905400.76,-246636013000.46,-11803229017.77,3445.82,11132.40,-576.62
12096000.00,733123176291.45,-241816509460.95,-12053615424.62,3286.36,11180.55,-582.53
12528000.00,734508532101.27,-236975852693.57,-12306458002.80,3126.77,11230.34,-587.98
12960000.00,735824927965.80,-232113326941.25,-12561556784.12,2967.11,11281.80,-592.97
13392000.00,737072346617.85,-227228206050.81,-12818704473.04,2807.45,11334.96,-597.46
13824000.00,738250799177.97,-222319754621.45,-13077686450.18,2647.84,11389.82,-601.45
14256000.00,739360326050.57,-217387228875.32,-13338280772.04,2488.36,11446.42,-604.92
14688000.00,740400998007.32,-212429877979.19,-13600258150.57,2329.08,11504.76,-607.85
15120000.00,741372916622.21,-207446945112.71,-13863382028.42,2170.07,11564.86,-610.23
15552000.00,742276215239.93,-202437668495.30,-14127408599.24,2011.41,11626.73,-612.03
15984000.00,743111059685.09,-197401282772.06,-14392086861.19,1853.16,11690.38,-613.24
16416000.00,743877648692.35,-192337020077.40,-14657158701.29,1695.42,11755.80,-613.84
16848000.00,744576214667.28,-187244111132.06,-14922358953.29,1538.26,11823.00,-613.83
17280000.00,745207024220.54,-182121786567.20,-15187415473.08,1381.75,11891.99,-613.17
17712000.00,745770378586.45,-176969277849.48,-15452049222.80,1225.98,11962.75,-611.87
18144000.00,746266614241.43,-171785818421.00,-15715974340.63,1071.03,12035.28,-609.89
18576000.00,746696103379.15,-166570644672.67,-15978898206.51,916.99,12109.58,-607.23
19008000.00,747059254526.35,-161322996983.28,-16240521499.67,763.93,12185.63,-603.86
19440000.00,747356513010.17,-156042120672.87,-16500538250.41,611.95,12263.42,-599.78
19872000.00,747588361558.83,-150727266656.17,-16758635857.11,461.12,12342.94,-594.97
20304000.00,747755321312.70,-145377692498.48,-17014495110.18,311.55,12424.16,-589.42
20736000.00,747857952326.79,-139992663298.12,-17267790194.95,163.33,12507.08,-583.10
21168000.00,747896854421.83,-134571452043.02,-17518188632.16,16.53,12591.68,-576.00
21600000.00,747872668612.94,-129113340530.65,-17765351244.77,-128.73,12677.92,-568.11
22032000.00,747786078165.13,-123617620412.78,-18008932114.55,-272.35,12765.79,-559.41
22464000.00,747637809685.67,-118083593385.86,-18248578419.42,-414.25,12855.27,-549.89
22896000.00,747428635336.29,-112510572066.20,-18483930342.41,-554.30,12946.32,-539.53
23328000.00,747159374511.58,-106897881434.96,-18714621007.58,-692.40,13038.92,-528.30
23760000.00,746830895498.67,-101244859155.14,-18940276227.34,-828.43,13133.04,-516.21
24192000.00,746444118302.78,-95550856487.23,-19160514325.71,-962.27,13228.65,-503.22
24624000.00,746000017419.23,-89815240114.33,-19374946068.45,-1093.79,13325.70,-489.32
25056000.00,745499624354.61,-84037393350.17,-19583174430.04,-1222.85,13424.15,-474.49
25488000.00,744944031147.36,-78216717470.04,-19784794363.03,-1349.31,13523.98,-458.72
25920000.00,744334394263.48,-72352634276.23,-19979392774.76,-1473.02,13625.11,-441.98
26352000.00,743671938102.60,-66444588733.01,-20166548450.42,-1593.81,13727.50,-424.26
26784000.00,742957959160.85,-60492051245.04,-20345831844.75,-1711.51,13831.08,-405.53
27216000.00,742193831021.26,-54494521403.63,-20516805176.07,-1825.94,13935.79,-385.78
27648000.00,741381008858.29,-48451532500.05,-20679022637.96,-1936.90,14041.53,-364.99
28080000.00,740521034371.47,-42362655848.65,-20832030477.24,-2044.19,14148.22,-343.13
28512000.00,739615541376.36,-36227506698.30,-20975367436.00,-2147.58,14255.74,-320.21
28944000.00,738666260867.86,-30045751358.54,-21108565478.64,-2246.86,14363.97,-296.19
29376000.00,737675026028.51,-23817114569.42,-21231150498.42,-2341.76,14472.76,-271.07
29808000.00,736643777631.85,-17541388171.21,-21342643309.31,-2432.05,14581.95,-244.83
30240000.00,735574568941.33,-11218441797.02,-21442561222.45,-2517.44,14691.34,-217.47
30672000.00,734469569526.31,-4848234450.18,-21530419880.03,-2597.68,14800.71,-189.00
31104000.00,733331068996.73,1569173120.68,-21605735233.94,-2672.47,14909.81,-159.40
