0.00,997747522454.72,-1124137194352.55,-27918141778.16,7034.82,5100.45,0.00
426082.00,1000735253730.36,-1121958327274.13,-27915455972.90,6989.51,5127.07,12.54
852164.00,1003703826945.77,-1119768024703.31,-27907507656.12,6944.89,5154.13,24.70
1278246.00,1006653530030.68,-1117566110427.49,-27894456109.22,6900.93,5181.57,36.50
1704328.00,1009584641817.25,-1115352422496.88,-27876454995.49,6857.62,5209.39,47.94
2130410.00,1012497432265.71,-1113126812126.79,-27853652590.86,6814.93,5237.53,59.04
2556492.00,1015392162693.87,-1110889142652.21,-27826191985.29,6772.84,5265.99,69.81
2982574.00,1018269086044.79,-1108639288597.25,-27794211321.18,6731.34,5294.72,80.26
3408656.00,1021128447119.57,-1106377134812.84,-27757843981.40,6690.40,5323.72,90.40
3834738.00,1023970482846.88,-1104102575675.52,-27717218800.07,6650.01,5352.95,100.24
4260820.00,1026795422530.73,-1101815514376.65,-27672460259.22,6610.15,5382.40,109.80
4686902.00,1029603488099.09,-1099515862235.35,-27623688662.67,6570.80,5412.05,119.08
5112984.00,1032394894368.90,-1097203538095.94,-27571020334.89,6531.95,5441.88,128.09
5539066.00,1035169849275.04,-1094878467757.71,-27514567776.94,6493.58,5471.87,136.85
5965148.00,1037928554127.51,-1092540583449.95,-27454439841.66,6455.67,5502.02,145.35
6391230.00,1040671203838.68,-1090189823365.75,-27390741893.34,6418.21,5532.31,153.61
6817312.00,1043397987152.11,-1087826131204.94,-27323575950.08,6381.19,5562.72,161.63
7243394.00,1046109086875.42,-1085449455780.22,-27253040843.58,6344.59,5593.25,169.42
7669476.00,1048804680080.99,-1083059750632.98,-27179232343.32,6308.40,5623.88,176.99
8095558.00,1051484938329.84,-1080656973684.88,-27102243297.36,6272.61,5654.61,184.35
8521640.00,1054150027864.20,-1078241086925.65,-27022163758.41,6237.20,5685.42,191.50
8947722.00,1056800109805.57,-1075812056102.86,-26939081098.00,6202.16,5716.30,198.45
9373804.00,1059435340351.22,-1073369850461.40,-26853080133.71,6167.49,5747.26,205.20
9799886.00,1062055870943.04,-1070914442480.42,-26764243227.30,6133.16,5778.27,211.76
10225968.00,1064661848455.77,-1068445807639.91,-26672650396.75,6099.18,5809.34,218.14
10652050.00,1067253415354.27,-1065963924207.68,-26578379414.98,6065.52,5840.46,224.33
11078132.00,1069830709859.64,-1063468773025.11,-26481505900.32,6032.18,5871.62,230.35
11504214.00,1072393866110.03,-1060960337331.79,-26382103417.13,5999.15,5902.81,236.21
11930296.00,1074943014300.81,-1058438602580.70,-26280243553.07,5966.43,5934.04,241.89
12356378.00,1077478280840.87,-1055903556279.43,-26175996008.65,5933.99,5965.30,247.41
12782460.00,1079999788480.76,-1053355187843.21,-26069428675.17,5901.84,5996.57,252.78
13208542.00,1082507656450.50,-1050793488444.79,-25960607706.62,5869.97,6027.87,257.99
13634624.00,1085002000589.74,-1048218450895.37,-25849597599.44,5838.36,6059.18,263.06
14060706.00,1087482933462.49,-1045630069510.84,-25736461253.34,5807.01,6090.51,267.97
14486788.00,1089950564485.76,-1043028340002.81,-25621260042.90,5775.92,6121.84,272.75
14912870.00,1092405000033.46,-1040413259373.35,-25504053879.37,5745.07,6153.17,277.39
15338952.00,1094846343551.70,-1037784825807.82,-25384901268.59,5714.47,6184.51,281.89
15765034.00,1097274695664.99,-1035143038593.71,-25263859374.99,5684.09,6215.86,286.25
16191116.00,1099690154270.73,-1032487898022.43,-25140984070.23,5653.94,6247.19,290.49
16617198.00,1102092814645.11,-1029819405313.84,-25016329990.82,5624.02,6278.53,294.60
17043280.00,1104482769526.99,-1027137562539.18,-24889950587.55,5594.30,6309.86,298.59
17469362.00,1106860109213.96,-1024442372542.71,-24761898172.28,5564.80,6341.18,302.46
17895444.00,1109224921649.54,-1021733838884.72,-24632223969.76,5535.50,6372.49,306.20
18321526.00,1111577292501.85,-1019011965767.22,-24500978157.19,5506.40,6403.79,309.84
18747608.00,1113917305252.36,-1016276757981.55,-24368209911.35,5477.49,6435.08,313.35
19173690.00,1116245041264.41,-1013528220851.14,-24233967449.01,5448.77,6466.36,316.76
19599772.00,1118560579864.46,-1010766360173.61,-24098298065.17,5420.24,6497.62,320.05
20025854.00,1120863998412.76,-1007991182180.13,-23961248175.49,5391.88,6528.87,323.24
20451936.00,1123155372369.87,-1005202693477.09,-23822863348.81,5363.70,6560.10,326.32
20878018.00,1125434775371.02,-1002400901008.57,-23683188346.14,5335.69,6591.32,329.29
21304100.00,1127702279283.41,-999585812012.31,-23542267154.26,5307.85,6622.52,332.17
21730182.00,1129957954276.22,-996757433975.53,-23400143017.84,5280.17,6653.70,334.94
22156264.00,1132201868879.70,-993915774606.45,-23256858474.93,5252.64,6684.86,337.61
22582346.00,1134434090041.88,-991060841787.80,-23112455384.27,5225.28,6716.00,340.19
23008428.00,1136654683191.57,-988192643549.73,-22966974958.07,5198.06,6747.12,342.67
23434510.00,1138863712286.46,-985311188034.01,-22820457790.39,5171.00,6778.23,345.06
23860592.00,1141061239874.14,-982416483459.67,-22672943884.51,5144.07,6809.31,347.35
24286674.00,1143247327142.28,-979508538101.51,-22524472683.18,5117.29,6840.38,349.55
24712756.00,1145422033968.56,-976587360251.64,-22375083092.42,5090.65,6871.43,351.66
25138838.00,1147585418975.79,-973652958200.23,-22224813509.65,5064.15,6902.45,353.68
25564920.00,1149737539573.16,-970705340206.18,-22073701848.45,5037.78,6933.46,355.61
25991002.00,1151878452010.13,-967744514469.59,-21921785562.40,5011.54,6964.45,357.46
26417084.00,1154008211419.49,-964770489114.82,-21769101671.35,4985.43,6995.42,359.22
26843166.00,1156126871862.12,-961783272157.15,-21615686782.59,4959.44,7026.37,360.89
27269248.00,1158234486376.27,-958782871488.05,-21461577115.69,4933.58,7057.30,362.48
27695330.00,1160331107013.89,-955769294849.72,-21306808524.87,4907.84,7088.22,363.98
28121412.00,1162416784890.57,-952742549812.77,-21151416520.37,4882.21,7119.12,365.40
28547494.00,1164491570223.60,-949702643762.92,-20995436292.14,4856.71,7149.99,366.74
28973576.00,1166555512373.12,-946649583871.57,-20838902729.28,4831.32,7180.86,368.00
29399658.00,1168608659886.07,-943583377083.94,-20681850442.45,4806.04,7211.71,369.18
29825740.00,1170651060530.23,-940504030095.75,-20524313784.61,4780.87,7242.54,370.27
30251822.00,1172682761340.55,-937411549333.65,-20366326871.02,4755.81,7273.35,371.29
30677904.00,1174703808654.30,-934305940943.58,-20207923601.12,4730.86,7304.16,372.23
31103986.00,1176714248150.85,-931187210764.05,-20049137677.32,4706.02,7334.95,373.09
