0.00,2213864907744.65,-4635653992758.39,-144301732319.40,5095.07,1270.34,-1524.63
1200.00,2213871021831.05,-4635652468346.00,-144303561877.04,5095.27,1270.39,-1524.92
2400.00,2213877136158.44,-4635650943872.89,-144305391780.56,5095.47,1270.44,-1525.21
3600.00,2213883250726.27,-4635649419339.88,-144307222030.37,5095.67,1270.49,-1525.50
4800.00,2213889365533.98,-4635647894747.80,-144309052626.84,5095.87,1270.54,-1525.79
6000.00,2213895480581.03,-4635646370097.49,-144310883570.37,5096.07,1270.59,-1526.08
7200.00,2213901595866.86,-4635644845389.80,-144312714861.35,5096.27,1270.64,-1526.37
8400.00,2213907711390.92,-4635643320625.54,-144314546500.14,5096.47,1270.68,-1526.66
9600.00,2213913827152.64,-4635641795805.56,-144316378487.14,5096.67,1270.73,-1526.95
10800.00,2213919943151.46,-4635640270930.71,-144318210822.70,5096.86,1270.77,-1527.24
12000.00,2213926059386.82,-4635638746001.81,-144320043507.21,5097.06,1270.82,-1527.53
13200.00,2213932175858.15,-4635637221019.71,-144321876541.02,5097.26,1270.86,-1527.82
14400.00,2213938292564.87,-4635635695985.26,-144323709924.49,5097.45,1270.90,-1528.11
15600.00,2213944409506.40,-4635634170899.28,-144325543657.99,5097.65,1270.95,-1528.40
16800.00,2213950526682.18,-4635632645762.64,-144327377741.87,5097.84,1270.99,-1528.70
18000.00,2213956644091.62,-4635631120576.17,-144329212176.48,5098.04,1271.03,-1528.99
19200.00,2213962761734.14,-4635629595340.71,-144331046962.17,5098.23,1271.07,-1529.28
20400.00,2213968879609.14,-4635628070057.12,-144332882099.27,5098.42,1271.11,-1529.57
21600.00,2213974997716.04,-4635626544726.25,-144334717588.14,5098.62,1271.15,-1529.87
22800.00,2213981116054.25,-4635625019348.93,-144336553429.11,5098.81,1271.19,-1530.16
24000.00,2213987234623.16,-4635623493926.03,-144338389622.50,5099.00,1271.22,-1530.46
25200.00,2213993353422.19,-4635621968458.39,-144340226168.66,5099.19,1271.26,-1530.75
26400.00,2213999472450.73,-4635620442946.87,-144342063067.90,5099.38,1271.30,-1531.04
27600.00,2214005591708.17,-4635618917392.32,-144343900320.56,5099.57,1271.33,-1531.34
28800.00,2214011711193.92,-4635617391795.59,-144345737926.94,5099.76,1271.37,-1531.63
30000.00,2214017830907.35,-4635615866157.54,-144347575887.37,5099.95,1271.40,-1531.93
31200.00,2214023950847.86,-4635614340479.02,-144349414202.16,5100.14,1271.43,-1532.22
32400.00,2214030071014.83,-4635612814760.90,-144351252871.61,5100.33,1271.46,-1532.52
33600.00,2214036191407.64,-4635611289004.02,-144353091896.04,5100.52,1271.50,-1532.82
34800.00,2214042312025.68,-4635609763209.26,-144354931275.75,5100.70,1271.53,-1533.11
36000.00,2214048432868.31,-4635608237377.46,-144356771011.04,5100.89,1271.56,-1533.41
37200.00,2214054553934.92,-4635606711509.50,-144358611102.21,5101.07,1271.59,-1533.71
38400.00,2214060675224.87,-4635605185606.23,-144360451549.54,5101.26,1271.61,-1534.00
39600.00,2214066796737.53,-4635603659668.52,-144362292353.33,5101.45,1271.64,-1534.30
40800.00,2214072918472.27,-4635602133697.23,-144364133513.87,5101.63,1271.67,-1534.60
42000.00,2214079040428.44,-4635600607693.23,-144365975031.44,5101.81,1271.70,-1534.90
43200.00,2214085162605.42,-4635599081657.39,-144367816906.32,5102.00,1271.72,-1535.19
44400.00,2214091285002.56,-4635597555590.57,-144369659138.80,5102.18,1271.75,-1535.49
45600.00,2214097407619.21,-4635596029493.63,-144371501729.14,5102.36,1271.77,-1535.79
46800.00,2214103530454.72,-4635594503367.46,-144373344677.62,5102.54,1271.80,-1536.09
48000.00,2214109653508.46,-4635592977212.92,-144375187984.51,5102.73,1271.82,-1536.39
49200.00,2214115776779.75,-4635591451030.88,-144377031650.07,5102.91,1271.84,-1536.69
50400.00,2214121900267.95,-4635589924822.22,-144378875674.57,5103.09,1271.86,-1536.99
51600.00,2214128023972.41,-4635588398587.81,-144380720058.27,5103.27,1271.88,-1537.29
52800.00,2214134147892.45,-4635586872328.52,-144382564801.43,5103.45,1271.90,-1537.59
54000.00,2214140272027.43,-4635585346045.23,-144384409904.31,5103.62,1271.92,-1537.89
55200.00,2214146396376.67,-4635583819738.82,-144386255367.15,5103.80,1271.94,-1538.19
56400.00,2214152520939.50,-4635582293410.16,-144388101190.21,5103.98,1271.96,-1538.49
57600.00,2214158645715.26,-4635580767060.14,-144389947373.73,5104.16,1271.98,-1538.79
58800.00,2214164770703.27,-4635579240689.63,-144391793917.95,5104.33,1271.99,-1539.09
60000.00,2214170895902.87,-4635577714299.51,-144393640823.13,5104.51,1272.01,-1539.39
61200.00,2214177021313.37,-4635576187890.67,-144395488089.50,5104.68,1272.02,-1539.69
62400.00,2214183146934.09,-4635574661463.99,-144397335717.30,5104.86,1272.04,-1539.99
63600.00,2214189272764.35,-4635573135020.35,-144399183706.76,5105.03,1272.05,-1540.29
64800.00,2214195398803.47,-4635571608560.64,-144401032058.11,5105.21,1272.06,-1540.59
66000.00,2214201525050.76,-4635570082085.75,-144402880771.59,5105.38,1272.07,-1540.90
67200.00,2214207651505.54,-4635568555596.55,-144404729847.41,5105.55,1272.09,-1541.20
68400.00,2214213778167.11,-4635567029093.94,-144406579285.81,5105.72,1272.10,-1541.50
69600.00,2214219905034.78,-4635565502578.81,-144408429087.01,5105.89,1272.11,-1541.80
70800.00,2214226032107.86,-4635563976052.05,-144410279251.23,5106.06,1272.11,-1542.11
72000.00,2214232159385.65,-4635562449514.54,-144412129778.68,5106.23,1272.12,-1542.41
73200.00,2214238286867.44,-4635560922967.19,-144413980669.59,5106.40,1272.13,-1542.71
74400.00,2214244414552.54,-4635559396410.88,-144415831924.16,5106.57,1272.14,-1543.02
75600.00,2214250542440.24,-4635557869846.50,-144417683542.61,5106.74,1272.14,-1543.32
76800.00,2214256670529.85,-4635556343274.96,-144419535525.14,5106.91,1272.15,-1543.62
78000.00,2214262798820.64,-4635554816697.15,-144421387871.97,5107.08,1272.15,-1543.93
79200.00,2214268927311.91,-4635553290113.96,-144423240583.29,5107.24,1272.16,-1544.23
80400.00,2214275056002.95,-4635551763526.29,-144425093659.32,5107.41,1272.16,-1544.53
81600.00,2214281184893.05,-4635550236935.04,-144426947100.25,5107.57,1272.16,-1544.84
82800.00,2214287313981.48,-4635548710341.12,-144428800906.28,5107.74,1272.16,-1545.14
84000.00,2214293443267.53,-4635547183745.41,-144430655077.61,5107.90,1272.16,-1545.45
85200.00,2214299572750.49,-4635545657148.84,-144432509614.43,5108.07,1272.16,-1545.75
