0.00,969172370682.75,-1113867473029.82,-16363730788.84,5476.59,5507.22,-0.00
7200.00,969211808525.11,-1113827824217.11,-16363733473.53,5478.37,5506.34,-0.75
14400.00,969251259228.38,-1113788181703.43,-16363741522.84,5480.16,5505.47,-1.49
21600.00,969290722788.42,-1113748545467.04,-16363754929.65,5481.94,5504.60,-2.23
28800.00,969330199201.10,-1113708915486.27,-16363773686.83,5483.73,5503.73,-2.98
36000.00,969369688462.31,-1113669291739.48,-16363797787.29,5485.51,5502.87,-3.72
43200.00,969409190567.93,-1113629674205.12,-16363827223.94,5487.30,5502.00,-4.46
50400.00,969448705513.85,-1113590062861.65,-16363861989.74,5489.08,5501.15,-5.20
57600.00,969488233295.96,-1113550457687.62,-16363902077.62,5490.86,5500.29,-5.94
64800.00,969527773910.17,-1113510858661.61,-16363947480.55,5492.64,5499.44,-6.68
72000.00,969567327352.37,-1113471265762.27,-16363998191.52,5494.43,5498.59,-7.41
79200.00,969606893618.49,-1113431678968.28,-16364054203.54,5496.21,5497.74,-8.15
86400.00,969646472704.43,-1113392098258.40,-16364115509.60,5497.99,5496.90,-8.88
93600.00,969686064606.13,-1113352523611.42,-16364182102.76,5499.77,5496.06,-9.62
100800.00,969725669319.51,-1113312955006.19,-16364253976.06,5501.55,5495.22,-10.35
108000.00,969765286840.50,-1113273392421.61,-16364331122.56,5503.32,5494.39,-11.08
115200.00,969804917165.05,-1113233835836.64,-16364413535.34,5505.10,5493.55,-11.81
122400.00,969844560289.10,-1113194285230.28,-16364501207.51,5506.88,5492.72,-12.54
129600.00,969884216208.61,-1113154740581.58,-16364594132.17,5508.66,5491.90,-13.27
136800.00,969923884919.53,-1113115201869.65,-16364692302.46,5510.43,5491.08,-14.00
144000.00,969963566417.84,-1113075669073.65,-16364795711.52,5512.21,5490.26,-14.73
151200.00,970003260699.49,-1113036142172.79,-16364904352.50,5513.98,5489.44,-15.45
158400.00,970042967760.47,-1112996621146.32,-16365018218.60,5515.76,5488.62,-16.18
165600.00,970082687596.77,-1112957105973.55,-16365137302.99,5517.53,5487.81,-16.90
172800.00,970122420204.37,-1112917596633.83,-16365261598.89,5519.31,5487.00,-17.63
180000.00,970162165579.27,-1112878093106.59,-16365391099.53,5521.08,5486.20,-18.35
187200.00,970201923717.48,-1112838595371.27,-16365525798.13,5522.85,5485.39,-19.07
194400.00,970241694615.00,-1112799103407.37,-16365665687.97,5524.62,5484.59,-19.79
201600.00,970281478267.86,-1112759617194.46,-16365810762.30,5526.39,5483.80,-20.51
208800.00,970321274672.07,-1112720136712.14,-16365961014.41,5528.16,5483.00,-21.23
216000.00,970361083823.67,-1112680661940.06,-16366116437.61,5529.94,5482.21,-21.95
223200.00,970400905718.69,-1112641192857.93,-16366277025.22,5531.70,5481.42,-22.66
230400.00,970440740353.18,-1112601729445.49,-16366442770.56,5533.47,5480.64,-23.38
237600.00,970480587723.19,-1112562271682.54,-16366613666.99,5535.24,5479.85,-24.09
244800.00,970520447824.78,-1112522819548.94,-16366789707.88,5537.01,5479.07,-24.81
252000.00,970560320654.01,-1112483373024.57,-16366970886.59,5538.78,5478.29,-25.52
259200.00,970600206206.95,-1112443932089.37,-16367157196.52,5540.54,5477.52,-26.23
266400.00,970640104479.69,-1112404496723.34,-16367348631.09,5542.31,5476.75,-26.94
273600.00,970680015468.31,-1112365066906.51,-16367545183.72,5544.08,5475.98,-27.65
280800.00,970719939168.90,-1112325642618.97,-16367746847.85,5545.84,5475.21,-28.36
288000.00,970759875577.57,-1112286223840.85,-16367953616.94,5547.61,5474.45,-29.07
295200.00,970799824690.42,-1112246810552.33,-16368165484.46,5549.37,5473.69,-29.78
302400.00,970839786503.57,-1112207402733.63,-16368382443.89,5551.13,5472.93,-30.49
309600.00,970879761013.14,-1112168000365.03,-16368604488.74,5552.90,5472.17,-31.19
316800.00,970919748215.27,-1112128603426.84,-16368831612.52,5554.66,5471.42,-31.90
324000.00,970959748106.08,-1112089211899.42,-16369063808.76,5556.42,5470.67,-32.60
331200.00,970999760681.72,-1112049825763.20,-16369301071.01,5558.18,5469.92,-33.31
338400.00,971039785938.34,-1112010444998.61,-16369543392.83,5559.95,5469.18,-34.01
345600.00,971079823872.11,-1111971069586.18,-16369790767.79,5561.71,5468.44,-34.71
352800.00,971119874479.19,-1111931699506.43,-16370043189.50,5563.47,5467.70,-35.41
360000.00,971159937755.75,-1111892334739.98,-16370300651.54,5565.22,5466.96,-36.11
367200.00,971200013697.98,-1111852975267.46,-16370563147.55,5566.98,5466.23,-36.81
374400.00,971240102302.06,-1111813621069.54,-16370830671.15,5568.74,5465.49,-37.51
381600.00,971280203564.19,-1111774272126.97,-16371103216.00,5570.50,5464.77,-38.20
388800.00,971320317480.58,-1111734928420.50,-16371380775.76,5572.26,5464.04,-38.90
396000.00,971360444047.43,-1111695589930.97,-16371663344.11,5574.01,5463.32,-39.59
403200.00,971400583260.96,-1111656256639.23,-16371950914.74,5575.77,5462.60,-40.29
410400.00,971440735117.41,-1111616928526.18,-16372243481.36,5577.53,5461.88,-40.98
417600.00,971480899613.00,-1111577605572.78,-16372541037.68,5579.28,5461.16,-41.67
424800.00,971521076743.98,-1111538287760.02,-16372843577.46,5581.04,5460.45,-42.37
432000.00,971561266506.59,-1111498975068.95,-16373151094.42,5582.79,5459.74,-43.06
439200.00,971601468897.10,-1111459667480.64,-16373463582.34,5584.54,5459.03,-43.75
446400.00,971641683911.76,-1111420364976.21,-16373781035.00,5586.30,5458.33,-44.44
453600.00,971681911546.85,-1111381067536.84,-16374103446.19,5588.05,5457.63,-45.12
460800.00,971722151798.64,-1111341775143.75,-16374430809.71,5589.80,5456.93,-45.81
468000.00,971762404663.43,-1111302487778.17,-16374763119.39,5591.55,5456.23,-46.50
475200.00,971802670137.50,-1111263205421.41,-16375100369.05,5593.30,5455.54,-47.18
482400.00,971842948217.15,-1111223928054.82,-16375442552.55,5595.05,5454.84,-47.87
489600.00,971883238898.70,-1111184655659.76,-16375789663.74,5596.80,5454.15,-48.55
496800.00,971923542178.47,-1111145388217.67,-16376141696.50,5598.55,5453.47,-49.24
504000.00,971963858052.76,-1111106125710.01,-16376498644.71,5600.30,5452.78,-49.92
511200.00,972004186517.92,-1111066868118.29,-16376860502.28,5602.05,5452.10,-50.60
518400.00,972044527570.29,-1111027615424.06,-16377227263.13,5603.80,5451.42,-51.28
