0.00,662179358337.77,-366233977246.92,-17605397336.93,7922.06,11166.48,0.03
200000.00,663757440240.68,-364000707599.33,-17604713243.30,7858.10,11166.25,6.86
400000.00,665322717082.04,-361767461272.93,-17602669475.04,7794.01,11166.25,13.63
600000.00,666875165513.90,-359534192273.29,-17599278528.47,7729.81,11166.48,20.34
800000.00,668414762040.19,-357300856508.46,-17594552547.12,7665.49,11166.92,26.98
1000000.00,669941482994.23,-355067411680.40,-17588503340.34,7601.05,11167.57,33.57
1200000.00,671455304505.15,-352833817190.36,-17581142396.09,7536.50,11168.42,40.10
1400000.00,672956202472.95,-350600034053.80,-17572480893.76,7471.82,11169.46,46.57
1600000.00,674444152523.10,-348366024811.38,-17562529713.05,7407.02,11170.68,52.99
1800000.00,675919129995.99,-346131753430.78,-17551299452.64,7342.09,11172.08,59.36
2000000.00,677381109921.26,-343897185236.57,-17538800439.97,7277.04,11173.65,65.68
2200000.00,678830066988.96,-341662286833.76,-17525042740.68,7211.86,11175.38,71.95
2400000.00,680265975522.55,-339427026031.02,-17510036168.96,7146.55,11177.27,78.17
2600000.00,681688809460.02,-337191371764.15,-17493790299.69,7081.11,11179.32,84.34
2800000.00,683098542336.71,-334955294025.04,-17476314479.73,7015.54,11181.51,90.47
3000000.00,684495147268.02,-332718763798.03,-17457617837.91,6949.83,11183.84,96.55
3200000.00,685878596924.26,-330481753002.01,-17437709291.99,6883.98,11186.31,102.59
3400000.00,687248863500.44,-328244234424.58,-17416597555.61,6818.00,11188.92,108.58
3600000.00,688605918709.90,-326006181645.79,-17394291152.66,6751.87,11191.66,114.53
3800000.00,689949733779.53,-323767568988.38,-17370798427.62,6685.59,11194.52,120.45
4000000.00,691280279416.75,-321528371473.32,-17346127548.19,6619.17,11197.51,126.32
4200000.00,692597525784.63,-319288564754.01,-17320286513.05,6552.60,11200.61,132.15
4400000.00,693901442498.33,-317048125052.55,-17293283164.50,6485.87,11203.84,137.94
4600000.00,695191998614.64,-314807029116.26,-17265125196.26,6418.99,11207.18,143.69
4800000.00,696469162602.48,-312565254170.80,-17235820157.22,6351.95,11210.63,149.41
5000000.00,697732902329.79,-310322777859.79,-17205375460.64,6284.75,11214.19,155.09
5200000.00,698983185056.18,-308079578196.68,-17173798393.19,6217.38,11217.86,160.73
5400000.00,700219977411.75,-305835633522.01,-17141096120.12,6149.84,11221.64,166.34
5600000.00,701443245377.11,-303590922450.67,-17107275692.09,6082.13,11225.53,171.91
5800000.00,702652954276.42,-301345423818.59,-17072344054.75,6014.25,11229.52,177.45
6000000.00,703849068769.46,-299099116640.14,-17036308056.66,5946.19,11233.61,182.96
6200000.00,705031552830.43,-296851980072.27,-16999174453.39,5877.94,11237.81,188.43
6400000.00,706200369716.81,-294603993367.69,-16960949910.64,5809.51,11242.12,193.87
6600000.00,707355481960.00,-292355135813.63,-16921641014.07,5740.89,11246.52,199.27
6800000.00,708496851369.76,-290105386683.71,-16881254280.59,5672.08,11251.03,204.64
7000000.00,709624439022.71,-287854725206.12,-16839796164.49,5603.07,11255.65,209.98
7200000.00,710738205231.89,-285603130528.66,-16797273059.51,5533.86,11260.37,215.29
7400000.00,711838109519.49,-283350581667.23,-16753691303.37,5464.45,11265.19,220.57
7600000.00,712924110609.48,-281097057447.04,-16709057187.49,5394.83,11270.12,225.82
7800000.00,713996166429.61,-278842536455.29,-16663376968.00,5325.00,11275.16,231.03
8000000.00,715054234102.11,-276586997007.85,-16616656872.67,5254.94,11280.31,236.22
8200000.00,716098269911.83,-274330417116.24,-16568903102.74,5184.67,11285.56,241.37
8400000.00,717128229275.22,-272072774433.42,-16520121836.89,5114.18,11290.94,246.49
8600000.00,718144066735.12,-269814046193.28,-16470319241.43,5043.45,11296.42,251.58
8800000.00,719145735961.31,-267554209163.52,-16419501480.94,4972.49,11302.02,256.64
9000000.00,720133189737.08,-265293239607.79,-16367674725.24,4901.29,11307.75,261.67
9200000.00,721106379933.64,-263031113243.48,-16314845154.17,4829.85,11313.59,266.67
9400000.00,722065257487.58,-260767805189.14,-16261018963.77,4758.16,11319.57,271.64
9600000.00,723009772388.61,-258503289909.25,-16206202374.85,4686.22,11325.67,276.57
9800000.00,723939873667.93,-256237541164.43,-16150401641.65,4614.02,11331.90,281.48
