0.00,4417801864606.59,-652108993035.84,-78443404582.49,312.36,4821.82,-0.00
7200.00,4417804113714.83,-652074276385.38,-78443404991.44,312.39,4821.70,-0.11
14400.00,4417806363063.65,-652039560583.10,-78443406218.43,312.43,4821.58,-0.23
21600.00,4417808612653.49,-652004845628.88,-78443408263.67,312.46,4821.46,-0.34
28800.00,4417810862484.76,-651970131522.61,-78443411127.37,312.49,4821.34,-0.45
36000.00,4417813112557.90,-651935418264.16,-78443414809.75,312.53,4821.23,-0.57
43200.00,4417815362873.31,-651900705853.42,-78443419311.01,312.56,4821.11,-0.68
50400.00,4417817613431.43,-651865994290.27,-78443424631.38,312.59,4820.99,-0.80
57600.00,4417819864232.68,-651831283574.58,-78443430771.06,312.63,4820.87,-0.91
64800.00,4417822115277.48,-651796573706.25,-78443437730.25,312.66,4820.76,-1.02
72000.00,4417824366566.26,-651761864685.14,-78443445509.19,312.70,4820.64,-1.14
79200.00,4417826618099.44,-651727156511.15,-78443454108.07,312.73,4820.52,-1.25
86400.00,4417828869877.44,-651692449184.15,-78443463527.10,312.76,4820.40,-1.37
93600.00,4417831121900.69,-651657742704.02,-78443473766.51,312.80,4820.29,-1.48
100800.00,4417833374169.62,-651623037070.64,-78443484826.49,312.83,4820.17,-1.59
108000.00,4417835626684.64,-651588332283.89,-78443496707.27,312.87,4820.05,-1.71
115200.00,4417837879446.18,-651553628343.65,-78443509409.06,312.90,4819.93,-1.82
122400.00,4417840132454.67,-651518925249.79,-78443522932.05,312.94,4819.82,-1.94
129600.00,4417842385710.53,-651484223002.20,-78443537276.48,312.97,4819.70,-2.05
136800.00,4417844639214.18,-651449521600.76,-78443552442.54,313.00,4819.58,-2.16
144000.00,4417846892966.05,-651414821045.34,-78443568430.45,313.04,4819.46,-2.28
151200.00,4417849146966.57,-651380121335.83,-78443585240.43,313.07,4819.35,-2.39
158400.00,4417851401216.15,-651345422472.09,-78443602872.67,313.11,4819.23,-2.51
165600.00,4417853655715.23,-651310724454.01,-78443621327.40,313.14,4819.11,-2.62
172800.00,4417855910464.23,-651276027281.46,-78443640604.82,313.18,4818.99,-2.73
180000.00,4417858165463.58,-651241330954.33,-78443660705.15,313.21,4818.88,-2.85
187200.00,4417860420713.70,-651206635472.48,-78443681628.59,313.25,4818.76,-2.96
194400.00,4417862676215.01,-651171940835.80,-78443703375.36,313.28,4818.64,-3.08
201600.00,4417864931967.94,-651137247044.17,-78443725945.67,313.32,4818.52,-3.19
208800.00,4417867187972.93,-651102554097.45,-78443749339.73,313.35,4818.41,-3.31
216000.00,4417869444230.42,-651067861995.52,-78443773557.75,313.39,4818.29,-3.42
223200.00,4417871700740.65,-651033170738.27,-78443798599.94,313.42,4818.17,-3.54
230400.00,4417873957504.35,-650998480325.56,-78443824466.52,313.46,4818.05,-3.65
237600.00,4417876214521.80,-650963790757.27,-78443851157.68,313.49,4817.94,-3.76
244800.00,4417878471793.41,-650929102033.28,-78443878673.65,313.53,4817.82,-3.88
252000.00,4417880729319.63,-650894414153.45,-78443907014.63,313.56,4817.70,-3.99
259200.00,4417882987100.89,-650859727117.68,-78443936180.84,313.60,4817.59,-4.11
266400.00,4417885245137.61,-650825040925.82,-78443966172.49,313.63,4817.47,-4.22
273600.00,4417887503430.21,-650790355577.76,-78443996989.78,313.67,4817.35,-4.34
280800.00,4417889761979.12,-650755671073.37,-78444028632.92,313.71,4817.23,-4.45
288000.00,4417892020784.77,-650720987412.51,-78444061102.14,313.74,4817.12,-4.57
295200.00,4417894279847.59,-650686304595.08,-78444094397.63,313.78,4817.00,-4.68
302400.00,4417896539168.01,-650651622620.93,-78444128519.60,313.81,4816.88,-4.80
309600.00,4417898798746.44,-650616941489.94,-78444163468.28,313.85,4816.77,-4.91
316800.00,4417901058583.33,-650582261201.99,-78444199243.86,313.88,4816.65,-5.03
324000.00,4417903318679.09,-650547581756.94,-78444235846.57,313.92,4816.53,-5.14
331200.00,4417905579034.16,-650512903154.67,-78444273276.60,313.96,4816.41,-5.26
338400.00,4417907839648.96,-650478225395.05,-78444311534.17,313.99,4816.30,-5.37
345600.00,4417910100523.91,-650443548477.96,-78444350619.48,314.03,4816.18,-5.49
352800.00,4417912361659.46,-650408872403.26,-78444390532.76,314.06,4816.06,-5.60
360000.00,4417914623056.02,-650374197170.82,-78444431274.20,314.10,4815.95,-5.72
367200.00,4417916884714.03,-650339522780.53,-78444472844.03,314.14,4815.83,-5.83
374400.00,4417919146633.91,-650304849232.24,-78444515242.44,314.17,4815.71,-5.95
381600.00,4417921408816.09,-650270176525.83,-78444558469.65,314.21,4815.60,-6.06
388800.00,4417923671261.00,-650235504661.17,-78444602525.87,314.25,4815.48,-6.18
396000.00,4417925933969.07,-650200833638.13,-78444647411.31,314.28,4815.36,-6.29
403200.00,4417928196940.73,-650166163456.58,-78444693126.17,314.32,4815.24,-6.41
410400.00,4417930460176.41,-650131494116.39,-78444739670.67,314.36,4815.13,-6.52
417600.00,4417932723676.53,-650096825617.43,-78444787045.02,314.39,4815.01,-6.64
424800.00,4417934987441.52,-650062157959.56,-78444835249.43,314.43,4814.89,-6.75
432000.00,4417937251471.82,-650027491142.67,-78444884284.10,314.47,4814.78,-6.87
439200.00,4417939515767.85,-649992825166.61,-78444934149.25,314.50,4814.66,-6.98
446400.00,4417941780330.04,-649958160031.25,-78444984845.08,314.54,4814.54,-7.10
453600.00,4417944045158.83,-649923495736.47,-78445036371.81,314.58,4814.43,-7.21
460800.00,4417946310254.64,-649888832282.13,-78445088729.64,314.62,4814.31,-7.33
468000.00,4417948575617.90,-649854169668.10,-78445141918.78,314.65,4814.19,-7.45
475200.00,4417950841249.04,-649819507894.24,-78445195939.45,314.69,4814.08,-7.56
482400.00,4417953107148.50,-649784846960.43,-78445250791.85,314.73,4813.96,-7.68
489600.00,4417955373316.70,-649750186866.53,-78445306476.18,314.76,4813.84,-7.79
496800.00,4417957639754.06,-649715527612.41,-78445362992.67,314.80,4813.73,-7.91
504000.00,4417959906461.03,-649680869197.94,-78445420341.52,314.84,4813.61,-8.02
511200.00,4417962173438.03,-649646211622.97,-78445478522.93,314.88,4813.49,-8.14
518400.00,4417964440685.50,-649611554887.39,-78445537537.12,314.91,4813.38,-8.25
