0.00,4424808241264.96,-662820063886.77,-88313058835.14,-7117.60,8737.26,-0.84
7200.00,4424751648395.68,-662790456110.20,-88317476386.46,-7026.89,-1023.98,-1206.97
14400.00,4424741765214.44,-662826759921.52,-88327619310.98,6866.48,-5993.58,-1094.43
21600.00,4424825845323.33,-662813609641.07,-88326697171.65,11187.50,10180.97,1138.69
28800.00,4424868022999.10,-662716962067.89,-88317616444.96,617.80,14342.25,1100.22
36000.00,4424844296935.55,-662627318709.40,-88312863002.24,-6418.14,9680.70,152.74
43200.00,4424789115389.81,-662587323303.25,-88315919067.78,-7663.05,872.45,-1005.27
50400.00,4424762275805.23,-662614258932.56,-88325790909.38,2900.39,-6745.31,-1395.99
57600.00,4424834548993.59,-662625285888.94,-88328488913.55,12808.69,6667.76,787.76
64800.00,4424895155895.78,-662540001230.07,-88319851820.39,3300.94,14357.73,1242.80
72000.00,4424887767630.24,-662443077171.11,-88313338733.35,-4663.66,11564.79,478.42
79200.00,4424839019976.32,-662383776841.29,-88313663110.34,-7982.71,4315.81,-594.98
86400.00,4424791917383.01,-662386623288.84,-88321610605.26,-3063.96,-4984.11,-1490.57
93600.00,4424825368974.17,-662424104152.74,-88329627983.05,12041.14,-833.36,-183.13
100800.00,4424908521737.06,-662373067858.83,-88324057000.96,7922.68,12795.28,1291.42
108000.00,4424930642534.02,-662273017843.03,-88315608151.18,-1300.37,13534.88,899.24
115200.00,4424899031284.67,-662191436929.73,-88312269723.26,-6804.35,8481.55,-16.43
122400.00,4424844599174.47,-662158542287.30,-88316168318.26,-7180.79,211.50,-1062.09
129600.00,4424821199706.04,-662186795652.16,-88326024161.86,3054.53,-6530.92,-1361.45
136800.00,4424891931311.28,-662199387522.45,-88328998094.04,12790.57,5864.19,687.03
144000.00,4424956868834.21,-662119195952.23,-88320766055.40,4366.93,13987.63,1252.78
151200.00,4424958358609.88,-662021204433.48,-88313654946.02,-3383.51,12281.76,634.51
158400.00,4424917047072.71,-661951823995.26,-88312338788.29,-7426.13,6462.75,-299.45
165600.00,4424864288308.31,-661934494564.69,-88318080132.29,-5919.67,-1942.53,-1263.07
172800.00,4424859556109.73,-661971045100.72,-88327985156.69,6572.88,-5672.93,-1070.30
180000.00,4424940850559.05,-661964441286.05,-88328022791.09,11769.10,8436.50,952.65
187200.00,4424994892955.46,-661876275795.14,-88319372522.48,2985.94,14024.72,1185.01
194400.00,4424989432949.21,-661780902752.89,-88312950331.39,-3962.25,11695.86,531.54
201600.00,4424946110325.96,-661715936064.87,-88312286432.76,-7442.39,5877.44,-372.77
208800.00,4424894670041.16,-661701969940.91,-88318374380.85,-5573.33,-2241.99,-1281.78
216000.00,4424892378328.79,-661738846712.61,-88328189473.57,6745.16,-5500.69,-1039.54
223200.00,4424973503269.97,-661732112357.11,-88328217602.53,11762.97,8233.41,927.36
230400.00,4425028954036.91,-661645471945.96,-88319681196.57,3353.53,13895.43,1188.45
237600.00,4425026751678.34,-661549780626.86,-88313046948.21,-3467.07,11941.14,588.22
244800.00,4424986569862.87,-661481219979.46,-88311770233.42,-7139.13,6659.31,-259.51
252000.00,4424934432595.86,-661459461301.13,-88316925143.27,-6302.76,-921.64,-1155.80
259200.00,4424918659659.53,-661490736166.44,-88326749027.94,3895.76,-6181.71,-1273.00
266400.00,4424989973862.90,-661501676366.81,-88329481063.99,12579.66,5454.90,625.95
273600.00,4425057592646.26,-661426177567.36,-88321685551.15,5315.05,13446.41,1236.06
280800.00,4425068277448.64,-661328705209.27,-88314151067.24,-1906.11,12770.66,773.50
288000.00,4425037022858.48,-661250633078.27,-88311222059.94,-6297.91,8473.91,10.35
295200.00,4424985741142.92,-661212229004.35,-88314262307.49,-7210.34,1832.04,-861.12
302400.00,4424949495471.39,-661226492788.53,-88323045574.82,-1173.23,-5403.09,-1441.84
309600.00,4424989724937.65,-661260610667.17,-88330280736.16,11689.97,-509.48,-160.31
316800.00,4425072733529.69,-661215121296.90,-88325398337.09,8829.78,11556.46,1186.35
324000.00,4425107236624.96,-661120156214.21,-88316922407.27,1001.49,13595.75,1028.84
331200.00,4425093194494.24,-661030507088.86,-88311651175.85,-4469.77,10796.03,394.69
338400.00,4425049420824.74,-660970485177.39,-88311613963.46,-7185.52,5511.04,-403.28
345600.00,4424999640279.83,-660955744566.29,-88317508492.18,-5637.37,-1642.76,-1209.45
352800.00,4424989696862.04,-660988855734.52,-88327249517.51,4606.85,-5897.68,-1200.05
360000.00,4425062217376.88,-660997415427.35,-88329621316.05,12408.65,5450.09,616.52
367200.00,4425130395212.75,-660923807091.92,-88322029836.98,5701.93,13130.75,1217.37
374400.00,4425145479503.82,-660827243312.88,-88314376231.54,-1133.69,12897.07,829.81
381600.00,4425120009199.12,-660745769094.24,-88310721476.65,-5540.89,9338.54,157.29
388800.00,4425072122887.30,-660697674061.99,-88312382298.65,-7222.32,3690.97,-631.34
396000.00,4425027314091.54,-660696281433.24,-88319674001.99,-4045.73,-3362.72,-1339.59
403200.00,4425036182064.93,-660733876682.60,-88328986681.15,7701.66,-4642.61,-882.41
410400.00,4425117451569.81,-660723924149.17,-88328606965.25,11555.35,7860.65,870.15
417600.00,4425175860434.89,-660641735104.15,-88320468173.02,4363.85,13374.55,1176.80
424800.00,4425183580866.39,-660546415142.21,-88313359155.23,-1847.07,12464.68,738.26
432000.00,4425154790180.81,-660468656596.41,-88310342615.96,-5777.35,8785.40,75.88
439200.00,4425106514057.10,-660424368437.67,-88312498762.99,-7107.79,3210.83,-685.24
446400.00,4425063566556.33,-660425667140.79,-88320029152.29,-3662.54,-3588.03,-1347.78
453600.00,4425075112433.53,-660463192668.62,-88329195359.63,7923.21,-4420.02,-843.59
460800.00,4425156408652.53,-660452318218.30,-88328702992.85,11493.37,7803.77,859.41
468000.00,4425215277588.13,-660371059592.59,-88320658359.78,4557.04,13246.76,1170.72
475200.00,4425225022802.60,-660276050668.13,-88313484109.60,-1501.87,12529.14,764.06
482400.00,4425198819764.71,-660196792646.99,-88310147891.58,-5432.97,9155.81,139.62
489600.00,4425152287845.69,-660148400171.14,-88311705231.37,-7037.55,3997.52,-584.21
496800.00,4425106844001.79,-660142689833.75,-88318498806.86,-4621.83,-2531.68,-1267.30
504000.00,4425105227829.93,-660177560192.31,-88328027576.37,5566.89,-5422.81,-1091.75
511200.00,4425179300572.00,-660182511954.01,-88329878544.47,12162.52,5493.95,607.79
518400.00,4425247855276.78,-660111245427.01,-88322566816.14,6146.52,12692.32,1185.11
