0.00,653143927888.12,-391768368303.98,-8466001391.53,8273.48,13880.48,-1147.63
1200.00,653153856065.06,-391751711727.21,-8467378548.81,8272.53,13881.07,-1147.92
2400.00,653163783105.47,-391735054448.76,-8468756054.56,8271.59,13881.65,-1148.21
3600.00,653173709009.18,-391718396468.84,-8470133908.69,8270.64,13882.23,-1148.50
4800.00,653183633776.02,-391701737787.65,-8471512111.09,8269.69,13882.82,-1148.79
6000.00,653193557405.84,-391685078405.43,-8472890661.68,8268.74,13883.40,-1149.08
7200.00,653203479898.47,-391668418322.37,-8474269560.35,8267.80,13883.99,-1149.37
8400.00,653213401253.74,-391651757538.69,-8475648807.00,8266.85,13884.57,-1149.66
9600.00,653223321471.48,-391635096054.62,-8477028401.55,8265.90,13885.15,-1149.95
10800.00,653233240551.55,-391618433870.35,-8478408343.89,8264.95,13885.74,-1150.24
12000.00,653243158493.76,-391601770986.10,-8479788633.93,8264.00,13886.32,-1150.53
13200.00,653253075297.96,-391585107402.10,-8481169271.57,8263.06,13886.90,-1150.82
14400.00,653262990963.97,-391568443118.54,-8482550256.71,8262.11,13887.49,-1151.11
15600.00,653272905491.65,-391551778135.65,-8483931589.25,8261.16,13888.07,-1151.40
16800.00,653282818880.81,-391535112453.64,-8485313269.11,8260.21,13888.65,-1151.69
18000.00,653292731131.31,-391518446072.72,-8486695296.17,8259.26,13889.23,-1151.98
19200.00,653302642242.97,-391501778993.10,-8488077670.35,8258.31,13889.82,-1152.27
20400.00,653312552215.62,-391485111215.01,-8489460391.55,8257.36,13890.40,-1152.56
21600.00,653322461049.11,-391468442738.64,-8490843459.66,8256.41,13890.98,-1152.85
22800.00,653332368743.27,-391451773564.23,-8492226874.60,8255.46,13891.56,-1153.13
24000.00,653342275297.94,-391435103691.98,-8493610636.27,8254.51,13892.14,-1153.42
25200.00,653352180712.95,-391418433122.10,-8494994744.56,8253.56,13892.72,-1153.71
26400.00,653362084988.14,-391401761854.81,-8496379199.38,8252.61,13893.30,-1154.00
27600.00,653371988123.35,-391385089890.33,-8497764000.64,8251.66,13893.88,-1154.29
28800.00,653381890118.40,-391368417228.86,-8499149148.24,8250.71,13894.47,-1154.58
30000.00,653391790973.14,-391351743870.62,-8500534642.07,8249.76,13895.05,-1154.87
31200.00,653401690687.40,-391335069815.82,-8501920482.05,8248.81,13895.63,-1155.16
32400.00,653411589261.02,-391318395064.69,-8503306668.07,8247.86,13896.21,-1155.44
33600.00,653421486693.84,-391301719617.43,-8504693200.04,8246.91,13896.79,-1155.73
34800.00,653431382985.69,-391285043474.25,-8506080077.87,8245.96,13897.37,-1156.02
36000.00,653441278136.40,-391268366635.37,-8507467301.44,8245.01,13897.95,-1156.31
37200.00,653451172145.82,-391251689101.01,-8508854870.67,8244.06,13898.52,-1156.60
38400.00,653461065013.78,-391235010871.38,-8510242785.46,8243.11,13899.10,-1156.88
39600.00,653470956740.11,-391218331946.69,-8511631045.71,8242.15,13899.68,-1157.17
40800.00,653480847324.66,-391201652327.16,-8513019651.33,8241.20,13900.26,-1157.46
42000.00,653490736767.25,-391184972013.00,-8514408602.21,8240.25,13900.84,-1157.75
43200.00,653500625067.73,-391168291004.42,-8515797898.27,8239.30,13901.42,-1158.03
44400.00,653510512225.94,-391151609301.65,-8517187539.39,8238.35,13902.00,-1158.32
45600.00,653520398241.70,-391134926904.88,-8518577525.49,8237.39,13902.58,-1158.61
46800.00,653530283114.85,-391118243814.35,-8519967856.47,8236.44,13903.15,-1158.90
48000.00,653540166845.24,-391101560030.25,-8521358532.23,8235.49,13903.73,-1159.18
49200.00,653550049432.70,-391084875552.82,-8522749552.67,8234.54,13904.31,-1159.47
50400.00,653559930877.06,-391068190382.25,-8524140917.69,8233.58,13904.89,-1159.76
51600.00,653569811178.17,-391051504518.77,-8525532627.20,8232.63,13905.46,-1160.04
52800.00,653579690335.85,-391034817962.59,-8526924681.11,8231.68,13906.04,-1160.33
54000.00,653589568349.95,-391018130713.92,-8528317079.30,8230.73,13906.62,-1160.62
55200.00,653599445220.30,-391001442772.98,-8529709821.69,8229.77,13907.19,-1160.91
56400.00,653609320946.74,-390984754139.98,-8531102908.18,8228.82,13907.77,-1161.19
57600.00,653619195529.10,-390968064815.13,-8532496338.67,8227.87,13908.35,-1161.48
58800.00,653629068967.23,-390951374798.66,-8533890113.06,8226.91,13908.92,-1161.77
60000.00,653638941260.96,-390934684090.78,-8535284231.26,8225.96,13909.50,-1162.05
61200.00,653648812410.12,-390917992691.69,-8536678693.16,8225.00,13910.08,-1162.34
62400.00,653658682414.56,-390901300601.62,-8538073498.67,8224.05,13910.65,-1162.62
63600.00,653668551274.12,-390884607820.77,-8539468647.70,8223.10,13911.23,-1162.91
64800.00,653678418988.62,-390867914349.37,-8540864140.14,8222.14,13911.80,-1163.20
66000.00,653688285557.90,-390851220187.63,-8542259975.90,8221.19,13912.38,-1163.48
67200.00,653698150981.81,-390834525335.75,-8543656154.87,8220.23,13912.95,-1163.77
68400.00,653708015260.18,-390817829793.97,-8545052676.97,8219.28,13913.53,-1164.05
69600.00,653717878392.84,-390801133562.49,-8546449542.10,8218.32,13914.10,-1164.34
70800.00,653727740379.65,-390784436641.52,-8547846750.15,8217.37,13914.68,-1164.63
72000.00,653737601220.42,-390767739031.28,-8549244301.02,8216.41,13915.25,-1164.91
73200.00,653747460915.00,-390751040731.99,-8550642194.63,8215.46,13915.82,-1165.20
74400.00,653757319463.23,-390734341743.86,-8552040430.88,8214.50,13916.40,-1165.48
75600.00,653767176864.95,-390717642067.10,-8553439009.65,8213.55,13916.97,-1165.77
76800.00,653777033119.98,-390700941701.93,-8554837930.87,8212.59,13917.54,-1166.05
78000.00,653786888228.18,-390684240648.56,-8556237194.43,8211.63,13918.12,-1166.34
79200.00,653796742189.37,-390667538907.22,-8557636800.23,8210.68,13918.69,-1166.62
80400.00,653806595003.40,-390650836478.10,-8559036748.17,8209.72,13919.26,-1166.91
81600.00,653816446670.10,-390634133361.43,-8560437038.16,8208.77,13919.84,-1167.19
82800.00,653826297189.31,-390617429557.43,-8561837670.10,8207.81,13920.41,-1167.48
84000.00,653836146560.88,-390600725066.30,-8563238643.89,8206.85,13920.98,-1167.76
85200.00,653845994784.62,-390584019888.27,-8564639959.43,8205.90,13921.55,-1168.05
