0.00,993721149403.62,-1129529488363.90,-17055056509.86,5801.43,5177.43,-107.43
1200.00,993728111115.67,-1129523275448.76,-17055185426.03,5801.28,5177.55,-107.44
2400.00,993735072651.39,-1129517062389.56,-17055314359.52,5801.13,5177.67,-107.46
3600.00,993742034010.79,-1129510849186.26,-17055443310.33,5800.99,5177.79,-107.47
4800.00,993748995193.87,-1129504635838.86,-17055572278.48,5800.84,5177.91,-107.49
6000.00,993755956200.64,-1129498422347.36,-17055701263.96,5800.69,5178.03,-107.50
7200.00,993762917031.10,-1129492208711.73,-17055830266.77,5800.55,5178.15,-107.52
8400.00,993769877685.26,-1129485994931.98,-17055959286.92,5800.40,5178.27,-107.53
9600.00,993776838163.13,-1129479781008.07,-17056088324.42,5800.25,5178.39,-107.55
10800.00,993783798464.71,-1129473566940.01,-17056217379.26,5800.10,5178.51,-107.56
12000.00,993790758590.01,-1129467352727.78,-17056346451.44,5799.96,5178.63,-107.57
13200.00,993797718539.03,-1129461138371.37,-17056475540.97,5799.81,5178.75,-107.59
14400.00,993804678311.79,-1129454923870.77,-17056604647.86,5799.66,5178.87,-107.60
15600.00,993811637908.27,-1129448709225.97,-17056733772.10,5799.52,5178.99,-107.62
16800.00,993818597328.50,-1129442494436.96,-17056862913.70,5799.37,5179.11,-107.63
18000.00,993825556572.48,-1129436279503.71,-17056992072.66,5799.22,5179.23,-107.65
19200.00,993832515640.21,-1129430064426.23,-17057121248.98,5799.08,5179.35,-107.66
20400.00,993839474531.69,-1129423849204.50,-17057250442.67,5798.93,5179.47,-107.68
21600.00,993846433246.95,-1129417633838.51,-17057379653.72,5798.78,5179.59,-107.69
22800.00,993853391785.97,-1129411418328.25,-17057508882.15,5798.64,5179.71,-107.70
24000.00,993860350148.77,-1129405202673.70,-17057638127.96,5798.49,5179.83,-107.72
25200.00,993867308335.36,-1129398986874.86,-17057767391.14,5798.34,5179.95,-107.73
26400.00,993874266345.73,-1129392770931.71,-17057896671.70,5798.20,5180.07,-107.75
27600.00,993881224179.90,-1129386554844.24,-17058025969.64,5798.05,5180.19,-107.76
28800.00,993888181837.87,-1129380338612.45,-17058155284.97,5797.90,5180.31,-107.78
30000.00,993895139319.64,-1129374122236.31,-17058284617.69,5797.75,5180.43,-107.79
31200.00,993902096625.23,-1129367905715.81,-17058413967.79,5797.61,5180.55,-107.81
32400.00,993909053754.64,-1129361689050.95,-17058543335.30,5797.46,5180.67,-107.82
33600.00,993916010707.87,-1129355472241.72,-17058672720.19,5797.31,5180.79,-107.84
34800.00,993922967484.93,-1129349255288.09,-17058802122.49,5797.17,5180.92,-107.85
36000.00,993929924085.83,-1129343038190.07,-17058931542.19,5797.02,5181.04,-107.86
37200.00,993936880510.57,-1129336820947.63,-17059060979.30,5796.87,5181.16,-107.88
38400.00,993943836759.16,-1129330603560.77,-17059190433.81,5796.73,5181.28,-107.89
39600.00,993950792831.60,-1129324386029.48,-17059319905.73,5796.58,5181.40,-107.91
40800.00,993957748727.90,-1129318168353.74,-17059449395.07,5796.43,5181.52,-107.92
42000.00,993964704448.07,-1129311950533.54,-17059578901.82,5796.29,5181.64,-107.94
43200.00,993971659992.11,-1129305732568.88,-17059708425.99,5796.14,5181.76,-107.95
44400.00,993978615360.03,-1129299514459.73,-17059837967.58,5795.99,5181.88,-107.97
45600.00,993985570551.83,-1129293296206.09,-17059967526.60,5795.85,5182.00,-107.98
46800.00,993992525567.52,-1129287077807.95,-17060097103.04,5795.70,5182.12,-107.99
48000.00,993999480407.11,-1129280859265.29,-17060226696.92,5795.55,5182.24,-108.01
49200.00,994006435070.60,-1129274640578.10,-17060356308.22,5795.41,5182.36,-108.02
50400.00,994013389558.00,-1129268421746.37,-17060485936.97,5795.26,5182.48,-108.04
51600.00,994020343869.31,-1129262202770.10,-17060615583.15,5795.11,5182.60,-108.05
52800.00,994027298004.54,-1129255983649.26,-17060745246.77,5794.97,5182.72,-108.07
54000.00,994034251963.70,-1129249764383.84,-17060874927.83,5794.82,5182.84,-108.08
55200.00,994041205746.79,-1129243544973.85,-17061004626.34,5794.67,5182.96,-108.10
56400.00,994048159353.81,-1129237325419.25,-17061134342.30,5794.53,5183.08,-108.11
57600.00,994055112784.78,-1129231105720.05,-17061264075.72,5794.38,5183.20,-108.13
58800.00,994062066039.70,-1129224885876.23,-17061393826.58,5794.23,5183.32,-108.14
60000.00,994069019118.58,-1129218665887.77,-17061523594.91,5794.09,5183.44,-108.15
61200.00,994075972021.41,-1129212445754.67,-17061653380.69,5793.94,5183.56,-108.17
62400.00,994082924748.22,-1129206225476.92,-17061783183.94,5793.79,5183.69,-108.18
63600.00,994089877298.99,-1129200005054.50,-17061913004.66,5793.65,5183.81,-108.20
64800.00,994096829673.75,-1129193784487.41,-17062042842.84,5793.50,5183.93,-108.21
66000.00,994103781872.49,-1129187563775.62,-17062172698.49,5793.35,5184.05,-108.23
67200.00,994110733895.23,-1129181342919.14,-17062302571.62,5793.21,5184.17,-108.24
68400.00,994117685741.96,-1129175121917.94,-17062432462.23,5793.06,5184.29,-108.26
69600.00,994124637412.69,-1129168900772.01,-17062562370.32,5792.91,5184.41,-108.27
70800.00,994131588907.44,-1129162679481.35,-17062692295.88,5792.77,5184.53,-108.29
72000.00,994138540226.20,-1129156458045.95,-17062822238.94,5792.62,5184.65,-108.30
73200.00,994145491368.98,-1129150236465.78,-17062952199.48,5792.47,5184.77,-108.32
74400.00,994152442335.79,-1129144014740.85,-17063082177.51,5792.33,5184.89,-108.33
75600.00,994159393126.63,-1129137792871.13,-17063212173.04,5792.18,5185.01,-108.34
76800.00,994166343741.51,-1129131570856.62,-17063342186.06,5792.03,5185.13,-108.36
78000.00,994173294180.44,-1129125348697.30,-17063472216.58,5791.89,5185.25,-108.37
79200.00,994180244443.41,-1129119126393.17,-17063602264.60,5791.74,5185.37,-108.39
80400.00,994187194530.45,-1129112903944.21,-17063732330.13,5791.59,5185.49,-108.40
81600.00,994194144441.55,-1129106681350.41,-17063862413.17,5791.45,5185.62,-108.42
82800.00,994201094176.72,-1129100458611.76,-17063992513.71,5791.30,5185.74,-108.43
84000.00,994208043735.96,-1129094235728.24,-17064122631.77,5791.15,5185.86,-108.45
85200.00,994214993119.28,-1129088012699.85,-17064252767.35,5791.01,5185.98,-108.46
