0.00,636834406690.35,-395187894306.91,-18654309217.14,9055.20,10298.71,0.50
423360.00,640678627023.37,-390764249297.00,-18623220311.24,9101.10,10603.35,147.18
846720.00,644536508804.47,-386208980883.73,-18530333598.70,9119.43,10920.32,292.28
1270080.00,648396223239.64,-381517223210.41,-18376512000.39,9109.43,11247.94,434.87
1693440.00,652245603584.15,-376684819124.83,-18163016916.77,9070.27,11584.52,573.99
2116800.00,656072114830.38,-371708338483.59,-17891523294.17,9001.04,11928.32,708.66
2540160.00,659862825860.34,-366585120482.02,-17564145726.34,8900.77,12277.44,837.77
2963520.00,663604384728.82,-361313337046.04,-17183471837.11,8768.45,12629.82,960.19
3386880.00,667283006448.71,-355892081365.84,-16752603859.31,8603.05,12983.16,1074.62
3810240.00,670884475831.98,-350321481196.10,-16275206668.40,8403.58,13334.87,1179.69
4233600.00,674394174484.19,-344602835959.24,-15755559540.63,8169.14,13681.99,1273.88
4656960.00,677797140712.91,-338738779037.84,-15198610927.32,7899.02,14021.15,1355.54
5080320.00,681078167403.37,-332733463241.32,-14610031785.40,7592.80,14348.55,1422.90
5503680.00,684221949924.05,-326592755278.84,-13996260035.59,7250.46,14659.89,1474.12
5927040.00,687213299735.63,-320324444585.09,-13364535388.18,6872.60,14950.38,1507.27
6350400.00,690037419727.58,-313938444405.16,-12722911571.12,6460.51,15214.79,1520.43
6773760.00,692680259505.62,-307446966097.88,-12080238911.94,6016.46,15447.50,1511.78
7197120.00,695128950999.23,-300864655949.66,-11446107280.41,5543.80,15642.65,1479.68
7620480.00,697372310136.24,-294208655770.40,-10830738501.62,5047.17,15794.35,1422.79
8043840.00,699401400788.98,-287498561650.23,-10244819231.94,4532.57,15896.96,1340.28
8467200.00,701210129365.33,-280756251175.30,-9699268657.11,4007.43,15945.40,1231.93
8890560.00,702795833101.66,-274005554376.54,-9204939727.81,3480.52,15935.60,1098.30
9313920.00,704159806819.39,-267271749335.94,-8772262271.85,2961.74,15864.88,940.85
9737280.00,705307716808.34,-260580886446.45,-8410839289.34,2461.76,15732.33,762.03
10160640.00,706249830365.11,-253958962852.94,-8129029778.94,1991.56,15539.18,565.28
10584000.00,707001016809.07,-247430983120.55,-7933543147.38,1561.80,15288.92,354.93
11007360.00,707580488018.16,-241019981125.42,-7829082267.58,1182.21,14987.37,136.10
11430720.00,708011265790.70,-234746082703.71,-7818080039.82,860.95,14642.41,-85.64
11854080.00,708319401482.99,-228625687537.78,-7900554598.47,604.08,14263.69,-304.51
12277440.00,708533009049.40,-222670844772.66,-8074094774.87,415.24,13862.04,-514.87
12700800.00,708681190155.05,-216888878344.29,-8333981663.00,295.43,13448.84,-711.51
13124160.00,708792945527.86,-211282281701.43,-8673430510.97,243.17,13035.41,-889.93
13547520.00,708896156802.75,-205848884893.75,-9083938112.81,254.70,12632.38,-1046.54
13970880.00,709016702734.03,-200582248094.18,-9555686869.84,324.39,12249.22,-1178.72
14394240.00,709177770423.14,-195472220343.95,-10077965943.02,445.23,11893.93,-1284.88
14817600.00,709399386748.32,-190505608260.11,-10639586967.38,609.37,11572.85,-1364.36
15240960.00,709698161923.87,-185666895248.78,-11229265540.81,808.59,11290.62,-1417.34
15664320.00,710087222859.38,-180938949395.60,-11835945205.10,1034.73,11050.24,-1444.70
16087680.00,710576300951.09,-176303676125.95,-12449054913.36,1279.96,10853.27,-1447.82
16511040.00,711171937087.28,-171742584606.20,-13058699798.93,1537.06,10700.06,-1428.50
16934400.00,711877770094.57,-167237258387.90,-13655790515.75,1799.57,10589.94,-1388.72
17357760.00,712694871391.51,-162769727982.84,-14232116609.87,2061.83,10521.50,-1330.64
17781120.00,713622092208.73,-158322749391.76,-14780374051.85,2319.01,10492.76,-1256.37
18204480.00,714656399689.40,-153879995057.22,-15294158854.27,2567.04,10501.39,-1168.03
18627840.00,715793192500.70,-149426170329.38,-15767934982.03,2802.57,10544.86,-1067.61
19051200.00,717026586741.06,-144947072785.97,-16196983990.05,3022.89,10620.56,-956.96
19474560.00,718349663360.08,-140429606317.06,-16577344976.73,3225.80,10725.89,-837.81
19897920.00,719754676996.68,-135861761893.57,-16905749846.63,3409.58,10858.33,-711.72
20321280.00,721233226108.69,-131232577687.15,-17179559740.42,3572.84,11015.45,-580.09
20744640.00,722776383818.10,-126532085647.12,-17396708912.35,3714.48,11194.98,-444.22
21168000.00,724374795934.55,-121751245117.66,-17555652262.85,3833.58,11394.82,-305.28
21591360.00,726018756177.95,-116881874939.29,-17655313132.05,3929.38,11613.01,-164.32
22014720.00,727698256462.34,-111916594132.08,-17695041931.20,4001.21,11847.73,-22.30
22438080.00,729403012547.66,-106848769800.80,-17674587458.83,4048.42,12097.27,119.85
22861440.00,731122470390.07,-101672472334.03,-17594076662.65,4070.38,12360.00,261.26
23284800.00,732845798857.61,-96382441566.93,-17454001547.17,4066.41,12634.38,401.08
23708160.00,734561870965.11,-90974067363.34,-17255215224.02,4035.79,12918.88,538.46
24131520.00,736259236021.63,-85443386061.01,-16998936903.04,3977.71,13211.97,672.51
24554880.00,737926086258.72,-79787094767.73,-16686765440.76,3891.29,13512.05,802.32
24978240.00,739550222187.41,-74002586082.64,-16320701947.27,3775.56,13817.42,926.90
25401600.00,741119020536.19,-68088006682.48,-15903183294.68,3629.48,14126.21,1045.17
25824960.00,742619406369.73,-62042341532.61,-15437125448.41,3451.97,14436.32,1155.94
26248320.00,744037835640.04,-55865522083.44,-14925971584.43,3241.90,14745.37,1257.92
26671680.00,745360299944.52,-49558560034.88,-14373745787.91,2998.22,15050.62,1349.65
27095040.00,746572361783.13,-43123712304.75,-13785114629.56,2719.97,15348.90,1429.54
27518400.00,747659227280.96,-36564677483.54,-13165451903.32,2406.44,15636.57,1495.85
27941760.00,748605867866.34,-29886816390.54,-12520898932.00,2057.27,15909.40,1546.70
28365120.00,749397206505.25,-23097389049.38,-11858414795.16,1672.62,16162.64,1580.10
28788480.00,750018381841.45,-16205797689.77,-11185808693.58,1253.39,16390.93,1594.04
29211840.00,750455101193.53,-9223817213.85,-10511743352.85,801.40,16588.43,1586.53
29635200.00,750694089631.96,-2165786762.19,-9845696835.81,319.69,16748.89,1555.72
30058560.00,750723635531.27,4951271731.09,-9197869304.39,-187.33,16865.92,1500.07
30481920.00,750534223621.54,12107647539.17,-8579020401.18,-713.68,16933.28,1418.52
30905280.00,750119226734.14,19281086592.10,-8000224181.39,-1251.69,16945.28,1310.68
