0.00,2196795571709.05,1972191664692.29,-21231914186.58,-12099.96,6309.33,0.30
426082.00,2194770844977.58,1974250964829.55,-21068111954.70,1094.33,4364.15,5728.32
852164.00,2192964413577.45,1976235480109.42,-21097878382.65,-2019.97,3274.29,-6628.70
1278246.00,2190939977372.64,1978249014927.61,-21227636908.99,-11543.45,5828.91,-2487.55
1704328.00,2188853533814.78,1980298444615.41,-21176953912.57,-7749.35,6398.17,7239.54
2130410.00,2186911302334.00,1982324698808.57,-21061439171.75,1391.84,4211.03,5230.01
2556492.00,2185030846022.88,1984322708483.05,-21039513049.51,2442.23,2985.82,-1915.85
2982574.00,2183112449602.14,1986317805657.04,-21078307466.83,-748.67,3089.86,-5867.69
3408656.00,2181153303636.48,1988318585071.56,-21120652305.36,-3821.25,3569.64,-6963.08
3834738.00,2179176494230.83,1990323272598.74,-21144953880.19,-5521.18,3916.68,-6969.72
4260820.00,2177197272816.00,1992329120202.81,-21148187317.52,-5753.37,3965.89,-6924.59
4686902.00,2175217771605.90,1994335655744.42,-21130546535.89,-4568.25,3708.08,-6967.92
5112984.00,2173227438109.74,1996344914007.25,-21093151409.10,-2029.37,3252.68,-6413.27
5539066.00,2171205781051.43,1998359488923.41,-21047872787.49,1214.53,2927.57,-3883.29
5965148.00,2169139443097.23,2000376668584.43,-21033858722.28,2639.20,3423.74,1808.47
6391230.00,2167073396180.51,2002379249621.46,-21107145373.77,-2471.86,5293.86,7610.15
6817312.00,2165124690796.42,2004349275827.61,-21222238299.76,-10969.01,6534.48,3898.33
7243394.00,2163262283544.30,2006318006594.12,-21202127236.94,-9382.89,4924.29,-5199.54
7669476.00,2161266598567.12,2008329459038.48,-21058393096.90,103.32,2981.52,-4953.38
8095558.00,2159105880629.84,2010349991256.10,-21078159779.75,-553.79,4740.77,6663.14
8521640.00,2157186822873.95,2012298428121.73,-21237428141.65,-11852.89,6193.90,312.03
8947722.00,2155289034998.90,2014283603029.07,-21086515102.83,-1986.07,3221.81,-6221.60
9373804.00,2153091060097.94,2016306632521.09,-21094205919.74,-1847.95,5079.91,7279.79
9799886.00,2151244793797.89,2018238244199.02,-21216012778.91,-10289.64,5226.10,-4158.50
10225968.00,2149171818204.09,2020258781462.54,-21023023358.45,2523.35,3206.46,473.36
10652050.00,2147152671109.67,2022208783656.82,-21236921294.38,-11793.26,6209.48,705.65
11078132.00,2145195380578.45,2024202849559.12,-21028110706.95,1752.40,2936.01,-2521.98
11504214.00,2143116324494.23,2026161632345.02,-21235065865.09,-11696.43,6281.23,1439.07
11930296.00,2141143833782.54,2028155042780.60,-21020305951.30,2242.07,3029.20,-1052.90
12356378.00,2139139382535.85,2030093128718.16,-21231092036.18,-11309.44,5673.91,-2242.37
12782460.00,2137017918100.08,2032108901463.50,-21044503411.55,990.52,4122.48,4969.57
13208542.00,2135173221790.62,2034024895908.46,-21142732955.31,-5906.93,3930.85,-6588.60
13634624.00,2132956286204.03,2036022081521.49,-21197094712.22,-9366.95,6367.72,5706.18
14060706.00,2131023751545.40,2037991065790.59,-21014218393.95,2298.96,3096.68,-291.85
14486788.00,2129087523764.48,2039910921294.13,-21170695320.84,-7659.07,4354.92,-6044.20
14912870.00,2126882734583.13,2041901070098.54,-21207256817.97,-10085.23,6387.78,4901.35
15338952.00,2124872836705.58,2043878811157.11,-21026609212.90,1616.79,3790.48,3764.22
15765034.00,2122992721811.89,2045795968147.57,-21069049923.74,-1807.40,3146.72,-5868.44
16191116.00,2120923699706.43,2047736155034.78,-21210631407.77,-10129.19,5115.45,-4124.43
16617198.00,2118746054612.73,2049716714573.55,-21208525677.68,-10257.78,6363.31,4627.81
17043280.00,2116678339226.05,2051690706396.33,-21073502539.46,-1548.45,4860.86,6864.01
17469362.00,2114740800805.98,2053625933745.50,-21005248900.27,2203.38,3116.82,23.84
17895444.00,2112787843527.41,2055546001193.23,-21051269674.97,-1079.56,3037.11,-5374.57
18321526.00,2110760234387.19,2057473778143.56,-21136227069.47,-6024.75,3911.95,-6427.51
18747608.00,2108674908395.29,2059413854634.78,-21202241349.61,-9792.43,4969.65,-4429.26
19173690.00,2106566336348.01,2061361784691.86,-21229898039.01,-11515.30,5789.90,-1092.47
19599772.00,2104461215804.73,2063311164990.98,-21225277465.62,-11402.02,6216.76,2160.76
20025854.00,2102371232007.97,2065257270963.06,-21204747202.53,-10273.28,6306.23,4512.68
20451936.00,2100295974797.91,2067198076069.21,-21183363184.11,-9028.57,6227.07,5833.51
20878018.00,2098230226924.32,2069133405421.25,-21170099145.53,-8261.01,6138.58,6380.06
21304100.00,2096169914113.58,2071063599090.34,-21168559324.64,-8215.76,6126.35,6399.45
21730182.00,2094114750291.96,2072988695785.41,-21178879798.15,-8893.35,6193.90,5916.09
22156264.00,2092068274851.26,2074908392307.81,-21197962506.11,-10069.33,6266.62,4730.47
22582346.00,2090035532460.53,2076822735843.82,-21217976802.23,-11222.95,6203.53,2609.00
23008428.00,2088018009973.03,2078733286781.18,-21225571853.53,-11569.92,5851.42,-378.28
23434510.00,2086007381554.54,2080643929946.88,-21205365198.29,-10370.37,5144.90,-3600.63
23860592.00,2083982514948.98,2082560256393.17,-21148793942.27,-7353.06,4184.30,-5939.79
24286674.00,2081913723510.96,2084487088911.44,-21065464264.33,-2999.89,3256.03,-6066.99
24712756.00,2079777245585.13,2086424029956.85,-20993442737.30,1069.54,2867.61,-2763.07
25138838.00,2077588918246.46,2088358579899.84,-20998415773.20,1280.84,3721.98,3686.26
25564920.00,2075449072903.35,2090265324405.93,-21112901126.24,-5440.73,5619.72,7297.76
25991002.00,2073454044588.14,2092141133926.57,-21216337925.28,-11427.39,6075.63,1711.50
26417084.00,2071500875542.25,2094027272020.87,-21166992853.76,-8625.79,4514.42,-5232.85
26843166.00,2069416049440.81,2095951781242.67,-21022115414.18,-1126.43,2971.19,-5081.53
27269248.00,2067173427878.37,2097890879995.41,-20990146749.33,1257.08,3684.62,3584.00
27695330.00,2065041372763.51,2099775717879.13,-21164315052.89,-8814.90,6092.48,5866.28
28121412.00,2063125270538.43,2101634325768.04,-21188299554.96,-9960.02,4939.31,-4020.16
28547494.00,2061051801964.00,2103551641297.75,-21009730088.65,-811.43,2924.13,-4790.01
28973576.00,2058762709837.04,2105484413496.50,-21023602502.21,-888.08,4457.85,6079.71
29399658.00,2056748456309.80,2107333272181.57,-21211502050.01,-11516.17,5925.54,829.05
29825740.00,2054788952321.70,2109215620019.15,-21062151476.51,-3826.07,3346.08,-6130.16
30251822.00,2052491174621.69,2111154981898.82,-20990596105.05,595.47,3917.23,4543.06
30677904.00,2050443460839.62,2112999483679.42,-21207883156.55,-11492.33,5923.84,972.76
31103986.00,2048473951559.59,2114880539423.30,-21031229333.16,-2504.42,3113.74,-5707.20
