0.00,2200280110921.03,1958289725402.96,-38803486965.90,-4432.88,4967.97,0.01
423360.00,2198402235706.67,1960392667360.23,-38802690269.79,-4438.45,4966.55,3.78
846720.00,2196521997064.44,1962495008861.16,-38800293840.00,-4444.04,4965.13,7.57
1270080.00,2194639388496.96,1964596747330.44,-38796287974.69,-4449.65,4963.70,11.38
1693440.00,2192754403376.90,1966697880291.77,-38790662713.78,-4455.27,4962.27,15.22
2116800.00,2190867034941.27,1968798405367.28,-38783407832.35,-4460.91,4960.83,19.08
2540160.00,2188977276285.48,1970898320277.05,-38774512833.80,-4466.56,4959.39,22.97
2963520.00,2187085120357.21,1972997622838.46,-38763966942.70,-4472.23,4957.94,26.88
3386880.00,2185190559950.02,1975096310965.76,-38751759097.41,-4477.92,4956.49,30.82
3810240.00,2183293587696.75,1977194382669.42,-38737877942.30,-4483.63,4955.03,34.79
4233600.00,2181394196062.64,1979291836055.71,-38722311819.75,-4489.35,4953.57,38.78
4656960.00,2179492377338.21,1981388669326.03,-38705048761.74,-4495.09,4952.10,42.80
5080320.00,2177588123631.80,1983484880776.48,-38686076481.17,-4500.86,4950.63,46.86
5503680.00,2175681426861.86,1985580468797.20,-38665382362.72,-4506.64,4949.15,50.94
5927040.00,2173772278748.94,1987675431871.84,-38642953453.42,-4512.44,4947.68,55.05
6350400.00,2171860670807.22,1989769768576.94,-38618776452.74,-4518.26,4946.19,59.20
6773760.00,2169946594335.87,1991863477581.30,-38592837702.31,-4524.10,4944.71,63.37
7197120.00,2168030040409.84,1993956557645.36,-38565123175.14,-4529.96,4943.22,67.59
7620480.00,2166110999870.37,1996049007620.45,-38535618464.49,-4535.85,4941.73,71.83
8043840.00,2164189463315.07,1998140826448.08,-38504308772.06,-4541.75,4940.24,76.11
8467200.00,2162265421087.48,2000232013159.17,-38471178895.86,-4547.68,4938.75,80.43
8890560.00,2160338863266.21,2002322566873.21,-38436213217.41,-4553.64,4937.25,84.79
9313920.00,2158409779653.56,2004412486797.33,-38399395688.41,-4559.61,4935.75,89.18
9737280.00,2156478159763.60,2006501772225.34,-38360709816.81,-4565.62,4934.25,93.61
10160640.00,2154543992809.67,2008590422536.71,-38320138652.22,-4571.65,4932.75,98.09
10584000.00,2152607267691.31,2010678437195.34,-38277664770.69,-4577.70,4931.25,102.60
11007360.00,2150667972980.48,2012765815748.41,-38233270258.76,-4583.79,4929.75,107.16
11430720.00,2148726096907.15,2014852557824.95,-38186936696.75,-4589.90,4928.24,111.76
11854080.00,2146781627344.16,2016938663134.37,-38138645141.26,-4596.04,4926.74,116.41
12277440.00,2144834551791.27,2019024131464.84,-38088376106.90,-4602.21,4925.24,121.11
12700800.00,2142884857358.42,2021108962681.50,-38036109547.04,-4608.41,4923.73,125.85
13124160.00,2140932530748.07,2023193156724.48,-37981824833.70,-4614.65,4922.23,130.64
13547520.00,2138977558236.64,2025276713606.76,-37925500736.42,-4620.91,4920.72,135.48
13970880.00,2137019925654.94,2027359633411.80,-37867115400.08,-4627.21,4919.22,140.38
14394240.00,2135059618367.49,2029441916290.92,-37806646321.65,-4633.55,4917.71,145.33
14817600.00,2133096621250.74,2031523562460.43,-37744070325.68,-4639.92,4916.21,150.33
15240960.00,2131130918670.07,2033604572198.50,-37679363538.65,-4646.33,4914.70,155.39
15664320.00,2129162494455.44,2035684945841.60,-37612501361.88,-4652.78,4913.20,160.52
16087680.00,2127191331875.65,2037764683780.74,-37543458443.11,-4659.27,4911.70,165.70
16511040.00,2125217413611.12,2039843786457.18,-37472208646.55,-4665.80,4910.20,170.94
16934400.00,2123240721725.07,2041922254357.79,-37398725021.31,-4672.37,4908.70,176.25
17357760.00,2121261237632.90,2044000088009.90,-37322979768.18,-4678.99,4907.21,181.63
17781120.00,2119278942069.77,2046077287975.60,-37244944204.54,-4685.65,4905.71,187.07
18204480.00,2117293815056.17,2048153854845.51,-37164588727.37,-4692.36,4904.21,192.59
18627840.00,2115305835861.36,2050229789231.80,-37081882774.18,-4699.13,4902.72,198.18
19051200.00,2113314982964.39,2052305091760.60,-36996794781.76,-4705.94,4901.23,203.84
19474560.00,2111321234012.79,2054379763063.56,-36909292142.50,-4712.81,4899.74,209.58
19897920.00,2109324565778.41,2056453803768.49,-36819341158.32,-4719.73,4898.25,215.41
20321280.00,2107324954110.42,2058527214489.08,-36726906991.74,-4726.71,4896.76,221.32
20744640.00,2105322373885.16,2060599995813.52,-36631953614.15,-4733.76,4895.28,227.31
21168000.00,2103316798952.56,2062672148291.89,-36534443751.02,-4740.86,4893.79,233.39
21591360.00,2101308202078.89,2064743672422.20,-36434338823.64,-4748.03,4892.31,239.57
22014720.00,2099296554885.46,2066814568634.96,-36331598887.39,-4755.27,4890.83,245.84
22438080.00,2097281827783.03,2068884837276.11,-36226182566.18,-4762.58,4889.34,252.22
22861440.00,2095263989901.42,2070954478588.01,-36118046982.62,-4769.97,4887.86,258.69
23284800.00,2093243009014.03,2073023492688.45,-36007147683.89,-4777.43,4886.38,265.27
23708160.00,2091218851456.69,2075091879547.30,-35893438562.72,-4784.98,4884.90,271.97
24131520.00,2089191482040.45,2077159638960.62,-35776871773.17,-4792.61,4883.42,278.77
24554880.00,2087160863957.62,2079226770521.84,-35657397640.88,-4800.33,4881.93,285.70
24978240.00,2085126958680.52,2081293273589.73,-35534964567.20,-4808.14,4880.45,292.75
25401600.00,2083089725852.21,2083359147252.75,-35409518926.81,-4816.05,4878.96,299.94
25824960.00,2081049123168.42,2085424390289.29,-35281004958.24,-4824.06,4877.47,307.25
26248320.00,2079005106249.79,2087489001123.35,-35149364646.70,-4832.18,4875.97,314.71
26671680.00,2076957628503.55,2089552977775.05,-35014537598.55,-4840.41,4874.47,322.31
27095040.00,2074906640973.38,2091616317805.30,-34876460906.74,-4848.76,4872.97,330.06
27518400.00,2072852092176.43,2093679018253.92,-34735069006.34,-4857.24,4871.45,337.97
27941760.00,2070793927926.04,2095741075570.26,-34590293519.40,-4865.84,4869.93,346.05
28365120.00,2068732091138.54,2097802485535.38,-34442063088.05,-4874.59,4868.39,354.30
28788480.00,2066666521622.65,2099863243174.68,-34290303194.92,-4883.48,4866.84,362.72
29211840.00,2064597155849.23,2101923342659.59,-34134935969.55,-4892.52,4865.28,371.34
29635200.00,2062523926699.48,2103982777196.73,-33975879979.67,-4901.73,4863.70,380.15
30058560.00,2060446763188.76,2106041538903.00,-33813050005.75,-4911.11,4862.10,389.17
30481920.00,2058365590163.51,2108099618664.27,-33646356797.35,-4920.68,4860.48,398.41
30905280.00,2056280327967.80,2110157005975.45,-33475706809.46,-4930.43,4858.83,407.87
