0.00,-247109601478.19,-14221684853.03,5743562452.58,2354.01,-22129.40,-0.00
7200.00,-247092596131.14,-14381013090.94,5743561137.23,2369.72,-22128.44,-0.37
14400.00,-247075477701.40,-14540334425.45,5743557191.02,2385.42,-22127.48,-0.73
21600.00,-247058246186.69,-14699648782.72,5743550613.71,2401.13,-22126.51,-1.10
28800.00,-247040901584.80,-14858956088.87,5743541405.07,2416.84,-22125.52,-1.46
36000.00,-247023443893.52,-15018256270.04,5743529564.87,2432.54,-22124.53,-1.83
43200.00,-247005873110.71,-15177549252.33,5743515092.88,2448.25,-22123.52,-2.19
50400.00,-246988189234.26,-15336834961.84,5743497988.86,2463.96,-22122.51,-2.56
57600.00,-246970392262.09,-15496113324.68,5743478252.58,2479.67,-22121.48,-2.92
64800.00,-246952482192.17,-15655384266.91,5743455883.82,2495.37,-22120.44,-3.29
72000.00,-246934459022.51,-15814647714.61,5743430882.34,2511.08,-22119.40,-3.66
79200.00,-246916322751.15,-15973903593.85,5743403247.92,2526.79,-22118.34,-4.02
86400.00,-246898073376.18,-16133151830.66,5743372980.34,2542.50,-22117.28,-4.39
93600.00,-246879710895.71,-16292392351.08,5743340079.36,2558.21,-22116.20,-4.75
100800.00,-246861235307.93,-16451625081.15,5743304544.75,2573.92,-22115.11,-5.12
108000.00,-246842646611.02,-16610849946.87,5743266376.31,2589.63,-22114.01,-5.48
115200.00,-246823944803.23,-16770066874.26,5743225573.80,2605.34,-22112.91,-5.85
122400.00,-246805129882.84,-16929275789.30,5743182136.99,2621.05,-22111.79,-6.22
129600.00,-246786201848.18,-17088476617.99,5743136065.68,2636.76,-22110.66,-6.58
136800.00,-246767160697.60,-17247669286.29,5743087359.63,2652.47,-22109.52,-6.95
144000.00,-246748006429.50,-17406853720.17,5743036018.64,2668.18,-22108.37,-7.31
151200.00,-246728739042.33,-17566029845.58,5742982042.47,2683.89,-22107.21,-7.68
158400.00,-246709358534.56,-17725197588.46,5742925430.91,2699.60,-22106.04,-8.05
165600.00,-246689864904.71,-17884356874.74,5742866183.75,2715.32,-22104.86,-8.41
172800.00,-246670258151.34,-18043507630.34,5742804300.77,2731.03,-22103.67,-8.78
180000.00,-246650538273.04,-18202649781.16,5742739781.75,2746.74,-22102.47,-9.14
187200.00,-246630705268.46,-18361783253.12,5742672626.48,2762.45,-22101.26,-9.51
194400.00,-246610759136.27,-18520907972.09,5742602834.74,2778.16,-22100.04,-9.88
201600.00,-246590699875.19,-18680023863.95,5742530406.33,2793.88,-22098.81,-10.24
208800.00,-246570527483.98,-18839130854.57,5742455341.03,2809.59,-22097.57,-10.61
216000.00,-246550241961.42,-18998228869.80,5742377638.62,2825.30,-22096.32,-10.98
223200.00,-246529843306.35,-19157317835.49,5742297298.91,2841.01,-22095.06,-11.34
230400.00,-246509331517.66,-19316397677.48,5742214321.68,2856.73,-22093.78,-11.71
237600.00,-246488706594.25,-19475468321.57,5742128706.72,2872.44,-22092.50,-12.07
244800.00,-246467968535.09,-19634529693.60,5742040453.82,2888.15,-22091.21,-12.44
252000.00,-246447117339.15,-19793581719.36,5741949562.78,2903.87,-22089.91,-12.81
259200.00,-246426153005.49,-19952624324.65,5741856033.40,2919.58,-22088.59,-13.17
266400.00,-246405075533.16,-20111657435.24,5741759865.47,2935.29,-22087.27,-13.54
273600.00,-246383884921.29,-20270680976.90,5741661058.78,2951.01,-22085.93,-13.91
280800.00,-246362581169.03,-20429694875.40,5741559613.13,2966.72,-22084.59,-14.27
288000.00,-246341164275.57,-20588699056.49,5741455528.32,2982.44,-22083.23,-14.64
295200.00,-246319634240.15,-20747693445.89,5741348804.15,2998.15,-22081.87,-15.01
302400.00,-246297991062.03,-20906677969.36,5741239440.42,3013.87,-22080.49,-15.37
309600.00,-246276234740.54,-21065652552.59,5741127436.93,3029.58,-22079.11,-15.74
316800.00,-246254365275.02,-21224617121.29,5741012793.48,3045.29,-22077.71,-16.11
324000.00,-246232382664.86,-21383571601.18,5740895509.88,3061.01,-22076.31,-16.47
331200.00,-246210286909.50,-21542515917.92,5740775585.92,3076.72,-22074.89,-16.84
338400.00,-246188078008.41,-21701449997.20,5740653021.41,3092.44,-22073.46,-17.21
345600.00,-246165755961.11,-21860373764.67,5740527816.16,3108.15,-22072.02,-17.57
352800.00,-246143320767.14,-22019287146.01,5740399969.98,3123.87,-22070.58,-17.94
360000.00,-246120772426.09,-22178190066.84,5740269482.66,3139.58,-22069.12,-18.31
367200.00,-246098110937.61,-22337082452.81,5740136354.02,3155.30,-22067.65,-18.67
374400.00,-246075336301.36,-22495964229.53,5740000583.87,3171.01,-22066.17,-19.04
381600.00,-246052448517.06,-22654835322.63,5739862172.01,3186.73,-22064.68,-19.41
388800.00,-246029447584.45,-22813695657.69,5739721118.26,3202.44,-22063.18,-19.77
396000.00,-246006333503.33,-22972545160.32,5739577422.43,3218.16,-22061.67,-20.14
403200.00,-245983106273.54,-23131383756.09,5739431084.33,3233.87,-22060.15,-20.51
410400.00,-245959765894.94,-23290211370.58,5739282103.78,3249.59,-22058.62,-20.88
417600.00,-245936312367.45,-23449027929.34,5739130480.58,3265.30,-22057.08,-21.24
424800.00,-245912745691.02,-23607833357.93,5738976214.56,3281.02,-22055.53,-21.61
432000.00,-245889065865.64,-23766627581.88,5738819305.53,3296.73,-22053.97,-21.98
439200.00,-245865272891.35,-23925410526.73,5738659753.30,3312.45,-22052.40,-22.34
446400.00,-245841366768.23,-24084182118.00,5738497557.70,3328.16,-22050.82,-22.71
453600.00,-245817347496.38,-24242942281.18,5738332718.54,3343.88,-22049.22,-23.08
460800.00,-245793215075.96,-24401690941.78,5738165235.64,3359.59,-22047.62,-23.45
468000.00,-245768969507.16,-24560428025.30,5737995108.83,3375.31,-22046.01,-23.81
475200.00,-245744610790.23,-24719153457.19,5737822337.92,3391.02,-22044.39,-24.18
482400.00,-245720138925.42,-24877867162.94,5737646922.74,3406.74,-22042.75,-24.55
489600.00,-245695553913.07,-25036569068.00,5737468863.10,3422.45,-22041.11,-24.91
496800.00,-245670855753.52,-25195259097.81,5737288158.85,3438.17,-22039.45,-25.28
504000.00,-245646044447.18,-25353937177.81,5737104809.79,3453.88,-22037.79,-25.65
511200.00,-245621119994.47,-25512603233.42,5736918815.76,3469.60,-22036.11,-26.02
518400.00,-245596082395.87,-25671257190.07,5736730176.58,3485.31,-22034.43,-26.38
