0.00,655149534157.64,-372309503076.76,-19056545923.78,8177.56,9969.84,0.09
424800.00,658584075787.47,-368085052732.56,-19045564454.62,7990.84,9919.83,51.89
849600.00,661937872924.36,-363880911932.95,-19012463105.64,7797.40,9874.30,104.21
1274400.00,665208086928.96,-359695093380.26,-18957042485.46,7597.31,9833.66,156.95
1699200.00,668391916592.66,-355525428154.41,-18879154942.30,7390.69,9798.34,209.97
2124000.00,671486607440.78,-351369555381.22,-18778709598.81,7177.64,9768.82,263.13
2548800.00,674489463627.54,-347224912266.82,-18655678002.05,6958.33,9745.58,316.28
2973600.00,677397862262.59,-343088724390.20,-18510100359.54,6732.94,9729.12,369.25
3398400.00,680209270538.71,-338957997356.56,-18342092210.69,6501.71,9719.98,421.85
3823200.00,682921265656.03,-334829509485.35,-18151851624.55,6264.93,9718.70,473.88
4248000.00,685531557643.53,-330699806867.15,-17939666634.08,6022.93,9725.82,525.13
4672800.00,688038014938.51,-326565200652.06,-17705922822.24,5776.12,9741.90,575.34
5097600.00,690438692576.52,-322421767969.97,-17451110833.78,5524.98,9767.50,624.27
5522400.00,692731862957.13,-318265355944.61,-17175833813.38,5270.05,9803.13,671.64
5947200.00,694916048094.72,-314091591142.99,-16880814057.99,5011.96,9849.31,717.16
6372000.00,696990053568.92,-309895892968.13,-16566899015.80,4751.43,9906.51,760.54
6796800.00,698953003016.39,-305673493143.23,-16235066174.52,4489.23,9975.13,801.46
7221600.00,700804371861.90,-301419461083.88,-15886426370.77,4226.25,10055.53,839.61
7646400.00,702544020551.13,-297128734487.32,-15522225587.77,3963.41,10147.97,874.66
8071200.00,704172224019.36,-292796156858.66,-15143844326.24,3701.73,10252.63,906.31
8496000.00,705689699321.32,-288416519589.76,-14752795105.39,3442.28,10369.57,934.24
8920800.00,707097626294.33,-283984610533.26,-14350717132.77,3186.16,10498.75,958.17
9345600.00,708397664051.15,-279495264748.09,-13939368487.21,2934.53,10639.99,977.83
9770400.00,709591959952.50,-274943420884.50,-13520615875.61,2688.53,10792.98,992.98
10195200.00,710683150754.02,-270324177469.30,-13096421586.71,2449.31,10957.27,1003.40
10620000.00,711674355837.64,-265632851039.12,-12668828349.64,2218.00,11132.28,1008.94
11044800.00,712569162509.40,-260865032333.31,-12239942120.97,1995.67,11317.31,1009.46
11469600.00,713371602523.05,-256016640659.55,-11811913268.27,1783.33,11511.51,1004.88
11894400.00,714086122036.14,-251083974055.34,-11386916570.88,1581.91,11713.94,995.16
12319200.00,714717543224.89,-246063755180.60,-10967130547.66,1392.26,11923.56,980.33
12744000.00,715271020948.53,-240953168504.62,-10554716781.99,1215.10,12139.23,960.45
13168800.00,715751995598.91,-235749894692.54,-10151799074.23,1051.05,12359.75,935.63
13593600.00,716166139734.24,-230452133974.92,-9760444074.68,900.57,12583.88,906.03
14018400.00,716519305984.89,-225058623590.79,-9382642494.63,764.05,12810.34,871.84
14443200.00,716817470943.80,-219568649147.90,-9020291625.91,641.70,13037.83,833.31
14868000.00,717066681194.54,-213982045086.80,-8675180545.47,533.62,13265.07,790.71
15292800.00,717273000500.56,-208299193543.37,-8348975536.40,439.80,13490.76,744.34
15717600.00,717442456892.55,-202521013830.25,-8043208678.67,360.08,13713.67,694.53
16142400.00,717580994746.50,-196648946608.72,-7759268359.05,294.23,13932.58,641.63
16567200.00,717694428764.11,-190684936080.08,-7498390327.51,241.87,14146.34,586.00
16992000.00,717788400778.81,-184631405214.66,-7261652021.47,202.56,14353.85,528.03
17416800.00,717868341574.72,-178491229619.88,-7049967772.26,175.75,14554.08,468.10
17841600.00,717939434445.44,-172267708192.24,-6864085627.62,160.83,14746.07,406.61
18266400.00,718006583282.39,-165964530436.60,-6704586257.39,157.10,14928.94,343.95
18691200.00,718074384785.87,-159585742330.65,-6571883104.24,163.81,15101.89,280.52
19116000.00,718147103528.51,-153135711335.59,-6466223232.59,180.15,15264.21,216.69
19540800.00,718228650471.30,-146619089048.35,-6387689934.29,205.26,15415.27,152.86
19965600.00,718322565673.05,-140040772831.01,-6336206839.68,238.25,15554.55,89.40
20390400.00,718432004602.14,-133405866992.38,-6311543074.83,278.21,15681.60,26.66
20815200.00,718559727744.41,-126719643390.08,-6313319283.96,324.20,15796.07,-35.02
21240000.00,718708094523.54,-119987501135.45,-6341015173.05,375.27,15897.71,-95.32
21664800.00,718879061603.66,-113214927730.03,-6393978030.44,430.46,15986.36,-153.93
22089600.00,719074182824.60,-106407460519.31,-6471430987.25,488.84,16061.94,-210.57
22514400.00,719294615130.69,-99570647541.21,-6572483854.68,549.48,16124.49,-264.99
22939200.00,719541128266.86,-92710011872.00,-6696144202.56,611.49,16174.08,-316.96
23364000.00,719814116467.87,-85831017668.87,-6841328170.48,673.99,16210.91,-366.29
23788800.00,720113613773.12,-78939037362.64,-7006871905.85,736.16,16235.23,-412.78
24213600.00,720439314354.44,-72039322387.88,-7191544190.76,797.23,16247.34,-456.31
24638400.00,720790592282.37,-65136978546.73,-7394057476.50,856.46,16247.63,-496.75
25063200.00,721166524063.20,-58236941507.53,-7613079130.79,913.19,16236.52,-534.01
25488000.00,721565915389.52,-51343958122.97,-7847243513.85,966.80,16214.47,-568.03
25912800.00,721987326312.99,-44462572040.32,-8095162367.32,1016.76,16181.97,-598.75
26337600.00,722429096060.07,-37597111500.88,-8355434197.28,1062.56,16139.54,-626.17
26762400.00,722889369862.59,-30751679974.69,-8626653437.84,1103.80,16087.73,-650.29
27187200.00,723366125983.02,-23930152684.55,-8907419109.34,1140.09,16027.06,-671.11
27612000.00,723857197874.77,-17136174857.65,-9196341371.75,1171.13,15958.08,-688.68
28036800.00,724360297929.56,-10373160934.04,-9492047670.80,1196.66,15881.34,-703.05
28461600.00,724873040769.51,-3644299229.31,-9793188321.65,1216.48,15797.35,-714.27
28886400.00,725392962051.46,3047441872.51,-10098440580.78,1230.42,15706.63,-722.41
29311200.00,725917534894.21,9699307836.95,-10406511714.11,1238.34,15609.68,-727.54
29736000.00,726444186497.71,16308750510.54,-10716141456.93,1240.17,15506.96,-729.75
30160800.00,726970312868.75,22873417108.43,-11026103756.28,1235.84,15398.92,-729.11
30585600.00,727493288380.50,29391140305.48,-11335207614.11,1225.31,15286.00,-725.71
31010400.00,728010475063.15,35859929747.41,-11642297439.26,1208.56,15168.59,-719.64
