0.00,6875847430.62,-67389960794.27,-6272267731.64,38599.41,8216.37,2.64
200000.00,14516209812.04,-65182179461.72,-6218772869.34,37678.81,13927.62,540.76
400000.00,21901568699.23,-61828214055.49,-6055924898.41,36032.25,19670.71,1095.82
600000.00,28880426173.33,-57326874774.72,-5780684545.83,33593.75,25390.35,1664.07
800000.00,35286755213.25,-51690041516.91,-5390922176.44,30283.98,31009.53,2240.02
1000000.00,40937471206.66,-44947917107.04,-4885847420.75,26012.09,36419.88,2815.56
1200000.00,45630549283.02,-37156494935.86,-4266653033.58,20680.71,41469.07,3378.69
1400000.00,49144699854.83,-28407853023.82,-3537446396.03,14197.16,45945.15,3911.90
1600000.00,51242209423.45,-18843779838.72,-2706545787.84,6494.87,49559.36,4390.17
1800000.00,51677556083.22,-8672677164.53,-1788186927.57,-2429.14,51931.75,4778.95
2000000.00,50215563131.68,1811817405.80,-804570702.06,-12455.51,52591.02,5032.98
2200000.00,46663441583.81,12215128363.54,212086453.81,-23263.44,51008.46,5097.91
2400000.00,40919300333.78,22038471042.12,1218316051.39,-34250.72,46693.42,4917.37
2600000.00,33032752766.36,30702357352.37,2160366424.44,-44504.91,39366.27,4448.24
2800000.00,23259818992.22,37610120788.49,2978927748.53,-52903.34,29173.38,3682.15
3000000.00,12080806813.32,42249446195.29,3618035545.09,-58383.59,16825.67,2663.28
3200000.00,153119391.19,44301432560.04,4035919374.95,-60296.40,3514.19,1487.61
3400000.00,-11797507771.71,43707340393.03,4213187730.67,-58629.70,-9416.23,277.39
3600000.00,-23103693954.69,40659892202.12,4154486426.25,-53952.33,-20854.26,-855.11
3800000.00,-33247762304.11,35530480518.54,3883634459.32,-47142.63,-30146.39,-1833.37
4000000.00,-41893553942.58,28774604194.68,3435624673.44,-39096.37,-37093.80,-2621.94
4200000.00,-48869949473.26,20853433494.95,2849159483.33,-30548.39,-41814.39,-3217.36
4400000.00,-54131698045.65,12186324209.19,2161567064.25,-22019.62,-44586.69,-3634.92
4600000.00,-57718069654.97,3130824217.61,1406180011.40,-13839.52,-45736.23,-3897.90
4800000.00,-59719215096.24,-6019709701.07,611467419.58,-6194.51,-45572.25,-4030.86
5000000.00,-60252395437.12,-15029737459.00,-198844274.73,824.58,-44360.94,-4056.30
5200000.00,-59446694405.03,-23712087811.23,-1005206346.20,7185.82,-42319.37,-3993.37
5400000.00,-57433925885.49,-31918398901.81,-1791552813.71,12890.77,-39619.13,-3857.75
5600000.00,-54343683917.44,-39530699227.09,-2544629224.34,17958.10,-36393.41,-3661.92
5800000.00,-50301016786.13,-46454481850.79,-3253406707.20,22413.37,-32744.57,-3415.70
6000000.00,-45425704443.18,-52613219147.11,-3908596241.98,26282.93,-28750.86,-3126.72
6200000.00,-39832491598.09,-57944119138.85,-4502257549.00,29590.31,-24472.03,-2800.90
6400000.00,-33631882938.22,-62394899933.79,-5027489853.71,32354.06,-19953.96,-2442.77
6600000.00,-26931271596.24,-65921384440.38,-5478190932.15,34586.50,-15232.28,-2055.81
6800000.00,-19836275875.15,-68485759928.68,-5848872695.29,36292.88,-10335.39,-1642.71
7000000.00,-12452223850.34,-70055392200.74,-6134524437.93,37470.68,-5287.03,-1205.59
7200000.00,-4885765140.33,-70602127842.72,-6330518091.99,38109.01,-108.62,-746.18
7400000.00,2753387392.71,-70102060480.70,-6432553237.41,38187.91,5178.38,-266.05
7600000.00,10350571503.27,-68535780558.44,-6436643367.86,37677.61,10549.99,233.18
7800000.00,17784129526.29,-65889176460.85,-6339149291.37,36537.68,15976.59,749.60
8000000.00,24923199600.74,-62154912040.13,-6136871003.37,34716.29,21419.23,1280.67
8200000.00,31625375024.92,-57334776048.80,-5827216440.22,32149.67,26824.52,1822.75
8400000.00,37734332030.89,-51443185519.26,-5408474747.35,28762.43,32118.08,2370.53
8600000.00,43077656686.88,-44512225415.39,-4880233355.55,24469.50,37195.64,2916.15
8800000.00,47465333577.29,-36598704506.42,-4243991539.73,19181.10,41911.68,3448.10
9000000.00,50689750458.47,-27793753092.01,-3504034870.74,12813.52,46065.46,3949.70
9200000.00,52528690077.78,-18235364312.74,-2668635620.35,5309.06,49385.95,4397.38
9400000.00,52753648039.03,-8123746388.32,-1751612282.11,-3329.71,51519.90,4758.92
9600000.00,51146778411.05,2262005398.52,-774176235.04,-12987.23,52032.92,4992.49
9800000.00,47530192091.87,12550104572.13,233243879.65,-23365.14,50440.99,5048.23
