0.00,977763114804.84,-1118681437776.88,-19564902775.90,-7272.99,6821.70,679.09
423360.00,980116624158.60,-1116282495394.16,-19380171565.53,6841.27,-2225.67,4519.16
846720.00,984639081574.52,-1113874533962.88,-19341637874.41,7736.74,10065.03,-2016.87
1270080.00,985675964486.65,-1110680307091.75,-19480499964.75,3946.18,-1389.97,4292.50
1693440.00,989979047026.68,-1109398879723.33,-18824493756.01,10507.31,6706.29,-411.00
2116800.00,993746946839.87,-1105911377491.52,-19293316040.74,7034.16,9320.69,-1549.82
2540160.00,995598782673.79,-1101932969399.87,-19889176510.06,905.78,8308.31,-596.06
2963520.00,997036349659.56,-1100889204782.79,-18904486978.57,10049.42,1846.54,2212.52
3386880.00,1001421315964.06,-1098989933314.20,-18564372970.45,9937.76,6268.68,-104.72
3810240.00,1005310220918.25,-1095935187714.38,-18797091469.73,8374.24,7982.12,-895.59
4233600.00,1008469741171.45,-1092340706745.06,-19262168428.07,6454.19,8908.85,-1247.49
4656960.00,1010653732140.51,-1088494218307.25,-19791293575.28,3577.76,9055.56,-1123.91
5080320.00,1011179166800.33,-1085363682618.88,-19827999353.09,-369.55,2824.98,2437.51
5503680.00,1013935697032.16,-1084892108219.55,-18606015396.82,9910.24,3226.24,1549.09
5927040.00,1018104004226.64,-1082892936771.66,-18280830841.23,9558.39,5822.92,210.62
6350400.00,1021978854801.86,-1080147305840.30,-18326422662.55,8727.30,7043.59,-369.64
6773760.00,1025489041546.08,-1076993135720.43,-18559643787.19,7839.79,7814.19,-708.41
7197120.00,1028606970570.59,-1073563396684.78,-18908443952.05,6860.31,8363.11,-924.06
7620480.00,1031271591150.97,-1069936326375.06,-19327445744.75,5668.38,8744.50,-1037.02
8043840.00,1033342457788.08,-1066196630626.50,-19762493280.12,3976.88,8849.35,-970.41
8467200.00,1034457561255.39,-1062605840782.94,-20051205232.23,908.82,7574.83,-83.11
8890560.00,1035031832293.02,-1061163620776.76,-19165135995.63,6591.93,196.82,3442.32
9313920.00,1038764791377.86,-1060129373020.66,-18271432643.43,9450.86,4137.62,1177.76
9737280.00,1042706416537.22,-1058007439577.03,-17962547384.11,9101.48,5703.80,382.65
10160640.00,1046455323982.58,-1055398373209.57,-17894360125.93,8602.14,6560.91,-27.90
10584000.00,1049991621135.64,-1052492576025.10,-17964969490.04,8101.31,7139.10,-291.02
11007360.00,1053316493656.63,-1049374718829.92,-18129731971.32,7601.40,7575.44,-479.29
11430720.00,1056427204244.56,-1046091237342.75,-18363939815.15,7086.16,7927.25,-621.88
11854080.00,1059312600038.30,-1042671568962.69,-18651298136.62,6532.12,8221.31,-731.37
12277440.00,1061949526316.39,-1039137525949.75,-18978732156.55,5904.66,8467.69,-810.76
12700800.00,1064295702959.47,-1035510031898.60,-19332351229.11,5144.36,8659.15,-852.19
13124160.00,1066272673746.20,-1031819988991.42,-19690532583.06,4129.03,8747.65,-821.98
13547520.00,1067717630679.53,-1028146592164.40,-20000452718.06,2542.09,8499.77,-575.53
13970880.00,1068235755003.66,-1024897901422.35,-20019832995.05,-313.83,5837.28,1032.79
14394240.00,1069430821405.39,-1024055776507.32,-18809070689.54,7690.96,1502.91,2793.26
14817600.00,1073082615176.42,-1022727392148.86,-18017261164.09,8908.70,4324.67,1228.03
15240960.00,1076816448508.55,-1020618259608.88,-17640146360.46,8687.59,5515.69,621.67
15664320.00,1080427771982.50,-1018128021677.03,-17452721908.99,8368.38,6202.90,288.18
16087680.00,1083903852727.24,-1015397514595.73,-17379703168.83,8053.09,6674.72,68.23
16511040.00,1087249349995.00,-1012493456172.87,-17386154364.30,7751.51,7032.55,-92.41
16934400.00,1090469565137.29,-1009453437904.86,-17452567733.42,7460.51,7321.75,-217.49
17357760.00,1093567903517.60,-1006301058633.82,-17566706137.52,7174.88,7565.96,-319.19
17781120.00,1096545489647.07,-1003052238016.11,-17720241382.81,6889.15,7778.88,-404.36
18204480.00,1099401103304.14,-999718315980.33,-17907104882.34,6597.64,7968.94,-477.07
18627840.00,1102130998330.45,-996307762778.30,-18122572238.46,6294.01,8141.48,-539.71
19051200.00,1104728468425.74,-992827245764.36,-18362670149.59,5970.45,8299.75,-593.47
19474560.00,1107183005950.65,-989282432689.02,-18623694463.94,5616.51,8445.21,-638.41
19897920.00,1109478763676.53,-985678812066.90,-18901671382.26,5216.91,8577.10,-673.08
20321280.00,1111591689018.44,-982022923659.64,-19191510812.65,4747.07,8690.71,-693.31
20744640.00,1113483814757.53,-978324944394.29,-19485248543.56,4163.20,8772.00,-688.68
21168000.00,1115090522462.08,-974605804106.09,-19767416005.35,3375.81,8778.22,-630.49
21591360.00,1116287031477.45,-970923479927.40,-19998805870.41,2165.25,8544.20,-416.16
22014720.00,1116787850624.53,-967532970922.49,-20024972640.98,-37.64,6946.43,587.47
22438080.00,1117167395563.95,-966079873213.93,-19014022333.64,5299.43,900.25,3432.81
22861440.00,1120309314522.64,-965009770738.45,-17984734678.22,8219.05,3859.77,1675.97
23284800.00,1123807576074.85,-963069505633.43,-17436861070.11,8226.06,5155.33,997.67
23708160.00,1127249582780.70,-960727745108.79,-17094342681.77,8024.58,5855.06,648.84
24131520.00,1130600878304.00,-958146588411.68,-16869067675.85,7806.61,6314.75,428.11
24554880.00,1133861656205.39,-955399080612.17,-16722410201.36,7598.34,6651.98,271.49
24978240.00,1137036903030.88,-952525156574.81,-16633592106.56,7402.54,6917.15,152.12
25401600.00,1140131617571.90,-949549403006.47,-16589957830.30,7217.61,7135.81,56.59
25824960.00,1143149938797.74,-946488205454.10,-16583133302.14,7041.33,7322.43,-22.61
26248320.00,1146095073665.75,-943353112753.23,-16607239484.93,6871.59,7485.92,-90.05
26671680.00,1148969393478.84,-940152612759.10,-16657957365.67,6706.54,7632.09,-148.67
27095040.00,1151774531813.74,-936893149206.39,-16732000488.93,6544.53,7764.93,-200.47
27518400.00,1154511463840.09,-933579731247.82,-16826797003.29,6384.10,7887.31,-246.87
27941760.00,1157180563598.64,-930216329477.50,-16940282470.55,6223.86,8001.30,-288.87
28365120.00,1159781629990.35,-926806141910.91,-17070761070.23,6062.47,8108.51,-327.23
28788480.00,1162313884628.99,-923351778611.50,-17216807891.05,5898.53,8210.14,-362.47
29211840.00,1164775941100.02,-919855395482.34,-17377196032.79,5730.55,8307.12,-395.01
29635200.00,1167165741660.36,-916318796258.47,-17550838226.65,5556.84,8400.20,-425.11
30058560.00,1169480453328.76,-912743515960.69,-17736735423.36,5375.41,8489.91,-452.91
30481920.00,1171716309244.01,-909130896849.68,-17933925557.38,5183.79,8576.62,-478.43
30905280.00,1173868371167.17,-905482168582.81,-18141424651.61,4978.87,8660.48,-501.55
