0.00,642709562212.37,-385368735903.15,-12784504884.38,39013.07,12961.62,293.67
200000.00,643048160044.16,-381379373217.00,-12731533123.20,925.55,12348.51,-24.06
400000.00,643682371638.91,-379442537323.80,-12752703739.93,5681.88,7468.89,-169.40
600000.00,645639701840.94,-378268024085.09,-12792873694.07,16877.66,5045.18,-172.91
800000.00,648313649618.46,-373788485883.48,-12699150117.80,4074.88,24521.28,470.90
1000000.00,649072081286.25,-369250326688.07,-12619599960.47,3702.57,21529.98,352.18
1200000.00,649813580498.55,-365057507818.61,-12553510377.30,3719.78,20516.22,313.35
1400000.00,650560272570.06,-361011629184.81,-12493010997.14,3745.85,19984.37,293.25
1600000.00,651311101132.38,-357049817316.60,-12435676164.75,3760.61,19653.43,280.84
1800000.00,652063777302.33,-353142786413.74,-12380390671.45,3764.59,19427.73,272.42
2000000.00,652816373027.27,-349274188108.57,-12326536858.86,3760.08,19264.87,266.37
2200000.00,653567390863.58,-345433850498.04,-12273732377.77,3749.02,19142.84,261.84
2400000.00,654315669793.42,-341614965659.03,-12221722154.37,3732.85,19049.00,258.37
2600000.00,655060296037.28,-337812731053.64,-12170326588.40,3712.61,18975.51,255.66
2800000.00,655800537159.49,-334023621236.18,-12119413933.71,3689.07,18917.21,253.52
3000000.00,656535795471.65,-330244966411.10,-12068884388.25,3662.83,18870.58,251.82
3200000.00,657265575088.52,-326474693583.79,-12018660360.14,3634.33,18833.13,250.46
3400000.00,657989458379.15,-322711159911.00,-11968680222.21,3603.90,18803.00,249.37
3600000.00,658707088791.99,-318953041189.24,-11918894145.26,3571.82,18778.84,248.51
3800000.00,659418158113.11,-315199254665.51,-11869261219.91,3538.31,18759.58,247.84
4000000.00,660122396937.53,-311448904158.26,-11819747414.56,3503.53,18744.40,247.32
4200000.00,660819567417.36,-307701240178.12,-11770324095.01,3467.64,18732.65,246.93
4400000.00,661509457627.33,-303955630322.92,-11720966927.55,3430.74,18723.81,246.66
4600000.00,662191877140.10,-300211536862.29,-11671655049.45,3392.94,18717.45,246.48
4800000.00,662866653540.99,-296468499512.98,-11622370432.60,3354.31,18713.21,246.38
5000000.00,663533629638.89,-292726122043.16,-11573097389.42,3314.94,18710.82,246.36
5200000.00,664192661199.75,-288984061695.53,-11523822183.01,3274.87,18710.02,246.40
5400000.00,664843615102.38,-285242020737.39,-11474532716.02,3234.16,18710.61,246.50
5600000.00,665486367826.61,-281499739653.06,-11425218280.56,3192.86,18712.41,246.65
5800000.00,666120804198.04,-277756991605.97,-11375869354.90,3151.00,18715.27,246.85
6000000.00,666746816338.00,-274013577888.11,-11326477436.49,3108.62,18719.05,247.08
6200000.00,667364302782.58,-270269324149.43,-11277034903.67,3065.74,18723.66,247.35
6400000.00,667973167743.16,-266524077254.72,-11227534900.61,3022.40,18728.98,247.66
6600000.00,668573320479.37,-262777702652.61,-11177971241.15,2978.62,18734.93,247.99
6800000.00,669164674759.19,-259030082152.99,-11128338327.66,2934.41,18741.43,248.35
7000000.00,669747148394.75,-255281112033.04,-11078631081.81,2889.81,18748.42,248.73
7200000.00,670320662845.39,-251530701417.94,-11028844885.46,2844.82,18755.83,249.14
7400000.00,670885142876.16,-247778770893.17,-10978975530.14,2799.46,18763.61,249.56
7600000.00,671440516260.75,-244025251309.29,-10929019173.58,2753.75,18771.72,250.01
7800000.00,671986713521.47,-240270082745.89,-10878972302.01,2707.70,18780.10,250.47
8000000.00,672523667701.05,-236513213608.38,-10828831697.39,2661.32,18788.72,250.94
8200000.00,673051314162.99,-232754599836.82,-10778594408.69,2614.62,18797.54,251.44
8400000.00,673569590417.75,-228994204212.38,-10728257726.74,2567.62,18806.53,251.94
8600000.00,674078435969.83,-225231995749.00,-10677819162.23,2520.32,18815.66,252.45
8800000.00,674577792181.29,-221467949156.03,-10627276426.34,2472.72,18824.91,252.98
9000000.00,675067602150.44,-217702044360.52,-10576627413.44,2424.85,18834.24,253.52
9200000.00,675547810604.65,-213934266081.94,-10525870185.84,2376.71,18843.64,254.06
9400000.00,676018363805.53,-210164603453.21,-10475002960.10,2328.30,18853.08,254.62
9600000.00,676479209464.43,-206393049682.09,-10424024094.93,2279.63,18862.55,255.18
9800000.00,676930296667.02,-202619601747.61,-10372932080.28,2230.71,18872.02,255.75
