0.00,977608512114.59,-1118777457433.30,-19512154698.61,-937.49,-3992.10,1.09
7200.00,977626191222.43,-1118816404473.68,-19506766198.06,6023.88,-6253.32,1453.60
14400.00,977696497958.74,-1118858888064.57,-19492090636.97,13526.32,-4900.52,2545.54
21600.00,977819190604.16,-1118876509549.41,-19471716505.54,20250.72,840.28,2958.53
28800.00,977978278763.34,-1118834274701.51,-19452702991.46,22746.11,11689.64,2022.58
36000.00,978120844172.72,-1118705741663.41,-19447246897.27,14734.87,23111.23,-750.59
43200.00,978172382919.01,-1118532006680.78,-19462735080.65,-185.98,22599.62,-3194.16
50400.00,978138234453.17,-1118404000471.69,-19486910108.19,-7574.59,12412.96,-3163.15
57600.00,978083393432.39,-1118350853841.68,-19505209690.83,-6685.63,2850.16,-1818.96
64800.00,978051288679.62,-1118354443755.39,-19512599356.58,-1809.44,-3268.49,-234.97
72000.00,978061302216.88,-1118389771916.46,-19508944853.37,4781.49,-6002.04,1214.30
79200.00,978121675103.40,-1118432836351.36,-19495859802.64,12040.54,-5368.55,2355.21
86400.00,978233787600.41,-1118457600652.83,-19476365018.20,18908.10,-755.29,2933.11
93600.00,978386997404.52,-1118431865923.44,-19456271713.30,22768.49,8751.48,2394.28
100800.00,978540491126.18,-1118324516302.69,-19446326328.81,17872.52,20819.92,63.83
108000.00,978619809113.45,-1118153901809.32,-19456749999.46,3540.05,24119.71,-2757.03
115200.00,978603528466.56,-1118007202711.63,-19480251423.09,-6427.78,15528.51,-3358.80
122400.00,978549381316.07,-1117932900646.25,-19501071177.17,-7448.26,5456.88,-2271.91
129600.00,978507765763.87,-1117920967017.38,-19511992203.06,-3589.48,-1580.96,-744.05
136800.00,978502632620.52,-1117947683177.93,-19511952774.92,2398.94,-5318.28,729.35
144000.00,978544430910.19,-1117990031041.65,-19502072606.92,9309.59,-5912.99,1965.12
151200.00,978636885583.35,-1118024525401.72,-19484659779.01,16307.31,-3020.21,2779.83
158400.00,978775674024.02,-1118023012268.06,-19463958107.05,21749.21,4262.27,2784.65
165600.00,978936359875.22,-1117952400657.29,-19448208449.25,21375.98,15821.16,1277.93
172800.00,979056531583.80,-1117801686488.39,-19449274250.12,10323.78,24414.75,-1653.00
180000.00,979079403134.50,-1117633710842.88,-19468847810.41,-3002.53,20231.02,-3369.78
187200.00,979035430644.55,-1117524429558.35,-19492321352.96,-7734.67,10020.02,-2889.26
194400.00,978983929739.25,-1117484550759.94,-19508388692.35,-5823.68,1566.92,-1511.93
201600.00,978958730283.04,-1117493997570.15,-19513872745.87,-844.25,-3672.51,-20.42
208800.00,978974912414.79,-1117530147828.72,-19509065432.49,5494.60,-5880.11,1320.78
216000.00,979039068213.32,-1117571374670.90,-19495560829.53,12365.13,-5030.18,2369.33
223200.00,979152041527.06,-1117593887458.82,-19476189399.94,18834.12,-529.43,2894.30
230400.00,979303923580.24,-1117568102610.98,-19456312438.98,22560.08,8478.63,2395.14
237600.00,979457821685.06,-1117464735361.31,-19445788832.89,18364.01,20104.36,237.57
244800.00,979544374499.84,-1117296972305.16,-19454627857.08,4884.29,24275.30,-2548.81
252000.00,979536560659.38,-1117144787638.06,-19477378918.87,-5599.15,16761.57,-3371.79
259200.00,979485048394.40,-1117060353907.79,-19499008527.74,-7533.14,6928.13,-2468.15
266400.00,979439984467.70,-1117038402040.92,-19511747434.97,-4436.47,-317.33,-1042.41
273600.00,979426408330.13,-1117057518776.22,-19514062885.89,915.50,-4512.24,381.23
280800.00,979455518545.24,-1117096559045.34,-19506714689.71,7288.17,-5863.23,1621.09
288000.00,979532093569.77,-1117134799805.57,-19491488881.28,13984.92,-4215.08,2540.70
295200.00,979655233699.11,-1117148442878.74,-19471509960.27,19960.10,1130.02,2877.16
302400.00,979811427292.89,-1117107880275.28,-19452747832.47,22461.95,10844.06,2084.06
309600.00,979957418767.83,-1116988492801.85,-19445547823.66,16249.29,21796.63,-328.33
316800.00,980025839781.80,-1116817237606.76,-19457863756.09,2493.74,23523.15,-2855.68
324000.00,980006658157.20,-1116675035546.13,-19481271535.99,-6331.48,15117.28,-3288.53
331200.00,979954163258.44,-1116601036172.10,-19501756158.99,-7230.24,5757.34,-2270.08
338400.00,979912715468.92,-1116585339141.63,-19513099442.34,-3813.52,-904.56,-863.46
345600.00,979903758998.58,-1116607061730.67,-19514306453.56,1544.53,-4675.74,508.28
352800.00,979937011490.00,-1116646201425.19,-19506243025.29,7795.90,-5747.80,1692.93
360000.00,980016608757.74,-1116682952364.16,-19490688610.80,14308.26,-3934.21,2560.91
367200.00,980141288053.85,-1116694316434.68,-19470728826.14,20059.47,1460.09,2853.59
374400.00,980297403069.49,-1116651678500.52,-19452232270.10,22354.86,11057.47,2040.35
381600.00,980442478707.13,-1116531660276.50,-19445258217.67,16163.08,21759.54,-337.26
388800.00,980511243101.46,-1116360864359.12,-19457452540.90,2672.61,23507.71,-2822.80
396000.00,980493620247.94,-1116217814669.83,-19480697814.54,-6132.52,15367.38,-3285.44
403200.00,980441926202.03,-1116141377850.70,-19501345776.54,-7223.46,6157.51,-2318.00
410400.00,980399680033.83,-1116122694992.56,-19513189442.19,-4044.06,-495.19,-952.39
417600.00,980388204224.31,-1116141770074.38,-19515143671.58,1075.82,-4367.95,392.02
424800.00,980417258366.39,-1116179415951.60,-19507965518.61,7102.23,-5664.97,1566.96
432000.00,980491199597.21,-1116216896965.91,-19493263564.83,13448.47,-4257.83,2457.80
439200.00,980609677196.61,-1116232834996.36,-19473767750.05,19262.04,462.73,2845.13
446400.00,980762181308.95,-1116200446128.47,-19454590779.37,22329.13,9226.28,2265.75
453600.00,980913387269.24,-1116094209938.20,-19444857901.03,18010.25,20113.60,179.73
460800.00,980999951455.83,-1115927767993.77,-19453510286.37,5301.75,24118.35,-2456.34
468000.00,980996646439.48,-1115774074684.83,-19475672653.19,-4939.86,17379.60,-3335.51
475200.00,980948274258.64,-1115682956449.41,-19497590182.75,-7387.78,8085.60,-2585.62
482400.00,980901748039.19,-1115652102743.72,-19511667317.85,-4997.42,934.76,-1290.37
489600.00,980881542881.72,-1115662898322.43,-19516116555.42,-363.96,-3506.93,43.38
496800.00,980898933716.62,-1115696617984.21,-19511382559.66,5320.86,-5458.77,1242.73
504000.00,980959214428.10,-1115735546566.18,-19498788989.23,11467.50,-4915.94,2208.01
511200.00,981063656363.11,-1115760416892.96,-19480529452.04,17442.89,-1436.90,2777.65
518400.00,981206493829.54,-1115747318630.76,-19460560306.97,21738.57,5761.17,2600.34
