0.00,2196659186218.46,1972235450956.49,-21140371364.49,-4822.80,6202.05,6605.03
1200.00,2196653398863.65,1972242893421.71,-21132445331.28,-4418.47,6126.53,6622.31
2400.00,2196648096701.89,1972250245256.05,-21124498562.43,-4017.94,6046.41,6614.86
3600.00,2196643275171.34,1972257500952.31,-21116560734.07,-3622.66,5962.10,6583.18
4800.00,2196638927978.66,1972264655471.82,-21108660923.31,-3234.02,5873.99,6527.84
6000.00,2196635047156.16,1972271704254.26,-21100827510.91,-2853.36,5782.48,6449.52
7200.00,2196631623125.16,1972278643225.74,-21093088086.21,-2481.97,5687.98,6348.94
8400.00,2196628644765.56,1972285468804.99,-21085469355.01,-2121.06,5590.92,6226.92
9600.00,2196626099491.68,1972292177907.61,-21077997051.35,-1771.80,5491.70,6084.33
10800.00,2196623973334.06,1972298767948.07,-21070695853.66,-1435.26,5390.74,5922.12
12000.00,2196622251027.08,1972305236839.49,-21063589306.23,-1112.44,5288.46,5741.30
13200.00,2196620916101.99,1972311582991.07,-21056699746.63,-804.26,5185.26,5542.92
14400.00,2196619950984.75,1972317805303.13,-21050048239.76,-511.57,5081.55,5328.10
15600.00,2196619337098.24,1972323903159.75,-21043654519.19,-235.11,4977.72,5097.99
16800.00,2196619054968.01,1972329876419.01,-21037536936.24,24.47,4874.15,4853.77
18000.00,2196619084330.94,1972335725400.89,-21031712417.38,266.60,4771.23,4596.66
19200.00,2196619404245.87,1972341450872.95,-21026196430.16,490.80,4669.30,4327.89
20400.00,2196619993205.40,1972347054033.84,-21021002958.03,696.70,4568.72,4048.73
21600.00,2196620829247.98,1972352536494.84,-21016144484.12,884.02,4469.80,3760.42
22800.00,2196621890069.35,1972357900259.57,-21011631984.03,1052.55,4372.87,3464.21
24000.00,2196623153132.44,1972363147702.07,-21007474927.49,1202.20,4278.20,3161.37
25200.00,2196624595774.97,1972368281543.54,-21003681288.71,1332.95,4186.07,2853.10
26400.00,2196626195313.72,1972373304827.81,-21000257565.11,1444.86,4096.72,2540.63
27600.00,2196627929144.94,1972378220895.93,-20997208804.00,1538.08,4010.39,2225.14
28800.00,2196629774840.06,1972383033360.08,-20994538636.66,1612.83,3927.26,1907.76
30000.00,2196631710236.10,1972387746076.95,-20992249319.36,1669.40,3847.54,1589.62
31200.00,2196633713520.38,1972392363121.03,-20990341780.50,1708.16,3771.36,1271.76
32400.00,2196635763308.83,1972396888757.83,-20988815673.43,1729.51,3698.88,955.20
33600.00,2196637838717.96,1972401327417.42,-20987669433.87,1733.93,3630.21,640.91
34800.00,2196639919429.80,1972405683668.36,-20986900341.64,1721.93,3565.44,329.80
36000.00,2196641985750.08,1972409962192.34,-20986504585.46,1694.09,3504.64,22.71
37200.00,2196644018659.28,1972414167759.58,-20986477330.55,1651.00,3447.87,-279.55
38400.00,2196645999856.76,1972418305205.25,-20986812787.86,1593.28,3395.17,-576.25
39600.00,2196647911798.07,1972422379406.97,-20987504284.67,1521.61,3346.55,-866.71
40800.00,2196649737725.50,1972426395263.44,-20988544335.51,1436.64,3302.01,-1150.31
42000.00,2196651461692.29,1972430357674.49,-20989924713.08,1339.07,3261.54,-1426.50
43200.00,2196653068580.61,1972434271522.35,-20991636518.45,1229.61,3225.11,-1694.78
44400.00,2196654544113.83,1972438141654.38,-20993670250.14,1108.96,3192.68,-1954.68
45600.00,2196655874863.31,1972441972867.19,-20996015871.47,977.82,3164.19,-2205.84
46800.00,2196657048250.21,1972445769892.18,-20998662876.02,836.91,3139.58,-2447.90
48000.00,2196658052542.63,1972449537382.49,-21001600350.66,686.92,3118.77,-2680.57
49200.00,2196658876848.66,1972453279901.34,-21004817036.00,528.55,3101.68,-2903.62
50400.00,2196659511105.60,1972457001911.71,-21008301384.00,362.47,3088.21,-3116.86
51600.00,2196659946065.87,1972460707767.33,-21012041612.56,189.35,3078.28,-3320.12
52800.00,2196660173279.99,1972464401704.89,-21016025756.99,9.83,3071.78,-3513.30
54000.00,2196660185077.10,1972468087837.47,-21020241718.26,-175.44,3068.59,-3696.32
55200.00,2196659974543.25,1972471770149.09,-21024677308.05,-365.87,3068.62,-3869.15
56400.00,2196659535497.98,1972475452490.26,-21029320290.52,-560.86,3071.74,-4031.78
57600.00,2196658862469.44,1972479138574.56,-21034158420.88,-759.83,3077.83,-4184.22
58800.00,2196657950668.35,1972482831976.09,-21039179480.83,-962.26,3086.79,-4326.53
60000.00,2196656795961.21,1972486536127.72,-21044371310.89,-1167.60,3098.49,-4458.77
61200.00,2196655394842.82,1972490254320.20,-21049721839.81,-1375.36,3112.82,-4581.06
62400.00,2196653744408.57,1972493989701.80,-21055219111.08,-1585.07,3129.65,-4693.50
63600.00,2196651842326.53,1972497745278.68,-21060851306.72,-1796.26,3148.86,-4796.22
64800.00,2196649686809.65,1972501523915.78,-21066606768.49,-2008.52,3170.35,-4889.37
66000.00,2196647276588.16,1972505328338.14,-21072474016.66,-2221.42,3194.00,-4973.12
67200.00,2196644610882.37,1972509161132.72,-21078441766.41,-2434.59,3219.68,-5047.65
68400.00,2196641689375.94,1972513024750.54,-21084498942.19,-2647.66,3247.30,-5113.12
69600.00,2196638512189.80,1972516921509.15,-21090634689.91,-2860.28,3276.74,-5169.75
70800.00,2196635079856.70,1972520853595.37,-21096838387.44,-3072.13,3307.89,-5217.72
72000.00,2196631393296.55,1972524823068.24,-21103099653.23,-3282.92,3340.66,-5257.25
73200.00,2196627453792.59,1972528831862.16,-21109408353.47,-3492.35,3374.94,-5288.55
74400.00,2196623262968.40,1972532881790.20,-21115754607.72,-3700.17,3410.63,-5311.82
75600.00,2196618822765.78,1972536974547.44,-21122128793.22,-3906.12,3447.64,-5327.30
76800.00,2196614135423.60,1972541111714.52,-21128521548.08,-4109.97,3485.87,-5335.19
78000.00,2196609203457.49,1972545294761.11,-21134923773.27,-4311.51,3525.24,-5335.72
79200.00,2196604029640.57,1972549525049.50,-21141326633.73,-4510.55,3565.66,-5329.10
80400.00,2196598616984.98,1972553803838.15,-21147721558.55,-4706.88,3607.04,-5315.57
81600.00,2196592968724.40,1972558132285.24,-21154100240.38,-4900.36,3649.31,-5295.33
82800.00,2196587088297.47,1972562511452.24,-21160454634.18,-5090.80,3692.38,-5268.60
84000.00,2196580979332.05,1972566942307.32,-21166776955.33,-5278.08,3736.18,-5235.60
85200.00,2196574645630.36,1972571425728.85,-21173059677.24,-5462.06,3780.65,-5196.54
