0.00,620520617311.62,-378478793272.40,-25464437992.13,7249.99,13599.03,4.07
432000.00,623646900115.14,-372596476802.97,-25453734718.24,7223.32,13633.47,45.64
864000.00,626761488960.72,-366700000815.44,-25425043923.48,7195.84,13664.57,87.34
1296000.00,629864028219.67,-360790824644.03,-25378315821.58,7167.53,13692.25,129.14
1728000.00,632954149728.28,-354870435596.40,-25313513849.79,7138.35,13716.46,171.01
2160000.00,636031471292.48,-348940349592.47,-25230615714.41,7108.26,13737.12,212.92
2592000.00,639095595146.54,-343002111794.19,-25129614427.60,7077.23,13754.17,254.82
3024000.00,642146106270.13,-337057297096.27,-25010519466.09,7045.23,13767.54,296.68
3456000.00,645182570616.04,-331107510662.59,-24873357928.28,7012.19,13777.16,338.45
3888000.00,648204533198.22,-325154388304.19,-24718175810.05,6978.08,13782.96,380.10
4320000.00,651211516064.61,-319199596901.42,-24545039306.94,6942.83,13784.87,421.56
4752000.00,654203016101.66,-313244834692.30,-24354036259.69,6906.38,13782.80,462.80
5184000.00,657178502680.24,-307291831638.74,-24145277582.94,6868.68,13776.70,503.76
5616000.00,660137415127.06,-301342349544.74,-23918898928.00,6829.63,13766.48,544.37
6048000.00,663079159966.71,-295398182408.15,-23675062307.11,6789.18,13752.06,584.57
6480000.00,666003107929.37,-289461156452.85,-23413957988.10,6747.22,13733.39,624.30
6912000.00,668908590742.79,-283533130235.23,-23135806428.28,6703.67,13710.37,663.48
7344000.00,671794897547.66,-277615994768.88,-22840860366.70,6658.42,13682.94,702.03
7776000.00,674661271058.91,-271711673289.18,-22529407216.39,6611.36,13651.02,739.88
8208000.00,677506903239.70,-265822121298.84,-22201771483.68,6562.37,13614.54,776.93
8640000.00,680330930742.91,-259949325972.96,-21858317647.07,6511.31,13573.42,813.09
9072000.00,683132429697.68,-254095306060.58,-21499452980.85,6458.04,13527.59,848.26
9504000.00,685910409968.91,-248262110766.48,-21125631115.10,6402.39,13476.98,882.32
9936000.00,688663809042.06,-242451819012.64,-20737355486.47,6344.19,13421.52,915.15
10368000.00,691391485028.94,-236666537904.03,-20335183481.45,6283.26,13361.16,946.63
10800000.00,694092209101.83,-230908400947.54,-19919730829.99,6219.37,13295.83,976.60
11232000.00,696764657062.79,-225179565443.39,-19491676577.75,6152.30,13225.48,1004.93
11664000.00,699407400141.27,-219482209351.60,-19051768428.35,6081.79,13150.07,1031.45
12096000.00,702018894945.10,-213818526791.24,-18600828804.18,6007.57,13069.56,1055.97
12528000.00,704597472517.36,-208190723128.75,-18139761203.93,5929.33,12983.94,1078.30
12960000.00,707141325926.92,-202601007622.52,-17669557559.71,5846.74,12893.21,1098.22
13392000.00,709648497868.60,-197051584757.79,-17191305966.82,5759.43,12797.39,1115.51
13824000.00,712116866332.94,-191544643869.99,-16706198984.73,5667.01,12696.53,1129.90
14256000.00,714544130019.12,-186082344961.17,-16215542793.41,5569.04,12590.72,1141.14
14688000.00,716927793094.97,-180666802862.57,-15720766597.47,5465.05,12480.08,1148.92
15120000.00,719265148576.71,-175300066644.20,-15223432639.48,5354.54,12364.79,1152.91
15552000.00,721553263046.66,-169984094242.35,-14725246415.12,5236.97,12245.09,1152.79
15984000.00,723788960793.36,-164720724068.38,-14228066720.61,5111.75,12121.30,1148.17
16416000.00,725968808992.62,-159511638887.81,-13733915364.36,4978.27,11993.83,1138.69
16848000.00,728089105657.46,-154358324033.03,-13244985871.18,4835.91,11863.19,1123.91
17280000.00,730145870090.58,-149262019248.06,-12763650637.94,4684.00,11730.01,1103.44
17712000.00,732134838344.09,-144223661781.96,-12292465350.61,4521.89,11595.05,1076.83
18144000.00,734051465433.09,-139243822920.18,-11834169905.78,4348.95,11459.25,1043.67
18576000.00,735890936420.54,-134322636884.78,-11391684307.54,4164.55,11323.71,1003.55
19008000.00,737648188009.24,-129459724288.63,-10968098497.73,3968.18,11189.70,956.09
19440000.00,739317944153.67,-124654109886.99,-10566653770.14,3759.38,11058.71,900.97
19872000.00,740894768927.09,-119904138792.34,-10190714133.55,3537.86,10932.40,837.95
20304000.00,742373137421.31,-115207397413.68,-9843727463.58,3303.52,10812.62,766.89
20736000.00,743747524774.10,-110560639692.14,-9529173952.17,3056.47,10701.37,687.78
21168000.00,745012520368.10,-105959728230.44,-9250499654.46,2797.13,10600.76,600.80
21600000.00,746162957197.09,-101399601023.73,-9011041294.03,2526.22,10512.96,506.28
22032000.00,747194056519.83,-96874264402.51,-8813938967.53,2244.82,10440.09,404.79
22464000.00,748101585565.27,-92376824439.63,-8662039243.48,1954.37,10384.18,297.14
22896000.00,748882012548.55,-87899565049.42,-8557800328.31,1656.68,10347.00,184.31
23328000.00,749532650401.58,-83434065553.76,-8503200477.15,1353.86,10330.02,67.53
23760000.00,750051784409.17,-78971364593.34,-8499652551.02,1048.27,10334.25,-51.81
24192000.00,750438762216.68,-74502164319.27,-8547942698.38,742.45,10360.22,-172.21
24624000.00,750694041782.44,-70017055222.63,-8648192450.54,439.00,10407.92,-292.10
25056000.00,750819195357.92,-65506755106.10,-8799844401.63,140.45,10476.77,-409.92
25488000.00,750816860873.81,-60962345561.22,-9001681693.54,-150.83,10565.68,-524.19
25920000.00,750690648946.36,-56375482996.71,-9251875561.47,-432.70,10673.09,-633.56
26352000.00,750445016161.05,-51738578190.11,-9548052268.52,-703.40,10797.07,-736.87
26784000.00,750085108898.10,-47044934595.11,-9887380218.21,-961.51,10935.43,-833.18
27216000.00,749616593582.61,-42288834697.18,-10266669236.63,-1206.03,11085.86,-921.75
27648000.00,749045488705.93,-37465580845.03,-10682469250.12,-1436.34,11245.97,-1002.12
28080000.00,748378002162.28,-32571494590.50,-11131167339.18,-1652.18,11413.43,-1074.00
28512000.00,747620386101.58,-27603876902.23,-11609077692.98,-1853.59,11586.06,-1137.33
28944000.00,746778814998.56,-22560943812.32,-12112517635.16,-2040.88,11761.81,-1192.19
29376000.00,745859284835.17,-17441744170.21,-12637871322.48,-2214.57,11938.86,-1238.80
29808000.00,744867535974.13,-12246064247.08,-13181640984.95,-2375.30,12115.63,-1277.49
30240000.00,743808999954.66,-6974329952.99,-13740483997.25,-2523.86,12290.75,-1308.63
30672000.00,742688764388.55,-1627512235.98,-14311238148.74,-2661.05,12463.06,-1332.68
31104000.00,741511553131.71,3792965038.19,-14890937997.38,-2787.74,12631.61,-1350.11
