0.00,146972819490.90,-25417250440.39,21503041.93,5574.91,28842.35,0.02
100000.00,147506820653.01,-22510870440.14,21639884.36,5072.76,29300.59,2.77
200000.00,147984595095.23,-19558054826.94,22042616.20,4445.13,29765.50,5.29
300000.00,148393077443.29,-16559961586.15,22673711.27,3682.71,30198.01,7.27
400000.00,148718770780.18,-13522124556.61,23462076.64,2787.86,30549.59,8.35
500000.00,148949329434.66,-10455253913.65,24301625.36,1783.08,30766.34,8.21
600000.00,149075909380.65,-7375335728.44,25057409.51,717.36,30798.71,6.62
700000.00,149096019703.34,-4302531213.42,25582860.63,-330.05,30616.47,3.60
800000.00,149016456874.93,-1258031874.11,25753575.77,-1255.17,30236.21,-0.38
900000.00,148854072732.15,1742101720.87,25516696.48,-1972.32,29746.55,-4.37
1000000.00,148630761667.42,4693054809.72,24919720.93,-2474.85,29272.39,-7.44
1100000.00,148365160450.38,7601073126.61,24080667.41,-2828.02,28898.94,-9.16
1200000.00,148068321824.51,10477789727.61,23131016.68,-3109.22,28649.38,-9.66
1300000.00,147744528373.64,13335174637.39,22181025.08,-3373.77,28511.79,-9.20
1400000.00,147393704557.64,16183392058.07,21312165.19,-3654.18,28464.62,-8.06
1500000.00,147013292201.98,19030452077.83,20581055.39,-3968.63,28487.23,-6.46
1600000.00,146599328248.93,21882463501.10,20025105.15,-4327.71,28562.38,-4.57
1700000.00,146146988033.13,24743970807.91,19666933.52,-4738.47,28675.96,-2.52
1800000.00,145650816660.95,27618219306.29,19517166.69,-5206.73,28815.97,-0.42
1900000.00,145104773012.31,30507299313.92,19575688.51,-5738.58,28971.05,1.62
2000000.00,144502163545.17,33412130494.91,19831345.54,-6341.07,29128.76,3.50
2100000.00,143835547499.42,36332234393.40,20260042.35,-7021.95,29273.06,5.05
2200000.00,143096747691.87,39265244717.94,20821370.46,-7787.62,29381.62,6.10
2300000.00,142277190984.87,42206171308.95,21454713.84,-8638.40,29423.99,6.43
2400000.00,141368856806.97,45146627889.02,22077349.36,-9561.29,29363.29,5.83
2500000.00,140365957110.52,48074521635.81,22588554.43,-10523.40,29164.14,4.17
2600000.00,139267023025.20,50974804662.67,22882899.98,-11471.28,28805.52,1.50
2700000.00,138076662645.17,53831582700.43,22872320.12,-12338.53,28294.38,-1.87
2800000.00,136806073954.52,56631473756.81,22512721.71,-13064.04,27675.90,-5.37
2900000.00,135471145494.14,59367326009.63,21823604.88,-13620.78,27026.73,-8.35
3000000.00,134088047268.83,62039895947.23,20882483.87,-14030.97,26421.51,-10.35
3100000.00,132669017784.86,64655909102.55,19793716.42,-14346.29,25901.26,-11.29
3200000.00,131220982985.39,67224400199.54,18656402.27,-14617.21,25472.36,-11.33
3300000.00,129746535574.02,69754004844.35,17548808.36,-14878.79,25122.83,-10.71
3400000.00,128245512704.13,72251846737.08,16526765.34,-15151.44,24835.87,-9.64
3500000.00,126716222103.49,74723401059.97,15627673.15,-15445.94,24595.89,-8.27
3600000.00,125156185125.22,77172720674.20,14875151.44,-15767.66,24390.16,-6.72
3700000.00,123562533759.22,79602723930.06,14282723.02,-16119.28,24208.71,-5.08
3800000.00,121932200278.41,82015441772.20,13856359.33,-16502.29,24043.70,-3.41
3900000.00,120261986682.29,84412201777.46,13596082.76,-16917.92,23888.84,-1.77
4000000.00,118548560637.12,86793748520.56,13496813.43,-17367.70,23738.69,-0.20
4100000.00,116788401965.86,89160299049.87,13548553.67,-17853.94,23588.01,1.24
4200000.00,114977714909.47,91511523335.13,13735907.83,-18379.90,23430.92,2.50
4300000.00,113112324833.30,93846426875.45,14036866.51,-18949.88,23259.74,3.49
4400000.00,111187597744.20,96163099760.12,14420785.33,-19568.62,23063.47,4.13
4500000.00,109198465923.09,98458294689.03,14845677.68,-20239.59,22825.94,4.28
4600000.00,107139717438.17,100726838033.13,15255556.91,-20961.26,22524.55,3.79
4700000.00,105006773432.42,102961021523.34,15579836.16,-21721.10,22131.71,2.53
4800000.00,102797092142.76,105150388950.06,15738234.79,-22489.80,21621.82,0.46
4900000.00,100511917619.99,107282515966.26,15654020.13,-23221.40,20983.73,-2.30
