0.00,984721543361.44,-1139403025622.38,-18682003993.88,5582.84,6012.80,-0.00
424800.00,987087416974.21,-1136837918569.46,-18682204197.75,5555.95,6064.20,-0.94
849600.00,989442014136.80,-1134250910384.84,-18682805964.61,5529.75,6115.91,-1.89
1274400.00,991785629062.26,-1131641875291.45,-18683810888.36,5504.25,6167.91,-2.84
1699200.00,994118559829.88,-1129010691009.66,-18685220377.89,5479.45,6220.19,-3.80
2124000.00,996441108514.37,-1126357238757.17,-18687035656.63,5455.37,6272.75,-4.75
2548800.00,998753581394.37,-1123681403314.84,-18689257754.73,5432.02,6325.57,-5.71
2973600.00,1001056289127.03,-1120983073123.85,-18691887505.12,5409.40,6378.65,-6.67
3398400.00,1003349546874.55,-1118262140331.04,-18694925545.52,5387.53,6431.99,-7.63
3823200.00,1005633674564.55,-1115518500862.09,-18698372306.39,5366.42,6485.56,-8.60
4248000.00,1007908997070.93,-1112752054535.37,-18702228006.92,5346.08,6539.36,-9.56
4672800.00,1010175844407.29,-1109962705252.15,-18706492651.83,5326.52,6593.39,-10.52
5097600.00,1012434551912.23,-1107150360999.27,-18711166027.63,5307.76,6647.62,-11.48
5522400.00,1014685460547.34,-1104314934081.85,-18716247686.29,5289.81,6702.06,-12.44
5947200.00,1016928917087.84,-1101456341251.41,-18721736941.17,5272.68,6756.69,-13.40
6372000.00,1019165274352.37,-1098574503986.67,-18727632858.90,5256.39,6811.50,-14.36
6796800.00,1021394891396.20,-1095669348557.86,-18733934258.05,5240.95,6866.47,-15.31
7221600.00,1023618133886.00,-1092740806291.04,-18740639683.56,5226.39,6921.60,-16.26
7646400.00,1025835374276.13,-1089788813867.01,-18747747405.06,5212.70,6976.88,-17.21
8071200.00,1028046992128.07,-1086813313579.28,-18755255398.19,5199.92,7032.28,-18.15
8496000.00,1030253374278.98,-1083814253681.91,-18763161343.48,5188.06,7087.80,-19.08
8920800.00,1032454915179.34,-1080791588542.42,-18771462610.18,5177.13,7143.41,-20.01
9345600.00,1034652017259.71,-1077745279157.68,-18780156224.38,5167.17,7199.11,-20.93
9770400.00,1036845091095.68,-1074675293523.34,-18789238868.68,5158.17,7254.88,-21.84
10195200.00,1039034555785.02,-1071581607043.70,-18798706854.11,5150.18,7310.70,-22.74
10620000.00,1041220839114.92,-1068464203059.23,-18808556113.76,5143.20,7366.54,-23.63
11044800.00,1043404377909.93,-1065323073155.31,-18818782186.52,5137.27,7422.40,-24.51
11469600.00,1045585618453.39,-1062158217806.39,-18829380173.61,5132.39,7478.24,-25.38
11894400.00,1047765016619.97,-1058969647126.99,-18840344722.85,5128.60,7534.05,-26.24
12319200.00,1049943038207.06,-1055757381288.74,-18851670012.71,5125.92,7589.79,-27.08
12744000.00,1052120159179.69,-1052521451398.23,-18863349713.84,5124.37,7645.45,-27.91
13168800.00,1054296865839.89,-1049261900101.14,-18875376981.96,5123.97,7701.00,-28.72
13593600.00,1056473655226.85,-1045978782258.39,-18887744420.97,5124.77,7756.40,-29.51
14018400.00,1058651035408.62,-1042672166013.57,-18900444025.56,5126.76,7811.63,-30.28
14443200.00,1060829525451.36,-1039342133824.09,-18913467162.32,5130.00,7866.64,-31.03
14868000.00,1063009655713.69,-1035988783176.76,-18926804548.83,5134.50,7921.40,-31.76
15292800.00,1065191967942.61,-1032612227879.41,-18940446193.92,5140.28,7975.88,-32.46
15717600.00,1067377015245.39,-1029212599054.71,-18954381383.22,5147.38,8030.03,-33.14
16142400.00,1069565362313.59,-1025790046197.37,-18968598636.48,5155.83,8083.80,-33.79
16567200.00,1071757585520.37,-1022344738627.85,-18983085635.54,5165.64,8137.15,-34.41
16992000.00,1073954272605.65,-1018876867119.59,-18997829165.96,5176.85,8190.02,-35.00
17416800.00,1076156022410.16,-1015386645064.63,-19012815113.66,5189.48,8242.37,-35.55
17841600.00,1078363444908.27,-1011874309987.46,-19028028397.26,5203.57,8294.12,-36.07
18266400.00,1080577160570.72,-1008340125340.36,-19043452910.95,5219.12,8345.22,-36.55
18691200.00,1082797799971.10,-1004784381933.36,-19059071500.18,5236.17,8395.61,-36.98
19116000.00,1085026003419.65,-1001207399700.82,-19074865895.38,5254.74,8445.20,-37.37
19540800.00,1087262420214.62,-997609529829.89,-19090816619.47,5274.85,8493.93,-37.72
19965600.00,1089507707367.33,-993991156872.50,-19106902919.96,5296.51,8541.72,-38.01
20390400.00,1091762528459.60,-990352700357.79,-19123102768.04,5319.75,8588.47,-38.25
20815200.00,1094027552793.99,-986694616804.30,-19139392798.57,5344.56,8634.10,-38.43
21240000.00,1096303453502.24,-983017402077.20,-19155748227.66,5370.96,8678.52,-38.56
21664800.00,1098590905826.27,-979321593176.01,-19172142839.33,5398.95,8721.63,-38.62
22089600.00,1100890585433.97,-975607770332.14,-19188548932.28,5428.53,8763.31,-38.61
22514400.00,1103203166133.03,-971876559412.59,-19204937232.73,5459.69,8803.47,-38.53
22939200.00,1105529316847.23,-968128634225.41,-19221276814.69,5492.42,8841.98,-38.38
23364000.00,1107869698356.38,-964364718216.41,-19237535095.94,5526.69,8878.73,-38.15
23788800.00,1110224960562.57,-960585585959.98,-19253677873.90,5562.48,8913.59,-37.84
24213600.00,1112595739063.75,-956792065278.13,-19269669268.63,5599.74,8946.44,-37.44
24638400.00,1114982650607.25,-952985038693.86,-19285471707.65,5638.43,8977.15,-36.95
25063200.00,1117386289156.04,-949165444374.67,-19301045976.16,5678.49,9005.58,-36.36
25488000.00,1119807221479.90,-945334277342.85,-19316351220.92,5719.85,9031.60,-35.68
25912800.00,1122245981782.48,-941492590444.78,-19331344932.98,5762.42,9055.08,-34.89
26337600.00,1124703065631.16,-937641494470.64,-19345982962.10,5806.10,9075.87,-34.00
26762400.00,1127178924126.76,-933782157247.51,-19360219634.80,5850.79,9093.85,-33.00
27187200.00,1129673958684.40,-929915802509.61,-19374007926.75,5896.37,9108.88,-31.89
27612000.00,1132188515111.00,-926043708885.43,-19387299575.93,5942.68,9120.84,-30.66
28036800.00,1134722876409.06,-922167207585.82,-19400045190.29,5989.58,9129.60,-29.32
28461600.00,1137277256733.20,-918287678874.07,-19412194478.34,6036.90,9135.06,-27.86
28886400.00,1139851795517.52,-914406548640.15,-19423696466.72,6084.46,9137.11,-26.27
29311200.00,1142446550646.25,-910525284146.04,-19434499676.17,6132.05,9135.67,-24.57
29736000.00,1145061491493.20,-906645388138.56,-19444552320.62,6179.46,9130.65,-22.74
30160800.00,1147696493217.13,-902768391591.89,-19453802609.84,6226.46,9121.99,-20.79
30585600.00,1150351332486.48,-898895846218.34,-19462199133.16,6272.81,9109.67,-18.72
31010400.00,1153025683549.29,-895029316902.53,-19469691235.48,6318.28,9093.66,-16.53
