0.00,4424820098027.38,-662881283679.49,-88341384574.60,1441.95,16979.69,102.48
432000.00,4425114507705.43,-660383576833.03,-88320575505.55,-4844.13,4859.15,2327.80
864000.00,4425557789425.36,-658345386762.54,-88377742587.46,5549.58,8726.02,-1891.79
1296000.00,4425810210306.88,-656061377255.31,-88347434838.23,6613.22,5891.48,-2433.62
1728000.00,4426067243062.58,-653278300440.13,-88303222987.98,-3488.94,3790.04,1725.65
2160000.00,4426509957644.04,-651412689376.53,-88366903259.05,5952.84,6627.75,-2140.89
2592000.00,4427050937097.41,-648760082374.48,-88447163855.62,187.38,9255.60,359.10
3024000.00,4427285445518.22,-646233669697.92,-88403427145.65,-2027.48,7460.45,1232.05
3456000.00,4427530555175.62,-643838962807.53,-88368860410.05,-2581.71,6243.05,1423.78
3888000.00,4427859976098.09,-641484606777.12,-88371343961.70,-2494.00,6209.37,1385.45
4320000.00,4428268628371.99,-639164992736.47,-88408794003.28,-1942.75,7085.20,1182.08
4752000.00,4428708961076.14,-636933639434.16,-88463026880.50,-688.12,8246.62,690.68
5184000.00,4429067811735.41,-634838180143.23,-88487679520.83,1608.51,8893.71,-255.22
5616000.00,4429126294613.69,-632779132079.26,-88387855957.07,5241.71,6489.65,-1860.60
6048000.00,4429053667802.47,-630040203814.09,-88211435974.02,-199.84,246.34,225.60
6480000.00,4429776219818.70,-627369006874.82,-88372258529.57,-2243.48,5829.72,1264.28
6912000.00,4430388497343.00,-625362930806.65,-88508645776.50,647.00,8540.06,132.35
7344000.00,4430233820115.18,-623446774522.43,-88325129352.60,5557.52,4190.02,-2075.70
7776000.00,4430555731071.68,-620338640188.21,-88305189832.14,-2396.61,4272.34,1276.75
8208000.00,4431351138591.58,-618289726176.81,-88518578165.37,356.83,8310.43,243.14
8640000.00,4431036194380.99,-616381279443.19,-88269377410.13,4924.36,2172.83,-1875.43
9072000.00,4431694971845.59,-613272105709.67,-88392713517.23,-1943.73,5977.68,1136.53
9504000.00,4432224063549.71,-611583394462.90,-88507140203.04,2640.77,8273.37,-725.94
9936000.00,4431928666298.03,-608706379339.79,-88236789089.32,-1946.93,2616.76,1032.66
10368000.00,4432929394065.87,-606566194584.18,-88536948772.47,360.39,8134.18,229.39
10800000.00,4432397961817.53,-604424461249.42,-88190531809.37,1426.98,176.50,-469.51
11232000.00,4433478906564.51,-601686447136.10,-88507262340.94,-682.71,7464.83,647.06
11664000.00,4433148502732.20,-600021311954.22,-88261258241.92,4765.76,2249.61,-1818.52
12096000.00,4434023287857.48,-596913688050.00,-88480708885.01,-1104.12,6989.24,808.04
12528000.00,4433856473481.91,-595406928563.48,-88309451542.81,5213.30,3870.56,-1959.78
12960000.00,4434615694852.65,-592204671594.67,-88478361860.73,-1146.95,6872.80,819.72
13392000.00,4434410029263.41,-590716070458.48,-88292039101.15,5102.13,3394.94,-1928.61
13824000.00,4435262489292.14,-587548003766.52,-88502495444.63,-892.20,7093.21,715.95
14256000.00,4434829907614.31,-585901862533.43,-88216487220.90,3741.51,1147.05,-1423.01
14688000.00,4435937927304.57,-582963625938.11,-88542814716.32,-324.08,7514.80,486.09
15120000.00,4435325574654.26,-580846777314.39,-88167744649.04,-83.49,755.52,178.67
15552000.00,4436581339426.85,-578483101808.21,-88574729013.77,649.06,7935.94,85.56
15984000.00,4436112630588.83,-575788233314.79,-88243894230.32,-1915.39,3377.83,1029.24
16416000.00,4437077825584.61,-574114639215.76,-88550130298.20,2275.09,7964.68,-602.64
16848000.00,4437049134444.41,-570973791772.28,-88392479840.24,-1693.07,5637.59,1001.88
17280000.00,4437206215718.26,-569701539000.23,-88370723500.90,4844.53,5530.46,-1764.95
17712000.00,4437944917358.73,-566451374036.82,-88535092689.85,-613.77,7144.94,589.98
18144000.00,4437314324510.40,-564385258794.91,-88156963382.29,-427.02,1076.36,325.94
18576000.00,4438604554127.15,-562199276112.91,-88588402108.40,1223.75,7935.85,-166.61
19008000.00,4438367843992.65,-559225512323.82,-88350108836.75,-1790.26,5114.04,1024.01
19440000.00,4438678316623.74,-557993203528.40,-88396518583.99,4557.22,6026.68,-1639.38
19872000.00,4439389385140.80,-554735325420.17,-88552652799.87,-470.74,7181.37,524.79
20304000.00,4438769632384.46,-552470656888.29,-88174344906.61,-1347.03,2182.83,747.32
20736000.00,4439944996107.93,-550660019884.40,-88571642751.34,2052.13,7852.12,-528.87
21168000.00,4439992595779.36,-547499071797.19,-88451033066.51,-1318.71,6152.92,851.27
21600000.00,4439543290747.38,-546023528375.75,-88169326907.86,2905.73,858.46,-1099.20
22032000.00,4440866653205.12,-543329201966.98,-88605334094.23,769.97,7748.31,8.50
22464000.00,4440581666874.41,-540422575653.20,-88352303974.27,-1705.12,5160.53,983.71
22896000.00,4440696204492.38,-539257644656.29,-88320534512.05,4849.51,4659.55,-1818.65
23328000.00,4441673135581.20,-536110250191.94,-88597911978.66,138.08,7474.63,265.69
23760000.00,4441229490020.21,-533413633431.65,-88284839963.15,-1806.70,4410.53,1002.37
24192000.00,4441711950412.53,-532223383949.31,-88410311496.50,4255.36,6258.91,-1524.14
24624000.00,4442458570254.71,-528986067830.10,-88588829107.33,-122.40,7294.98,367.99
25056000.00,4441959922538.32,-526392299528.76,-88256602374.90,-1796.46,4098.41,986.29
25488000.00,4442553464156.89,-525179517023.50,-88430283177.23,4022.97,6525.39,-1422.19
25920000.00,4443257276905.51,-521938201671.33,-88592159338.46,-117.20,7267.24,361.68
26352000.00,4442775153142.67,-519321948450.09,-88267572585.03,-1776.29,4292.84,980.73
26784000.00,4443241957210.25,-518169691406.28,-88390582291.29,4321.22,6010.80,-1569.02
27216000.00,4444068666291.70,-514964358019.36,-88607608657.48,121.89,7374.74,259.52
27648000.00,4443672168692.74,-512222387549.75,-88317155094.13,-1690.44,4880.17,958.57
28080000.00,4443746597984.14,-511116081438.32,-88275644892.29,4736.73,4037.40,-1808.40
28512000.00,4444863287217.39,-508076354693.53,-88622956991.98,615.11,7551.73,50.77
28944000.00,4444635589161.01,-505151927998.02,-88400571639.32,-1432.92,5648.95,868.24
29376000.00,4444161006781.58,-503732048202.88,-88116973673.49,2089.13,732.70,-778.76
29808000.00,4445577045095.02,-501287236566.54,-88611175817.50,1455.82,7665.38,-308.65
30240000.00,4445624995219.81,-498176073913.10,-88502508352.44,-951.93,6420.68,682.22
30672000.00,4444984084242.56,-496092662567.12,-88129893064.24,-1315.59,2418.83,720.78
31104000.00,4446085336407.42,-494573875091.07,-88518256529.27,2905.73,7290.62,-942.90
