0.00,969960707581.64,-1133239338160.68,-30657012975.68,5399.60,6285.57,-111.15
1200.00,969967187104.47,-1133231795472.24,-30657146355.42,5399.60,6285.71,-111.08
2400.00,969973666626.32,-1133224252617.54,-30657279654.85,5399.60,6285.85,-111.02
3600.00,969980146147.18,-1133216709596.59,-30657412873.99,5399.60,6285.99,-110.95
4800.00,969986625667.07,-1133209166409.40,-30657546012.86,5399.60,6286.13,-110.88
6000.00,969993105185.98,-1133201623055.98,-30657679071.44,5399.60,6286.27,-110.82
7200.00,969999584703.93,-1133194079536.34,-30657812049.77,5399.60,6286.40,-110.75
8400.00,970006064220.91,-1133186535850.47,-30657944947.83,5399.60,6286.54,-110.68
9600.00,970012543736.95,-1133178991998.40,-30658077765.65,5399.60,6286.68,-110.61
10800.00,970019023252.04,-1133171447980.13,-30658210503.23,5399.60,6286.82,-110.55
12000.00,970025502766.20,-1133163903795.66,-30658343160.57,5399.59,6286.96,-110.48
13200.00,970031982279.42,-1133156359445.00,-30658475737.68,5399.59,6287.10,-110.41
14400.00,970038461791.71,-1133148814928.16,-30658608234.59,5399.59,6287.24,-110.35
15600.00,970044941303.09,-1133141270245.14,-30658740651.28,5399.59,6287.37,-110.28
16800.00,970051420813.55,-1133133725395.96,-30658872987.77,5399.59,6287.51,-110.21
18000.00,970057900323.11,-1133126180380.63,-30659005244.07,5399.59,6287.65,-110.15
19200.00,970064379831.77,-1133118635199.14,-30659137420.18,5399.59,6287.79,-110.08
20400.00,970070859339.54,-1133111089851.50,-30659269516.12,5399.59,6287.93,-110.01
21600.00,970077338846.42,-1133103544337.73,-30659401531.89,5399.59,6288.07,-109.95
22800.00,970083818352.42,-1133095998657.83,-30659533467.50,5399.59,6288.21,-109.88
24000.00,970090297857.55,-1133088452811.81,-30659665322.95,5399.59,6288.34,-109.81
25200.00,970096777361.81,-1133080906799.68,-30659797098.26,5399.59,6288.48,-109.75
26400.00,970103256865.21,-1133073360621.43,-30659928793.44,5399.59,6288.62,-109.68
27600.00,970109736367.76,-1133065814277.09,-30660060408.49,5399.58,6288.76,-109.61
28800.00,970116215869.47,-1133058267766.66,-30660191943.42,5399.58,6288.90,-109.55
30000.00,970122695370.33,-1133050721090.13,-30660323398.24,5399.58,6289.04,-109.48
31200.00,970129174870.36,-1133043174247.54,-30660454772.95,5399.58,6289.17,-109.41
32400.00,970135654369.56,-1133035627238.87,-30660586067.57,5399.58,6289.31,-109.35
33600.00,970142133867.94,-1133028080064.13,-30660717282.10,5399.58,6289.45,-109.28
34800.00,970148613365.51,-1133020532723.35,-30660848416.55,5399.58,6289.59,-109.21
36000.00,970155092862.28,-1133012985216.51,-30660979470.93,5399.58,6289.73,-109.15
37200.00,970161572358.24,-1133005437543.63,-30661110445.25,5399.58,6289.87,-109.08
38400.00,970168051853.40,-1132997889704.72,-30661241339.51,5399.58,6290.00,-109.01
39600.00,970174531347.78,-1132990341699.78,-30661372153.73,5399.58,6290.14,-108.95
40800.00,970181010841.38,-1132982793528.83,-30661502887.91,5399.58,6290.28,-108.88
42000.00,970187490334.21,-1132975245191.86,-30661633542.05,5399.58,6290.42,-108.81
43200.00,970193969826.26,-1132967696688.89,-30661764116.18,5399.58,6290.56,-108.75
44400.00,970200449317.56,-1132960148019.92,-30661894610.28,5399.58,6290.70,-108.68
45600.00,970206928808.10,-1132952599184.96,-30662025024.39,5399.57,6290.83,-108.61
46800.00,970213408297.89,-1132945050184.02,-30662155358.49,5399.57,6290.97,-108.55
48000.00,970219887786.94,-1132937501017.10,-30662285612.60,5399.57,6291.11,-108.48
49200.00,970226367275.25,-1132929951684.22,-30662415786.74,5399.57,6291.25,-108.41
50400.00,970232846762.84,-1132922402185.37,-30662545880.89,5399.57,6291.39,-108.35
51600.00,970239326249.71,-1132914852520.57,-30662675895.08,5399.57,6291.53,-108.28
52800.00,970245805735.86,-1132907302689.83,-30662805829.32,5399.57,6291.66,-108.21
54000.00,970252285221.30,-1132899752693.15,-30662935683.60,5399.57,6291.80,-108.15
55200.00,970258764706.03,-1132892202530.54,-30663065457.94,5399.57,6291.94,-108.08
56400.00,970265244190.07,-1132884652202.00,-30663195152.35,5399.57,6292.08,-108.01
57600.00,970271723673.43,-1132877101707.55,-30663324766.83,5399.57,6292.22,-107.95
58800.00,970278203156.10,-1132869551047.19,-30663454301.39,5399.57,6292.36,-107.88
60000.00,970284682638.09,-1132862000220.93,-30663583756.05,5399.57,6292.49,-107.81
61200.00,970291162119.41,-1132854449228.78,-30663713130.80,5399.57,6292.63,-107.75
62400.00,970297641600.07,-1132846898070.73,-30663842425.66,5399.57,6292.77,-107.68
63600.00,970304121080.08,-1132839346746.81,-30663971640.64,5399.57,6292.91,-107.61
64800.00,970310600559.43,-1132831795257.02,-30664100775.73,5399.57,6293.05,-107.55
66000.00,970317080038.14,-1132824243601.36,-30664229830.96,5399.57,6293.18,-107.48
67200.00,970323559516.21,-1132816691779.84,-30664358806.33,5399.56,6293.32,-107.41
68400.00,970330038993.65,-1132809139792.48,-30664487701.84,5399.56,6293.46,-107.35
69600.00,970336518470.47,-1132801587639.27,-30664616517.51,5399.56,6293.60,-107.28
70800.00,970342997946.67,-1132794035320.23,-30664745253.34,5399.56,6293.74,-107.21
72000.00,970349477422.26,-1132786482835.35,-30664873909.35,5399.56,6293.88,-107.15
73200.00,970355956897.24,-1132778930184.66,-30665002485.53,5399.56,6294.01,-107.08
74400.00,970362436371.63,-1132771377368.15,-30665130981.90,5399.56,6294.15,-107.01
75600.00,970368915845.42,-1132763824385.84,-30665259398.46,5399.56,6294.29,-106.95
76800.00,970375395318.63,-1132756271237.73,-30665387735.23,5399.56,6294.43,-106.88
78000.00,970381874791.26,-1132748717923.83,-30665515992.21,5399.56,6294.57,-106.81
79200.00,970388354263.32,-1132741164444.14,-30665644169.41,5399.56,6294.70,-106.75
80400.00,970394833734.82,-1132733610798.68,-30665772266.84,5399.56,6294.84,-106.68
81600.00,970401313205.75,-1132726056987.45,-30665900284.50,5399.56,6294.98,-106.61
82800.00,970407792676.13,-1132718503010.46,-30666028222.41,5399.56,6295.12,-106.55
84000.00,970414272145.97,-1132710948867.71,-30666156080.57,5399.56,6295.26,-106.48
85200.00,970420751615.26,-1132703394559.21,-30666283858.99,5399.56,6295.40,-106.42
