0.00,4424776554963.05,-662877693725.36,-88323073387.86,769.28,5407.55,-129.10
432000.00,4425107866414.59,-660541789976.78,-88378726359.20,765.64,5408.19,-128.17
864000.00,4425438155734.38,-658205614483.87,-88434437032.33,762.34,5407.38,-128.88
1296000.00,4425766986694.81,-655869187037.16,-88489869324.25,760.56,5408.96,-128.62
1728000.00,4426094789767.84,-653532750769.35,-88545593959.65,756.61,5408.34,-128.61
2160000.00,4426421148566.03,-651195962875.79,-88600959638.61,754.71,5409.84,-128.31
2592000.00,4426746590116.08,-648859065946.90,-88656614382.80,751.39,5409.11,-128.91
3024000.00,4427070427914.52,-646522097976.88,-88712036854.33,748.38,5410.43,-127.88
3456000.00,4427393361679.47,-644184657445.00,-88767425294.88,746.41,5410.64,-128.71
3888000.00,4427714994596.47,-641847381286.04,-88823041079.81,742.53,5410.43,-128.38
4320000.00,4428035167352.06,-639509783172.85,-88878309592.31,740.07,5411.78,-127.77
4752000.00,4428354458230.09,-637171819371.57,-88933658243.40,737.87,5411.84,-128.55
5184000.00,4428672434122.19,-634834003487.68,-88989206174.57,734.12,5411.63,-128.31
5616000.00,4428988916710.85,-632495938646.84,-89044445176.50,731.35,5412.82,-127.59
6048000.00,4429304438389.32,-630157435749.27,-89099632660.11,729.32,5413.34,-128.07
6480000.00,4429618858692.50,-627818960618.98,-89155080717.80,726.08,5412.94,-128.43
6912000.00,4429931739131.99,-625480490927.58,-89210413375.51,722.61,5413.55,-127.67
7344000.00,4430243384489.18,-623141590383.89,-89265477777.21,720.32,5414.62,-127.44
7776000.00,4430554092874.21,-620802406909.64,-89320649926.91,718.00,5414.76,-128.03
8208000.00,4430863565939.56,-618463307034.07,-89376023117.58,714.59,5414.48,-128.13
8640000.00,4431171520061.62,-616124135840.52,-89431225393.61,711.28,5415.18,-127.41
9072000.00,4431478265951.97,-613784549189.49,-89486193119.16,708.94,5416.17,-127.21
9504000.00,4431784047769.43,-611444676821.49,-89541242332.92,706.62,5416.42,-127.71
9936000.00,4432088653286.89,-609104840852.78,-89596494871.59,703.43,5416.16,-127.96
10368000.00,4432391772401.51,-606765008203.97,-89651669036.00,699.98,5416.56,-127.39
10800000.00,4432693561691.80,-604424844307.60,-89706584984.91,697.32,5417.54,-126.95
11232000.00,4432994322284.69,-602084312364.50,-89761452652.79,695.07,5418.15,-127.17
11664000.00,4433294041922.60,-599743668755.76,-89816496232.31,692.38,5418.08,-127.64
12096000.00,4433592430626.66,-597403095591.56,-89871646321.62,688.97,5418.00,-127.55
12528000.00,4433889350335.33,-595062407843.13,-89926621454.67,685.76,5418.64,-126.95
12960000.00,4434185036167.96,-592721357331.58,-89981384639.55,683.24,5419.54,-126.68
13392000.00,4434479699917.12,-590379991391.52,-90036150419.52,680.92,5420.02,-126.94
13824000.00,4434773286718.06,-588038539328.72,-90091083756.81,678.16,5419.97,-127.35
14256000.00,4435065541928.09,-585697142372.84,-90146106741.32,674.80,5419.91,-127.27
14688000.00,4435356343080.36,-583355643604.91,-90200975586.44,671.58,5420.47,-126.73
15120000.00,4435645878502.28,-581013815189.81,-90255634237.62,668.94,5421.33,-126.40
15552000.00,4435934354019.30,-578671659291.57,-90310251145.00,666.59,5421.91,-126.53
15984000.00,4436221778251.10,-576329354081.29,-90364995853.37,663.99,5422.02,-126.92
16416000.00,4436507965379.19,-573987071974.15,-90419875064.28,660.85,5421.90,-127.06
16848000.00,4436792723330.76,-571644777066.58,-90474699614.19,657.49,5422.16,-126.68
17280000.00,4437076110535.89,-569302252539.62,-90529317379.74,654.57,5422.91,-126.21
17712000.00,4437358336935.72,-566959387356.36,-90583796614.50,652.08,5423.66,-126.08
18144000.00,4437639516992.67,-564616263346.76,-90638304685.33,649.65,5424.07,-126.32
18576000.00,4437919593664.21,-562273051783.20,-90692951642.86,646.91,5424.08,-126.66
19008000.00,4438198379941.39,-559929868675.28,-90747691567.46,643.70,5424.02,-126.68
19440000.00,4438475740440.98,-557586635160.45,-90802341991.31,640.41,5424.37,-126.28
19872000.00,4438751760361.89,-555243158834.16,-90856795277.77,637.53,5425.09,-125.85
20304000.00,4439026622663.62,-552899360176.26,-90911126004.33,635.01,5425.80,-125.74
20736000.00,4439300424035.59,-550555312691.34,-90965479462.57,632.56,5426.21,-125.94
21168000.00,4439573122228.66,-548211163385.38,-91019955663.26,629.86,5426.28,-126.26
21600000.00,4439844561706.29,-545867027082.16,-91074533126.13,626.73,5426.22,-126.35
22032000.00,4440114599095.42,-543522867809.54,-91129062156.46,623.44,5426.45,-126.04
22464000.00,4440383264714.55,-541178519410.91,-91183414691.47,620.44,5427.07,-125.60
22896000.00,4440650715543.45,-538833870108.03,-91237615167.59,617.80,5427.78,-125.37
23328000.00,4440917072120.24,-536488944087.09,-91291782878.90,615.33,5428.31,-125.45
23760000.00,4441182348954.97,-534143853495.98,-91346031283.94,612.76,5428.54,-125.72
24192000.00,4441446451480.30,-531798725364.79,-91400399695.32,609.86,5428.51,-125.95
24624000.00,4441709226853.42,-529453610435.04,-91454810279.54,606.64,5428.54,-125.88
25056000.00,4441970599198.06,-527108415883.74,-91509116025.72,603.44,5428.91,-125.50
25488000.00,4442230650964.42,-524762992537.50,-91563246676.75,600.55,5429.56,-125.13
25920000.00,4442489524141.46,-522417277445.88,-91617259185.30,597.96,5430.22,-124.98
26352000.00,4442747304675.84,-520071315570.91,-91671263872.02,595.46,5430.68,-125.08
26784000.00,4443003987281.43,-517725212200.20,-91725352321.67,592.84,5430.87,-125.34
27216000.00,4443259479032.75,-515379077243.14,-91779549088.68,589.93,5430.85,-125.54
27648000.00,4443513645150.92,-513032949640.55,-91833779773.85,586.73,5430.89,-125.47
28080000.00,4443766418549.51,-510686745478.75,-91887912912.27,583.54,5431.23,-125.12
28512000.00,4444017867631.06,-508340330571.20,-91941880646.72,580.62,5431.83,-124.75
28944000.00,4444268119178.86,-505993639278.56,-91995725140.06,577.98,5432.47,-124.57
29376000.00,4444517259931.69,-503646699520.59,-92049541737.97,575.45,5432.96,-124.62
29808000.00,4444765302524.51,-501299596925.86,-92103418543.61,572.86,5433.22,-124.83
30240000.00,4445012184034.30,-498952433067.14,-92157397005.95,570.05,5433.26,-125.06
30672000.00,4445257787661.65,-496605271188.65,-92211439811.33,566.95,5433.25,-125.10
31104000.00,4445502017306.83,-494258077299.37,-92265437343.58,563.74,5433.44,-124.85
