0.00,4425568193549.32,-653635554180.43,-87656726718.45,315.17,5257.21,-165.26
1200.00,4425568571752.06,-653629245532.51,-87656925033.08,315.15,5257.11,-165.27
2400.00,4425568949935.67,-653622936996.27,-87657123355.68,315.14,5257.02,-165.28
3600.00,4425569328100.15,-653616628571.73,-87657321686.25,315.12,5256.93,-165.28
4800.00,4425569706245.51,-653610320258.90,-87657520024.78,315.11,5256.83,-165.29
6000.00,4425570084371.74,-653604012057.77,-87657718371.27,315.09,5256.74,-165.30
7200.00,4425570462478.87,-653597703968.37,-87657916725.73,315.07,5256.65,-165.30
8400.00,4425570840566.89,-653591395990.68,-87658115088.16,315.06,5256.55,-165.31
9600.00,4425571218635.81,-653585088124.72,-87658313458.55,315.04,5256.46,-165.32
10800.00,4425571596685.64,-653578780370.50,-87658511836.91,315.03,5256.37,-165.32
12000.00,4425571974716.38,-653572472728.01,-87658710223.23,315.01,5256.28,-165.33
13200.00,4425572352728.04,-653566165197.27,-87658908617.52,314.99,5256.18,-165.34
14400.00,4425572730720.62,-653559857778.29,-87659107019.78,314.98,5256.09,-165.34
15600.00,4425573108694.13,-653553550471.06,-87659305430.00,314.96,5256.00,-165.35
16800.00,4425573486648.57,-653547243275.60,-87659503848.19,314.95,5255.90,-165.36
18000.00,4425573864583.96,-653540936191.91,-87659702274.34,314.93,5255.81,-165.36
19200.00,4425574242500.30,-653534629220.00,-87659900708.46,314.91,5255.72,-165.37
20400.00,4425574620397.59,-653528322359.87,-87660099150.55,314.90,5255.62,-165.38
21600.00,4425574998275.84,-653522015611.53,-87660297600.60,314.88,5255.53,-165.38
22800.00,4425575376135.05,-653515708974.99,-87660496058.62,314.87,5255.44,-165.39
24000.00,4425575753975.24,-653509402450.25,-87660694524.60,314.85,5255.34,-165.39
25200.00,4425576131796.40,-653503096037.31,-87660892998.56,314.84,5255.25,-165.40
26400.00,4425576509598.55,-653496789736.19,-87661091480.48,314.82,5255.16,-165.41
27600.00,4425576887381.69,-653490483546.90,-87661289970.36,314.80,5255.06,-165.41
28800.00,4425577265145.82,-653484177469.43,-87661488468.21,314.79,5254.97,-165.42
30000.00,4425577642890.95,-653477871503.79,-87661686974.03,314.77,5254.88,-165.43
31200.00,4425578020617.09,-653471565649.99,-87661885487.82,314.76,5254.78,-165.43
32400.00,4425578398324.24,-653465259908.03,-87662084009.57,314.74,5254.69,-165.44
33600.00,4425578776012.42,-653458954277.93,-87662282539.29,314.72,5254.60,-165.45
34800.00,4425579153681.61,-653452648759.69,-87662481076.98,314.71,5254.51,-165.45
36000.00,4425579531331.84,-653446343353.31,-87662679622.63,314.69,5254.41,-165.46
37200.00,4425579908963.11,-653440038058.80,-87662878176.25,314.68,5254.32,-165.47
38400.00,4425580286575.42,-653433732876.16,-87663076737.84,314.66,5254.23,-165.47
39600.00,4425580664168.77,-653427427805.41,-87663275307.39,314.65,5254.13,-165.48
40800.00,4425581041743.19,-653421122846.55,-87663473884.92,314.63,5254.04,-165.49
42000.00,4425581419298.66,-653414817999.58,-87663672470.41,314.61,5253.95,-165.49
43200.00,4425581796835.20,-653408513264.51,-87663871063.87,314.60,5253.85,-165.50
44400.00,4425582174352.81,-653402208641.35,-87664069665.29,314.58,5253.76,-165.51
45600.00,4425582551851.51,-653395904130.11,-87664268274.68,314.57,5253.67,-165.51
46800.00,4425582929331.28,-653389599730.78,-87664466892.05,314.55,5253.57,-165.52
48000.00,4425583306792.15,-653383295443.38,-87664665517.37,314.53,5253.48,-165.53
49200.00,4425583684234.11,-653376991267.91,-87664864150.67,314.52,5253.39,-165.53
50400.00,4425584061657.18,-653370687204.38,-87665062791.94,314.50,5253.29,-165.54
51600.00,4425584439061.36,-653364383252.80,-87665261441.17,314.49,5253.20,-165.55
52800.00,4425584816446.65,-653358079413.16,-87665460098.37,314.47,5253.11,-165.55
54000.00,4425585193813.06,-653351775685.49,-87665658763.54,314.46,5253.01,-165.56
55200.00,4425585571160.59,-653345472069.77,-87665857436.68,314.44,5252.92,-165.57
56400.00,4425585948489.26,-653339168566.03,-87666056117.78,314.42,5252.83,-165.57
57600.00,4425586325799.07,-653332865174.26,-87666254806.86,314.41,5252.73,-165.58
58800.00,4425586703090.02,-653326561894.47,-87666453503.90,314.39,5252.64,-165.59
60000.00,4425587080362.13,-653320258726.68,-87666652208.91,314.38,5252.55,-165.59
61200.00,4425587457615.39,-653313955670.87,-87666850921.89,314.36,5252.45,-165.60
62400.00,4425587834849.81,-653307652727.07,-87667049642.84,314.35,5252.36,-165.61
63600.00,4425588212065.40,-653301349895.28,-87667248371.76,314.33,5252.27,-165.61
64800.00,4425588589262.16,-653295047175.49,-87667447108.64,314.31,5252.17,-165.62
66000.00,4425588966440.11,-653288744567.73,-87667645853.50,314.30,5252.08,-165.63
67200.00,4425589343599.24,-653282442071.99,-87667844606.32,314.28,5251.99,-165.63
68400.00,4425589720739.56,-653276139688.29,-87668043367.11,314.27,5251.89,-165.64
69600.00,4425590097861.08,-653269837416.62,-87668242135.88,314.25,5251.80,-165.65
70800.00,4425590474963.81,-653263535257.00,-87668440912.61,314.24,5251.71,-165.65
72000.00,4425590852047.75,-653257233209.43,-87668639697.31,314.22,5251.61,-165.66
73200.00,4425591229112.90,-653250931273.92,-87668838489.98,314.21,5251.52,-165.67
74400.00,4425591606159.27,-653244629450.46,-87669037290.62,314.19,5251.43,-165.67
75600.00,4425591983186.88,-653238327739.08,-87669236099.22,314.17,5251.33,-165.68
76800.00,4425592360195.71,-653232026139.78,-87669434915.80,314.16,5251.24,-165.69
78000.00,4425592737185.79,-653225724652.56,-87669633740.35,314.14,5251.15,-165.69
79200.00,4425593114157.11,-653219423277.42,-87669832572.87,314.13,5251.05,-165.70
80400.00,4425593491109.69,-653213122014.38,-87670031413.35,314.11,5250.96,-165.71
81600.00,4425593868043.52,-653206820863.44,-87670230261.81,314.10,5250.87,-165.71
82800.00,4425594244958.62,-653200519824.61,-87670429118.24,314.08,5250.77,-165.72
84000.00,4425594621854.99,-653194218897.89,-87670627982.63,314.06,5250.68,-165.73
85200.00,4425594998732.63,-653187918083.29,-87670826855.00,314.05,5250.59,-165.73
