0.00,4364328668265.33,-636079888157.03,-135701124225.30,790.73,5587.77,0.00
7200.00,4364334361386.09,-636039656220.54,-135701124204.27,790.69,5587.77,0.01
14400.00,4364340054196.91,-635999424250.73,-135701124141.16,790.65,5587.78,0.01
21600.00,4364345746697.77,-635959192247.60,-135701124035.99,790.60,5587.78,0.02
28800.00,4364351438888.69,-635918960211.16,-135701123888.75,790.56,5587.79,0.02
36000.00,4364357130769.65,-635878728141.41,-135701123699.44,790.52,5587.79,0.03
43200.00,4364362822340.65,-635838496038.35,-135701123468.06,790.47,5587.79,0.04
50400.00,4364368513601.71,-635798263901.99,-135701123194.62,790.43,5587.80,0.04
57600.00,4364374204552.80,-635758031732.34,-135701122879.11,790.39,5587.80,0.05
64800.00,4364379895193.94,-635717799529.39,-135701122521.53,790.35,5587.81,0.05
72000.00,4364385585525.12,-635677567293.15,-135701122121.89,790.30,5587.81,0.06
79200.00,4364391275546.35,-635637335023.63,-135701121680.18,790.26,5587.82,0.06
86400.00,4364396965257.61,-635597102720.82,-135701121196.41,790.22,5587.82,0.07
93600.00,4364402654658.91,-635556870384.74,-135701120670.57,790.17,5587.83,0.08
100800.00,4364408343750.25,-635516638015.38,-135701120102.66,790.13,5587.83,0.08
108000.00,4364414032531.62,-635476405612.75,-135701119492.69,790.09,5587.84,0.09
115200.00,4364419721003.04,-635436173176.86,-135701118840.66,790.04,5587.84,0.09
122400.00,4364425409164.48,-635395940707.70,-135701118146.56,790.00,5587.85,0.10
129600.00,4364431097015.96,-635355708205.28,-135701117410.40,789.96,5587.85,0.11
136800.00,4364436784557.47,-635315475669.61,-135701116632.18,789.91,5587.85,0.11
144000.00,4364442471789.02,-635275243100.69,-135701115811.89,789.87,5587.86,0.12
151200.00,4364448158710.59,-635235010498.52,-135701114949.55,789.83,5587.86,0.12
158400.00,4364453845322.20,-635194777863.11,-135701114045.14,789.79,5587.87,0.13
165600.00,4364459531623.83,-635154545194.45,-135701113098.67,789.74,5587.87,0.13
172800.00,4364465217615.49,-635114312492.57,-135701112110.13,789.70,5587.88,0.14
180000.00,4364470903297.17,-635074079757.45,-135701111079.54,789.66,5587.88,0.15
187200.00,4364476588668.89,-635033846989.10,-135701110006.89,789.61,5587.89,0.15
194400.00,4364482273730.62,-634993614187.53,-135701108892.17,789.57,5587.89,0.16
201600.00,4364487958482.38,-634953381352.74,-135701107735.40,789.53,5587.90,0.16
208800.00,4364493642924.16,-634913148484.73,-135701106536.56,789.48,5587.90,0.17
216000.00,4364499327055.96,-634872915583.51,-135701105295.67,789.44,5587.91,0.18
223200.00,4364505010877.78,-634832682649.08,-135701104012.72,789.40,5587.91,0.18
230400.00,4364510694389.62,-634792449681.45,-135701102687.71,789.36,5587.91,0.19
237600.00,4364516377591.48,-634752216680.62,-135701101320.64,789.31,5587.92,0.19
244800.00,4364522060483.35,-634711983646.59,-135701099911.52,789.27,5587.92,0.20
252000.00,4364527743065.24,-634671750579.37,-135701098460.33,789.23,5587.93,0.20
259200.00,4364533425337.15,-634631517478.95,-135701096967.09,789.18,5587.93,0.21
266400.00,4364539107299.07,-634591284345.36,-135701095431.80,789.14,5587.94,0.22
273600.00,4364544788951.00,-634551051178.58,-135701093854.44,789.10,5587.94,0.22
280800.00,4364550470292.94,-634510817978.62,-135701092235.03,789.05,5587.95,0.23
288000.00,4364556151324.89,-634470584745.49,-135701090573.57,789.01,5587.95,0.23
295200.00,4364561832046.85,-634430351479.19,-135701088870.05,788.97,5587.96,0.24
302400.00,4364567512458.82,-634390118179.73,-135701087124.48,788.92,5587.96,0.25
309600.00,4364573192560.80,-634349884847.10,-135701085336.85,788.88,5587.97,0.25
316800.00,4364578872352.78,-634309651481.32,-135701083507.17,788.84,5587.97,0.26
324000.00,4364584551834.77,-634269418082.38,-135701081635.43,788.80,5587.97,0.26
331200.00,4364590231006.76,-634229184650.29,-135701079721.64,788.75,5587.98,0.27
338400.00,4364595909868.76,-634188951185.05,-135701077765.79,788.71,5587.98,0.27
345600.00,4364601588420.75,-634148717686.67,-135701075767.90,788.67,5587.99,0.28
352800.00,4364607266662.75,-634108484155.15,-135701073727.95,788.62,5587.99,0.29
360000.00,4364612944594.75,-634068250590.50,-135701071645.95,788.58,5588.00,0.29
367200.00,4364618622216.75,-634028016992.72,-135701069521.90,788.54,5588.00,0.30
374400.00,4364624299528.74,-633987783361.81,-135701067355.79,788.49,5588.01,0.30
381600.00,4364629976530.73,-633947549697.77,-135701065147.64,788.45,5588.01,0.31
388800.00,4364635653222.72,-633907316000.62,-135701062897.43,788.41,5588.02,0.32
396000.00,4364641329604.70,-633867082270.35,-135701060605.18,788.36,5588.02,0.32
403200.00,4364647005676.67,-633826848506.97,-135701058270.87,788.32,5588.02,0.33
410400.00,4364652681438.64,-633786614710.48,-135701055894.52,788.28,5588.03,0.33
417600.00,4364658356890.60,-633746380880.89,-135701053476.12,788.24,5588.03,0.34
424800.00,4364664032032.55,-633706147018.20,-135701051015.66,788.19,5588.04,0.34
432000.00,4364669706864.48,-633665913122.41,-135701048513.16,788.15,5588.04,0.35
439200.00,4364675381386.41,-633625679193.53,-135701045968.61,788.11,5588.05,0.36
446400.00,4364681055598.32,-633585445231.56,-135701043382.02,788.06,5588.05,0.36
453600.00,4364686729500.22,-633545211236.50,-135701040753.37,788.02,5588.06,0.37
460800.00,4364692403092.10,-633504977208.37,-135701038082.68,787.98,5588.06,0.37
468000.00,4364698076373.97,-633464743147.16,-135701035369.94,787.93,5588.07,0.38
475200.00,4364703749345.82,-633424509052.87,-135701032615.16,787.89,5588.07,0.39
482400.00,4364709422007.66,-633384274925.52,-135701029818.33,787.85,5588.08,0.39
489600.00,4364715094359.47,-633344040765.10,-135701026979.45,787.81,5588.08,0.40
496800.00,4364720766401.26,-633303806571.62,-135701024098.53,787.76,5588.08,0.40
504000.00,4364726438133.03,-633263572345.08,-135701021175.56,787.72,5588.09,0.41
511200.00,4364732109554.78,-633223338085.49,-135701018210.55,787.68,5588.09,0.41
518400.00,4364737780666.51,-633183103792.85,-135701015203.49,787.63,5588.10,0.42
