0.00,2213879184235.36,-4635649374163.28,-144306870593.60,5103.02,1280.47,-0.50
423360.00,2216050452903.07,-4635131136566.46,-144346872157.90,5068.81,1049.60,-135.00
846720.00,2218151189087.14,-4634630901179.45,-144311773682.33,5072.17,1316.63,70.14
1270080.00,2220305145594.84,-4634090379606.24,-144302462186.95,5090.31,1243.34,-7.29
1693440.00,2222458308426.81,-4633574671530.40,-144312079031.23,5080.06,1196.17,-34.88
2116800.00,2224605347571.69,-4633076103117.10,-144329750794.54,5061.19,1158.93,-47.07
2540160.00,2226742379074.63,-4632593607181.95,-144350800810.11,5031.95,1119.62,-50.60
2963520.00,2228862011634.23,-4632128937496.24,-144368884217.72,4970.11,1074.92,-23.20
3386880.00,2230937164121.87,-4631653848775.59,-144332301840.81,5102.32,1493.26,284.73
3810240.00,2233114548618.53,-4631064903993.95,-144284355636.87,5135.81,1358.69,80.42
4233600.00,2235287000452.12,-4630492719294.64,-144252582605.10,5128.07,1346.82,71.55
4656960.00,2237457083759.61,-4629923468616.18,-144223042592.24,5123.95,1343.00,68.36
5080320.00,2239625753006.77,-4629355210934.24,-144194480556.96,5121.21,1341.77,66.71
5503680.00,2241793408801.55,-4628787204669.06,-144166458629.47,5119.10,1341.68,65.73
5927040.00,2243960246940.17,-4628219097627.50,-144138774590.98,5117.32,1342.20,65.08
6350400.00,2246126382573.84,-4627650691061.18,-144111321190.06,5115.76,1343.07,64.63
6773760.00,2248291888812.66,-4627081860526.87,-144084032340.39,5114.34,1344.18,64.30
7197120.00,2250456815158.41,-4626512523399.92,-144056865571.68,5113.02,1345.46,64.05
7620480.00,2252621197322.76,-4625942620809.85,-144029791121.89,5111.77,1346.85,63.86
8043840.00,2254785061302.70,-4625372109847.42,-144002787114.40,5110.57,1348.33,63.71
8467200.00,2256948426542.22,-4624800958608.09,-143975837454.97,5109.41,1349.87,63.60
8890560.00,2259111308232.40,-4624229142406.18,-143948929909.08,5108.28,1351.47,63.52
9313920.00,2261273718291.18,-4623656641851.19,-143922054817.07,5107.18,1353.10,63.45
9737280.00,2263435666279.47,-4623083441488.75,-143895204580.93,5106.10,1354.77,63.40
10160640.00,2265597160068.32,-4622509528657.82,-143868373020.84,5105.03,1356.47,63.36
10584000.00,2267758206142.37,-4621934892895.62,-143841554979.36,5103.98,1358.19,63.33
11007360.00,2269918809847.57,-4621359525543.68,-143814746149.11,5102.94,1359.93,63.32
11430720.00,2272078975657.15,-4620783419372.15,-143787942950.64,5101.91,1361.68,63.31
11854080.00,2274238707382.43,-4620206568230.83,-143761142345.43,5100.89,1363.44,63.30
12277440.00,2276398008249.12,-4619628966886.13,-143734341715.75,5099.88,1365.22,63.31
12700800.00,2278556881016.65,-4619050610863.14,-143707538826.50,5098.87,1367.01,63.31
13124160.00,2280715328080.64,-4618471496279.38,-143680731738.34,5097.87,1368.81,63.33
13547520.00,2282873351521.49,-4617891619748.25,-143653918740.37,5096.87,1370.61,63.34
13970880.00,2285030953139.10,-4617310978317.53,-143627098315.94,5095.88,1372.42,63.36
14394240.00,2287188134490.27,-4616729569416.12,-143600269125.84,5094.88,1374.23,63.38
14817600.00,2289344896933.42,-4616147390793.94,-143573429991.70,5093.90,1376.06,63.41
15240960.00,2291501241664.82,-4615564440460.83,-143546579861.37,5092.91,1377.88,63.44
15664320.00,2293657169727.31,-4614980716662.61,-143519717787.04,5091.93,1379.71,63.46
16087680.00,2295812682032.91,-4614396217854.14,-143492842922.99,5090.95,1381.54,63.50
16511040.00,2297967779387.08,-4613810942662.75,-143465954509.16,5089.97,1383.38,63.53
16934400.00,2300122462501.17,-4613224889864.36,-143439051854.75,5088.99,1385.22,63.56
17357760.00,2302276732000.00,-4612638058368.53,-143412134328.20,5088.01,1387.06,63.60
17781120.00,2304430588429.03,-4612050447206.87,-143385201351.85,5087.04,1388.90,63.64
18204480.00,2306584032262.55,-4611462055522.00,-143358252399.11,5086.06,1390.74,63.67
18627840.00,2308737063914.01,-4610872882554.19,-143331286991.51,5085.09,1392.59,63.71
19051200.00,2310889683745.61,-4610282927625.81,-143304304690.37,5084.12,1394.44,63.75
19474560.00,2313041892069.71,-4609692190135.32,-143277305089.82,5083.15,1396.29,63.80
19897920.00,2315193689153.01,-4609100669552.85,-143250287817.48,5082.18,1398.14,63.84
20321280.00,2317345075224.01,-4608508365410.16,-143223252531.44,5081.21,1399.99,63.88
20744640.00,2319496050477.41,-4607915277292.92,-143196198915.41,5080.24,1401.84,63.92
21168000.00,2321646615076.57,-4607321404835.71,-143169126675.15,5079.27,1403.69,63.97
21591360.00,2323796769155.42,-4606726747718.49,-143142035536.27,5078.30,1405.55,64.01
22014720.00,2325946512820.30,-4606131305663.62,-143114925242.91,5077.33,1407.40,64.06
22438080.00,2328095846152.17,-4605535078432.95,-143087795557.09,5076.36,1409.26,64.11
22861440.00,2330244769209.38,-4604938065824.41,-143060646258.13,5075.39,1411.11,64.15
23284800.00,2332393282030.92,-4604340267667.26,-143033477140.79,5074.42,1412.97,64.20
23708160.00,2334541384637.44,-4603741683819.19,-143006288012.25,5073.45,1414.82,64.25
24131520.00,2336689077031.31,-4603142314165.97,-142979078691.95,5072.48,1416.68,64.29
24554880.00,2338836359199.01,-4602542158618.93,-142951849011.68,5071.51,1418.54,64.34
24978240.00,2340983231113.09,-4601941217111.95,-142924598814.14,5070.54,1420.39,64.39
25401600.00,2343129692733.24,-4601339489599.34,-142897327951.53,5069.57,1422.25,64.44
25824960.00,2345275744007.02,-4600736976054.50,-142870036284.53,5068.61,1424.11,64.49
26248320.00,2347421384870.47,-4600133676468.74,-142842723681.62,5067.64,1425.96,64.54
26671680.00,2349566615248.68,-4599529590850.39,-142815390018.67,5066.67,1427.82,64.59
27095040.00,2351711435056.40,-4598924719223.91,-142788035178.68,5065.70,1429.68,64.64
27518400.00,2353855844198.87,-4598319061628.90,-142760659051.65,5064.73,1431.53,64.69
27941760.00,2355999842572.91,-4597712618118.76,-142733261534.31,5063.76,1433.39,64.74
28365120.00,2358143430067.80,-4597105388759.08,-142705842529.15,5062.78,1435.24,64.79
28788480.00,2360286606565.25,-4596497373627.21,-142678401943.57,5061.81,1437.10,64.84
29211840.00,2362429371939.57,-4595888572812.18,-142650939690.20,5060.84,1438.96,64.89
29635200.00,2364571726058.61,-4595278986413.57,-142623455686.75,5059.87,1440.81,64.94
30058560.00,2366713668784.42,-4594668614540.56,-142595949855.50,5058.90,1442.67,65.00
30481920.00,2368855199973.61,-4594057457311.15,-142568422122.82,5057.93,1444.52,65.05
30905280.00,2370996319477.59,-4593445514851.73,-142540872418.78,5056.95,1446.38,65.10
