0.00,2197134438356.92,1972067253294.91,-21586663775.98,-7061.86,5009.01,0.07
7200.00,2197083333869.66,1972103424212.58,-21586315602.45,-7133.98,5038.72,97.71
14400.00,2197031709221.81,1972139813850.27,-21585243713.44,-7206.34,5069.79,201.20
21600.00,2196979562864.27,1972176432456.92,-21583403773.82,-7278.88,5102.35,311.18
28800.00,2196926893811.73,1972213291341.35,-21580746529.20,-7351.51,5136.56,428.38
36000.00,2196873701918.79,1972250403023.37,-21577217013.97,-7424.09,5172.61,553.64
43200.00,2196819988249.30,1972287781412.93,-21572753593.48,-7496.41,5210.69,687.99
50400.00,2196765755574.31,1972325442023.13,-21567286797.42,-7568.20,5251.05,832.59
57600.00,2196711009048.88,1972363402224.86,-21560737888.13,-7639.07,5293.96,988.84
64800.00,2196655757141.16,1972401681551.89,-21553017089.96,-7708.48,5339.76,1158.44
72000.00,2196600012921.43,1972440302067.67,-21544021381.79,-7775.67,5388.81,1343.38
79200.00,2196543795872.59,1972479288806.15,-21533631722.81,-7839.61,5441.57,1546.12
86400.00,2196487134468.11,1972518670300.34,-21521709538.33,-7898.81,5498.57,1769.66
93600.00,2196430069899.28,1972558479210.47,-21508092236.58,-7951.18,5560.42,2017.70
100800.00,2196372661557.05,1972598753056.41,-21492587457.09,-7993.69,5627.85,2294.86
108000.00,2196314995248.24,1972639535036.68,-21474965674.77,-8021.93,5701.73,2606.88
115200.00,2196257195767.74,1972680874861.81,-21454950728.99,-8029.32,5782.99,2961.03
122400.00,2196199446569.71,1972722829397.87,-21432207907.44,-8005.87,5872.66,3366.38
129600.00,2196142021264.61,1972765462606.65,-21406329658.59,-7936.08,5971.65,3834.11
136800.00,2196085335172.17,1972808843540.11,-21376820591.76,-7795.30,6080.36,4377.34
144000.00,2196030031098.31,1972853039423.50,-21343088255.23,-7543.66,6197.62,5009.39
151200.00,2195977122066.71,1972898096826.50,-21304459964.68,-7116.16,6318.24,5737.47
158400.00,2195928218419.91,1972943995022.14,-21260282907.74,-6409.71,6427.38,6543.93
165600.00,2195885828400.23,1972990540170.35,-21210250418.17,-5280.18,6489.43,7338.83
172800.00,2195853496774.96,1973037166372.24,-21155212430.11,-3605.48,6435.43,7875.49
180000.00,2195834940403.89,1973082730013.84,-21098478806.95,-1511.97,6183.60,7735.98
187200.00,2195831323876.31,1973125739243.34,-21046069198.96,421.21,5740.04,6679.71
194400.00,2195839127821.50,1973165279624.79,-21003628963.96,1602.54,5249.12,5067.89
201600.00,2195852497025.81,1973201550926.46,-20972984890.79,2004.81,4845.64,3480.50
208800.00,2195866858603.73,1973235349086.32,-20952750829.30,1930.39,4560.82,2194.52
216000.00,2195879782275.77,1973267457474.02,-20940606067.79,1637.49,4371.10,1225.66
223200.00,2195890260535.07,1973298450274.44,-20934492126.30,1266.60,4246.57,507.28
230400.00,2195897995474.98,1973328711368.68,-20932859222.51,882.19,4164.90,-28.94
237600.00,2195903001263.31,1973358492832.21,-20934592777.58,511.17,4111.45,-434.91
244800.00,2195905416197.88,1973387961837.90,-20938894070.48,163.37,4076.91,-747.07
252000.00,2195905418869.27,1973417231427.84,-20945183706.04,-158.82,4055.29,-990.59
259200.00,2195903192045.70,1973446379707.06,-20953033930.03,-456.16,4042.70,-1182.92
266400.00,2195898907995.03,1973475461774.26,-20962122966.62,-730.61,4036.55,-1336.37
273600.00,2195892723374.91,1973504517241.75,-20972204323.92,-984.45,4035.07,-1459.77
280800.00,2195884778328.12,1973533575071.86,-20983085953.02,-1219.95,4037.04,-1559.55
288000.00,2195875197340.97,1973562656755.86,-20994615877.66,-1439.19,4041.58,-1640.51
295200.00,2195864090749.76,1973591778448.91,-21006672114.07,-1644.00,4048.07,-1706.25
302400.00,2195851556392.30,1973620952433.15,-21019155476.79,-1836.02,4056.04,-1759.54
309600.00,2195837681187.58,1973650188139.40,-21031984357.83,-2016.66,4065.17,-1802.53
316800.00,2195822542560.24,1973679492873.01,-21045090877.94,-2187.15,4075.18,-1836.90
324000.00,2195806209688.20,1973708872337.82,-21058418007.45,-2348.55,4085.90,-1864.00
331200.00,2195788744579.14,1973738331019.71,-21071917382.67,-2501.79,4097.17,-1884.90
338400.00,2195770202992.60,1973767872471.17,-21085547629.09,-2647.69,4108.87,-1900.48
345600.00,2195750635227.28,1973797499525.07,-21099273058.32,-2786.94,4120.93,-1911.44
352800.00,2195730086793.00,1973827214456.79,-21113062644.56,-2920.18,4133.27,-1918.38
360000.00,2195708598984.82,1973857019108.74,-21126889212.42,-3047.96,4145.85,-1921.78
367200.00,2195686209374.55,1973886914986.64,-21140728786.39,-3170.75,4158.61,-1922.05
374400.00,2195662952232.70,1973916903334.82,-21154560065.08,-3289.00,4171.53,-1919.53
381600.00,2195638858891.80,1973946985195.47,-21168363992.82,-3403.09,4184.58,-1914.49
388800.00,2195613958060.16,1973977161455.75,-21182123407.74,-3513.35,4197.75,-1907.20
396000.00,2195588276093.84,1974007432885.43,-21195822750.61,-3620.11,4211.02,-1897.84
403200.00,2195561837233.07,1974037800167.27,-21209447822.06,-3723.64,4224.37,-1886.59
410400.00,2195534663808.43,1974068263921.73,-21222985578.84,-3824.19,4237.81,-1873.60
417600.00,2195506776421.28,1974098824727.15,-21236423961.60,-3922.00,4251.33,-1859.00
424800.00,2195478194102.08,1974129483136.50,-21249751748.30,-4017.26,4264.93,-1842.90
432000.00,2195448934449.74,1974160239691.25,-21262958428.64,-4110.17,4278.59,-1825.37
439200.00,2195419013754.56,1974191094933.15,-21276034095.76,-4200.91,4292.34,-1806.51
446400.00,2195388447107.04,1974222049414.15,-21288969352.09,-4289.63,4306.16,-1786.38
453600.00,2195357248494.39,1974253103705.05,-21301755227.01,-4376.48,4320.06,-1765.02
460800.00,2195325430886.32,1974284258402.96,-21314383104.22,-4461.59,4334.05,-1742.50
468000.00,2195293006311.41,1974315514137.97,-21326844657.22,-4545.09,4348.13,-1718.83
475200.00,2195259985925.40,1974346871579.15,-21339131791.44,-4627.11,4362.31,-1694.05
482400.00,2195226380072.11,1974378331440.03,-21351236591.91,-4707.74,4376.58,-1668.18
489600.00,2195192198338.10,1974409894483.71,-21363151275.54,-4787.09,4390.97,-1641.24
496800.00,2195157449601.63,1974441561527.79,-21374868147.03,-4865.25,4405.47,-1613.23
504000.00,2195122142076.65,1974473333449.03,-21386379557.85,-4942.32,4420.10,-1584.16
511200.00,2195086283352.31,1974505211188.00,-21397677867.51,-5018.38,4434.87,-1554.04
518400.00,2195049880428.55,1974537195753.77,-21408755406.78,-5093.50,4449.78,-1522.84
