0.00,627061679568.82,-406157705678.81,641020728.92,5340.62,12545.70,-0.00
7200.00,627100128925.88,-406067370588.47,641018977.40,5339.75,12547.38,-0.49
14400.00,627138572034.99,-405977023385.92,641013723.08,5338.89,12549.06,-0.97
21600.00,627177008896.72,-405886664074.09,641004966.28,5338.02,12550.75,-1.46
28800.00,627215439511.62,-405796292655.88,640992707.35,5337.15,12552.43,-1.95
36000.00,627253863880.27,-405705909134.23,640976946.61,5336.28,12554.11,-2.43
43200.00,627292282003.22,-405615513512.03,640957684.41,5335.42,12555.79,-2.92
50400.00,627330693881.05,-405525105792.20,640934921.08,5334.55,12557.47,-3.41
57600.00,627369099514.32,-405434685977.66,640908656.94,5333.68,12559.15,-3.89
64800.00,627407498903.59,-405344254071.32,640878892.34,5332.81,12560.83,-4.38
72000.00,627445892049.44,-405253810076.08,640845627.61,5331.95,12562.51,-4.86
79200.00,627484278952.43,-405163353994.86,640808863.07,5331.08,12564.18,-5.35
86400.00,627522659613.12,-405072885830.56,640768599.05,5330.21,12565.86,-5.84
93600.00,627561034032.10,-404982405586.10,640724835.90,5329.35,12567.54,-6.32
100800.00,627599402209.92,-404891913264.38,640677573.93,5328.48,12569.22,-6.81
108000.00,627637764147.15,-404801408868.29,640626813.47,5327.61,12570.89,-7.29
115200.00,627676119844.37,-404710892400.76,640572554.86,5326.75,12572.57,-7.78
122400.00,627714469302.14,-404620363864.68,640514798.42,5325.88,12574.25,-8.26
129600.00,627752812521.04,-404529823262.96,640453544.48,5325.01,12575.92,-8.75
136800.00,627791149501.63,-404439270598.50,640388793.35,5324.15,12577.60,-9.24
144000.00,627829480244.49,-404348705874.19,640320545.38,5323.28,12579.27,-9.72
151200.00,627867804750.19,-404258129092.95,640248800.88,5322.41,12580.95,-10.21
158400.00,627906123019.30,-404167540257.66,640173560.18,5321.55,12582.62,-10.69
165600.00,627944435052.39,-404076939371.23,640094823.60,5320.68,12584.29,-11.18
172800.00,627982740850.04,-403986326436.55,640012591.46,5319.82,12585.97,-11.66
180000.00,628021040412.82,-403895701456.53,639926864.09,5318.95,12587.64,-12.15
187200.00,628059333741.30,-403805064434.05,639837641.81,5318.08,12589.31,-12.64
194400.00,628097620836.06,-403714415372.01,639744924.94,5317.22,12590.98,-13.12
201600.00,628135901697.67,-403623754273.30,639648713.79,5316.35,12592.66,-13.61
208800.00,628174176326.72,-403533081140.82,639549008.70,5315.49,12594.33,-14.09
216000.00,628212444723.76,-403442395977.46,639445809.97,5314.62,12596.00,-14.58
223200.00,628250706889.39,-403351698786.11,639339117.93,5313.76,12597.67,-15.06
230400.00,628288962824.17,-403260989569.67,639228932.90,5312.89,12599.34,-15.55
237600.00,628327212528.69,-403170268331.01,639115255.19,5312.03,12601.01,-16.03
244800.00,628365456003.52,-403079535073.03,638998085.12,5311.16,12602.68,-16.52
252000.00,628403693249.24,-402988789798.61,638877423.01,5310.30,12604.35,-17.00
259200.00,628441924266.43,-402898032510.64,638753269.16,5309.43,12606.01,-17.49
266400.00,628480149055.66,-402807263212.02,638625623.90,5308.57,12607.68,-17.97
273600.00,628518367617.52,-402716481905.61,638494487.55,5307.70,12609.35,-18.46
280800.00,628556579952.59,-402625688594.31,638359860.40,5306.84,12611.02,-18.94
288000.00,628594786061.44,-402534883281.00,638221742.78,5305.97,12612.68,-19.43
295200.00,628632985944.66,-402444065968.55,638080135.00,5305.11,12614.35,-19.91
302400.00,628671179602.83,-402353236659.86,637935037.37,5304.24,12616.02,-20.40
309600.00,628709367036.53,-402262395357.80,637786450.20,5303.38,12617.68,-20.88
316800.00,628747548246.34,-402171542065.25,637634373.80,5302.51,12619.35,-21.36
324000.00,628785723232.84,-402080676785.08,637478808.48,5301.65,12621.01,-21.85
331200.00,628823891996.63,-401989799520.19,637319754.55,5300.78,12622.68,-22.33
338400.00,628862054538.27,-401898910273.43,637157212.32,5299.92,12624.34,-22.82
345600.00,628900210858.36,-401808009047.69,636991182.09,5299.06,12626.00,-23.30
352800.00,628938360957.49,-401717095845.84,636821664.17,5298.19,12627.67,-23.79
360000.00,628976504836.23,-401626170670.76,636648658.87,5297.33,12629.33,-24.27
367200.00,629014642495.17,-401535233525.31,636472166.50,5296.46,12630.99,-24.76
374400.00,629052773934.91,-401444284412.37,636292187.35,5295.60,12632.65,-25.24
381600.00,629090899156.02,-401353323334.82,636108721.73,5294.74,12634.31,-25.72
388800.00,629129018159.10,-401262350295.51,635921769.95,5293.87,12635.98,-26.21
396000.00,629167130944.72,-401171365297.33,635731332.31,5293.01,12637.64,-26.69
403200.00,629205237513.49,-401080368343.13,635537409.11,5292.15,12639.30,-27.18
410400.00,629243337865.99,-400989359435.79,635340000.65,5291.28,12640.96,-27.66
417600.00,629281432002.81,-400898338578.17,635139107.23,5290.42,12642.62,-28.14
424800.00,629319519924.55,-400807305773.14,634934729.15,5289.56,12644.28,-28.63
432000.00,629357601631.78,-400716261023.57,634726866.72,5288.69,12645.93,-29.11
439200.00,629395677125.11,-400625204332.32,634515520.23,5287.83,12647.59,-29.60
446400.00,629433746405.13,-400534135702.24,634300689.98,5286.97,12649.25,-30.08
453600.00,629471809472.42,-400443055136.21,634082376.27,5286.11,12650.91,-30.56
460800.00,629509866327.59,-400351962637.09,633860579.39,5285.24,12652.57,-31.05
468000.00,629547916971.22,-400260858207.73,633635299.65,5284.38,12654.22,-31.53
475200.00,629585961403.91,-400169741851.01,633406537.33,5283.52,12655.88,-32.01
482400.00,629623999626.26,-400078613569.76,633174292.73,5282.65,12657.53,-32.50
489600.00,629662031638.85,-399987473366.87,632938566.16,5281.79,12659.19,-32.98
496800.00,629700057442.30,-399896321245.17,632699357.89,5280.93,12660.85,-33.47
504000.00,629738077037.18,-399805157207.54,632456668.22,5280.07,12662.50,-33.95
511200.00,629776090424.11,-399713981256.82,632210497.46,5279.21,12664.15,-34.43
518400.00,629814097603.67,-399622793395.87,631960845.88,5278.34,12665.81,-34.92
