0.00,994951979142.26,-1113256861556.98,-7160397459.77,6380.89,7085.94,-0.06
432000.00,997699063863.88,-1110193539465.62,-7164552983.21,6336.81,7096.07,-19.32
864000.00,1000427111766.72,-1107125970734.95,-7177049861.42,6292.75,7105.60,-38.68
1296000.00,1003136131949.85,-1104054417122.93,-7197937405.74,6248.71,7114.51,-58.17
1728000.00,1005826127764.95,-1100979146382.18,-7227270198.59,6204.68,7122.80,-77.79
2160000.00,1008497096947.66,-1097900433054.72,-7265108229.21,6160.63,7130.44,-97.55
2592000.00,1011149031761.53,-1094818559424.60,-7311517078.22,6116.55,7137.42,-117.47
3024000.00,1013781919111.95,-1091733816455.80,-7366568133.08,6072.44,7143.72,-137.56
3456000.00,1016395740626.68,-1088646504840.93,-7430338861.15,6028.28,7149.31,-157.84
3888000.00,1018990472789.26,-1085556936006.00,-7502912991.93,5984.06,7154.16,-178.32
4320000.00,1021566087115.31,-1082465433366.74,-7584380752.03,5939.77,7158.25,-199.02
4752000.00,1024122550231.24,-1079372333592.06,-7674839238.83,5895.40,7161.54,-219.95
5184000.00,1026659824068.56,-1076277988023.97,-7774392675.59,5850.93,7164.01,-241.13
5616000.00,1029177865940.97,-1073182764206.75,-7883152859.63,5806.36,7165.60,-262.58
6048000.00,1031676628746.89,-1070087047460.23,-8001239452.26,5761.67,7166.27,-284.31
6480000.00,1034156061257.32,-1066991242758.06,-8128780307.27,5716.86,7165.99,-306.35
6912000.00,1036616108321.94,-1063895776844.99,-8265912034.69,5671.92,7164.69,-328.72
7344000.00,1039056711162.81,-1060801100379.98,-8412780416.61,5626.84,7162.32,-351.44
7776000.00,1041477807784.57,-1057707690571.26,-8569540911.30,5581.61,7158.81,-374.52
8208000.00,1043879333298.10,-1054616053955.79,-8736359317.57,5536.23,7154.09,-398.01
8640000.00,1046261220449.82,-1051526729442.70,-8913412287.03,5490.69,7148.08,-421.91
9072000.00,1048623400336.40,-1048440291824.36,-9100887850.85,5444.99,7140.70,-446.27
9504000.00,1050965803264.12,-1045357355865.57,-9298986099.52,5399.13,7131.84,-471.10
9936000.00,1053288359608.71,-1042278580849.07,-9507920083.71,5353.11,7121.40,-496.44
10368000.00,1055591001084.35,-1039204675540.77,-9727916350.69,5306.93,7109.26,-522.32
10800000.00,1057873662318.38,-1036136404244.52,-9959215772.34,5260.61,7095.28,-548.78
11232000.00,1060136282568.29,-1033074593499.39,-10202074498.72,5214.15,7079.31,-575.85
11664000.00,1062378807991.84,-1030020139663.76,-10456764717.38,5167.58,7061.18,-603.57
12096000.00,1064601194570.09,-1026974017700.27,-10723575338.82,5120.92,7040.69,-631.97
12528000.00,1066803411830.86,-1023937291393.17,-11002812611.29,5074.21,7017.63,-661.11
12960000.00,1068985447559.64,-1020911125407.18,-11294800782.02,5027.50,6991.74,-691.02
13392000.00,1071147313374.26,-1017896799290.07,-11599882892.08,4980.84,6962.74,-721.74
13824000.00,1073289052087.29,-1014895723342.01,-11918420564.58,4934.33,6930.31,-753.33
14256000.00,1075410747435.50,-1011909457983.88,-12250793648.01,4888.07,6894.08,-785.81
14688000.00,1077512536010.27,-1008939736533.30,-12597399613.26,4842.20,6853.62,-819.23
15120000.00,1079594622679.63,-1005988491861.25,-12958651734.21,4796.90,6808.42,-853.63
15552000.00,1081657300777.16,-1003057888014.50,-13334975691.24,4752.40,6757.92,-889.02
15984000.00,1083700978603.53,-1000150357870.49,-13726803994.11,4709.00,6701.44,-925.41
16416000.00,1085726214457.96,-997268648007.06,-14134567196.67,4667.10,6638.19,-962.79
16848000.00,1087733763467.62,-994415872378.60,-14558680520.88,4627.23,6567.26,-1001.10
17280000.00,1089724639966.68,-991595577138.82,-14999524578.76,4590.06,6487.57,-1040.23
17712000.00,1091700200423.40,-988811816072.36,-15457415423.78,4556.52,6397.83,-1079.98
18144000.00,1093662258469.57,-986069237761.35,-15932557813.29,4527.82,6296.56,-1120.03
18576000.00,1095613243228.34,-983373187135.36,-16424977038.03,4505.62,6182.02,-1159.86
19008000.00,1097556416669.70,-980729816687.75,-16934416828.91,4492.15,6052.21,-1198.66
19440000.00,1099496175005.07,-978146196858.09,-17460184375.88,4490.48,5904.89,-1235.18
19872000.00,1101438467608.53,-975630402703.87,-18000915273.58,4504.80,5737.67,-1267.51
20304000.00,1103391375120.38,-973191527683.13,-18554218307.08,4540.88,5548.29,-1292.74
20736000.00,1105365890404.79,-970839524865.48,-19116143725.77,4606.54,5335.17,-1306.47
21168000.00,1107376923526.44,-968584684494.25,-19680406100.28,4712.18,5098.61,-1302.14
21600000.00,1109444462997.73,-966436409885.88,-20237307624.12,4870.88,4842.90,-1270.37
22032000.00,1111594583268.94,-964400782169.76,-20772408887.98,5097.39,4579.88,-1198.60
22464000.00,1113859447434.81,-962476342754.83,-21265298463.05,5404.15,4333.48,-1072.12
22896000.00,1116274660635.09,-960648073116.18,-21689462767.95,5792.73,4142.70,-878.51
23328000.00,1118872080109.24,-958881591128.99,-22015042542.07,6242.26,4056.22,-616.53
23760000.00,1121668559132.89,-957122647603.37,-22215727307.08,6704.46,4113.02,-304.91
24192000.00,1124656311358.74,-955306793851.52,-22277584436.40,7117.48,4317.80,19.23
24624000.00,1127802937614.86,-953376582052.03,-22204020518.37,7433.98,4634.68,316.05
25056000.00,1131062337510.04,-951295321045.41,-22012991188.54,7639.06,5008.15,560.13
25488000.00,1134388321444.01,-949049593647.97,-21729280484.57,7745.07,5389.48,744.96
25920000.00,1137743050881.67,-946643175536.92,-21377495944.88,7775.82,5748.48,876.52
26352000.00,1141099186001.77,-944089096098.55,-20978417202.79,7754.78,6071.69,965.49
26784000.00,1144438508457.99,-941403714122.67,-20548111416.27,7700.36,6356.17,1022.51
27216000.00,1147749571468.90,-938603394876.69,-20098435760.84,7625.57,6604.16,1056.28
27648000.00,1151025558536.70,-935703033972.45,-19637944833.55,7539.04,6819.88,1073.40
28080000.00,1154262681823.66,-932715588643.67,-19172747980.27,7446.34,7007.90,1078.66
28512000.00,1157459086038.73,-929652086349.19,-18707192012.73,7350.97,7172.50,1075.49
28944000.00,1160614127780.95,-926521824467.77,-18244366869.55,7255.12,7317.41,1066.32
29376000.00,1163727910523.12,-923332622360.96,-17786467872.48,7160.13,7445.74,1052.90
29808000.00,1166800987029.99,-920091065821.77,-17335051789.20,7066.77,7560.09,1036.46
30240000.00,1169834169612.66,-916802721995.48,-16891217308.93,6975.50,7662.59,1017.91
30672000.00,1172828409416.69,-913472319912.79,-16455732605.04,6886.52,7755.00,997.89
31104000.00,1175784719937.68,-910103898714.39,-16029126041.13,6799.92,7838.77,976.87
