0.00,977920979911.97,-1118753838236.04,-19552852267.41,-2302.26,15353.71,1.55
7200.00,977890300848.13,-1118658465110.82,-19544481875.73,-5925.28,10736.85,2354.41
14400.00,977841853237.87,-1118604490731.65,-19519213162.84,-6959.02,3942.89,4590.57
21600.00,977800396836.54,-1118603695898.05,-19480744161.73,-3735.10,-3638.23,5836.91
28800.00,977799116778.24,-1118650631694.47,-19440099711.34,3970.38,-8635.55,5066.36
36000.00,977860357362.93,-1118714004311.24,-19412596306.41,12829.12,-7960.71,2346.09
43200.00,977975938781.36,-1118753742998.93,-19407349527.31,18554.88,-2555.22,-832.00
50400.00,978116979349.95,-1118747550962.21,-19422490053.12,19968.38,4282.32,-3188.95
57600.00,978255762263.10,-1118694216039.83,-19450456440.71,18163.60,10305.61,-4395.04
64800.00,978374029130.72,-1118603191948.64,-19483338257.04,14453.99,14685.83,-4588.21
72000.00,978461575993.08,-1118487188127.30,-19514592801.62,9748.18,17230.45,-3972.68
79200.00,978513510208.56,-1118359624690.76,-19538989673.73,4647.12,17882.98,-2703.75
86400.00,978528821221.73,-1118234470554.19,-19552249264.79,-333.98,16532.10,-896.62
93600.00,978510598215.81,-1118126791948.67,-19550948128.47,-4529.88,12994.24,1311.36
100800.00,978468031853.78,-1118052773306.27,-19533084120.61,-6869.08,7200.16,3634.27
108000.00,978419919721.02,-1118027029998.34,-19499844354.10,-5782.85,-193.18,5436.83
115200.00,978396022193.27,-1118053743937.19,-19458524807.91,-87.12,-6798.63,5699.14
122400.00,978426270372.05,-1118114050817.32,-19423055035.57,8684.02,-8983.58,3820.98
129600.00,978517819081.79,-1118169347826.68,-19406506125.45,16205.44,-5586.73,704.50
136800.00,978649565546.05,-1118187363931.56,-19412077927.75,19675.71,808.55,-2112.87
144000.00,978791980771.29,-1118157657350.39,-19434329089.14,19360.28,7309.47,-3880.34
151200.00,978922473651.32,-1118085363145.45,-19465347007.38,16576.15,12510.47,-4572.05
158400.00,979027424993.36,-1117981686901.78,-19498044338.26,12408.90,15997.24,-4379.36
165600.00,979099598556.37,-1117859340696.51,-19526724399.12,7564.86,17687.23,-3480.20
172800.00,979135998091.83,-1117731455917.03,-19546780404.65,2550.25,17516.80,-2000.80
180000.00,979137186053.45,-1117611889851.55,-19554413494.34,-2116.65,15343.30,-48.29
187200.00,979108178310.88,-1117515720613.76,-19546746592.25,-5675.93,10993.02,2210.16
194400.00,979061038922.72,-1117458610144.04,-19522746724.74,-6901.07,4561.79,4397.23
201600.00,979018213804.41,-1117452386029.72,-19485438506.79,-4230.73,-2808.74,5741.27
208800.00,979010863037.36,-1117494187133.65,-19444529646.97,2812.20,-8154.37,5259.22
216000.00,979062802859.94,-1117557039491.53,-19414522119.91,11527.85,-8333.48,2823.75
223200.00,979170525964.50,-1117602293524.86,-19405458223.41,17747.28,-3648.00,-289.44
230400.00,979308257526.51,-1117605217282.59,-19417050593.32,19858.96,2912.75,-2766.46
237600.00,979448566727.64,-1117561685544.95,-19442651635.06,18676.85,8994.01,-4166.73
244800.00,979572382718.02,-1117479282493.63,-19474653296.41,15462.51,13628.82,-4573.90
252000.00,979668627396.45,-1117369548152.98,-19506597689.13,11138.18,16569.07,-4180.22
259200.00,979731601528.51,-1117244895824.13,-19533312060.80,6302.34,17763.26,-3141.71
266400.00,979759306012.94,-1117118124783.53,-19550569069.77,1416.98,17135.70,-1568.58
273600.00,979753171154.96,-1117002868777.03,-19554881404.96,-2992.89,14530.95,433.81
280800.00,979719286723.71,-1116913974918.49,-19543744473.91,-6118.76,9797.72,2678.01
288000.00,979671204202.77,-1116866408584.49,-19516748797.58,-6680.35,3151.84,4737.06
295200.00,979632849389.84,-1116869903001.64,-19477939697.20,-3212.92,-4000.63,5791.34
302400.00,979634893315.26,-1116917677256.12,-19438005323.81,4297.14,-8539.69,4945.53
309600.00,979696925603.84,-1116979823930.89,-19411079807.76,12725.73,-7799.20,2329.20
316800.00,979810821234.79,-1117019394213.84,-19405401866.98,18250.50,-2704.71,-702.66
324000.00,979949990828.04,-1117015594612.10,-19419326317.87,19799.11,3782.83,-2998.08
331200.00,980088663763.89,-1116966684381.48,-19445997883.24,18322.41,9606.28,-4240.61
338400.00,980209482072.01,-1116880854834.72,-19478123740.92,15008.83,13973.36,-4542.95
345600.00,980302458079.63,-1116769467740.47,-19509608041.09,10697.41,16692.55,-4089.77
352800.00,980362497824.63,-1116644553001.74,-19535560273.84,5935.46,17721.70,-3025.17
360000.00,980387932661.77,-1116518510939.42,-19551961397.73,1157.62,16983.61,-1451.11
367200.00,980380372687.91,-1116404582500.62,-19555487686.73,-3127.65,14323.90,531.44
374400.00,980345969729.45,-1116317190832.53,-19543773483.14,-6130.29,9598.93,2738.11
381600.00,980298152266.03,-1116270813556.18,-19516513702.38,-6605.62,3031.86,4750.01
388800.00,980260380542.47,-1116274734390.59,-19477749412.56,-3145.77,-3997.73,5771.29
396000.00,980262533341.98,-1116322177275.29,-19437941424.73,4247.49,-8470.68,4939.86
403200.00,980323750935.43,-1116384017457.91,-19410871968.46,12562.69,-7805.38,2377.34
410400.00,980436408273.28,-1116424157231.31,-19404679027.03,18090.84,-2858.22,-613.38
417600.00,980574756228.95,-1116421908480.12,-19417926862.59,19741.75,3515.91,-2905.57
424800.00,980713515372.32,-1116375125005.69,-19444016099.64,18406.72,9293.67,-4175.44
432000.00,980835470242.34,-1116291518244.01,-19475831649.55,15239.66,13678.43,-4524.60
439200.00,980930607534.97,-1116182018113.02,-19507393719.54,11064.56,16473.01,-4131.81
446400.00,980993719940.60,-1116058233959.93,-19533899616.39,6417.09,17638.19,-3138.71
453600.00,981022916466.80,-1115932094212.28,-19551401700.40,1711.26,17107.62,-1644.46
460800.00,981019364612.82,-1115816278011.09,-19556610521.90,-2587.62,14739.07,258.81
468000.00,980988332883.61,-1115724617039.67,-19547077445.93,-5771.16,10378.28,2413.05
475200.00,980941641458.53,-1115671340737.32,-19522109475.43,-6707.39,4147.28,4460.44
482400.00,980900550672.13,-1115666848848.73,-19484800963.98,-3999.43,-2862.52,5690.63
489600.00,980893933605.83,-1115707938874.25,-19444305270.41,2736.46,-7953.08,5223.15
496800.00,980943873725.38,-1115769633978.13,-19414059500.55,11076.42,-8286.64,2938.88
504000.00,981047907237.84,-1115816051276.69,-19403612729.26,17239.64,-4033.23,-34.85
511200.00,981182812219.74,-1115823185871.47,-19413197597.79,19620.88,2156.47,-2482.71
518400.00,981322857089.02,-1115785843123.62,-19436956420.20,18853.57,8065.43,-3951.99
