0.00,459272281806.71,-92916076680.51,25177061524.88,82.03,12827.34,-0.00
7200.00,459272857241.10,-92823716744.82,25177060691.49,77.81,12828.19,-0.23
14400.00,459273402297.15,-92731350683.67,25177058191.18,73.59,12829.05,-0.46
21600.00,459273916971.38,-92638978502.43,25177054023.78,69.37,12829.89,-0.69
28800.00,459274401260.31,-92546600206.52,25177048189.09,65.15,12830.74,-0.93
36000.00,459274855160.45,-92454215801.33,25177040686.93,60.93,12831.59,-1.16
43200.00,459275278668.31,-92361825292.25,25177031517.12,56.71,12832.44,-1.39
50400.00,459275671780.40,-92269428684.69,25177020679.46,52.48,12833.29,-1.62
57600.00,459276034493.23,-92177025984.06,25177008173.76,48.26,12834.13,-1.85
64800.00,459276366803.31,-92084617195.75,25176993999.86,44.04,12834.98,-2.08
72000.00,459276668707.15,-91992202325.17,25176978157.54,39.82,12835.82,-2.32
79200.00,459276940201.25,-91899781377.72,25176960646.64,35.59,12836.67,-2.55
86400.00,459277181282.13,-91807354358.81,25176941466.95,31.37,12837.51,-2.78
93600.00,459277391946.27,-91714921273.86,25176920618.31,27.14,12838.35,-3.01
100800.00,459277572190.19,-91622482128.26,25176898100.51,22.92,12839.19,-3.24
108000.00,459277722010.38,-91530036927.42,25176873913.37,18.69,12840.03,-3.48
115200.00,459277841403.36,-91437585676.77,25176848056.70,14.47,12840.87,-3.71
122400.00,459277930365.61,-91345128381.71,25176820530.32,10.24,12841.71,-3.94
129600.00,459277988893.63,-91252665047.65,25176791334.04,6.01,12842.55,-4.17
136800.00,459278016983.93,-91160195680.01,25176760467.66,1.78,12843.39,-4.40
144000.00,459278014633.00,-91067720284.21,25176727931.02,-2.44,12844.22,-4.64
151200.00,459277981837.33,-90975238865.66,25176693723.91,-6.67,12845.06,-4.87
158400.00,459277918593.41,-90882751429.78,25176657846.15,-10.90,12845.90,-5.10
165600.00,459277824897.74,-90790257981.99,25176620297.55,-15.13,12846.73,-5.33
172800.00,459277700746.81,-90697758527.71,25176581077.92,-19.36,12847.56,-5.56
180000.00,459277546137.12,-90605253072.37,25176540187.08,-23.59,12848.40,-5.80
187200.00,459277361065.14,-90512741621.38,25176497624.83,-27.82,12849.23,-6.03
194400.00,459277145527.36,-90420224180.17,25176453391.00,-32.05,12850.06,-6.26
201600.00,459276899520.28,-90327700754.17,25176407485.39,-36.29,12850.89,-6.49
208800.00,459276623040.38,-90235171348.80,25176359907.81,-40.52,12851.72,-6.72
216000.00,459276316084.14,-90142635969.49,25176310658.08,-44.75,12852.55,-6.96
223200.00,459275978648.05,-90050094621.66,25176259736.01,-48.99,12853.38,-7.19
230400.00,459275610728.58,-89957547310.76,25176207141.41,-53.22,12854.21,-7.42
237600.00,459275212322.22,-89864994042.20,25176152874.08,-57.45,12855.03,-7.65
244800.00,459274783425.45,-89772434821.43,25176096933.86,-61.69,12855.86,-7.89
252000.00,459274324034.75,-89679869653.87,25176039320.53,-65.93,12856.69,-8.12
259200.00,459273834146.59,-89587298544.97,25175980033.92,-70.16,12857.51,-8.35
266400.00,459273313757.45,-89494721500.15,25175919073.84,-74.40,12858.34,-8.58
273600.00,459272762863.80,-89402138524.85,25175856440.10,-78.63,12859.16,-8.82
280800.00,459272181462.12,-89309549624.52,25175792132.52,-82.87,12859.98,-9.05
288000.00,459271569548.89,-89216954804.59,25175726150.89,-87.11,12860.80,-9.28
295200.00,459270927120.56,-89124354070.51,25175658495.03,-91.35,12861.62,-9.51
302400.00,459270254173.62,-89031747427.70,25175589164.76,-95.59,12862.44,-9.75
309600.00,459269550704.53,-88939134881.63,25175518159.89,-99.83,12863.26,-9.98
316800.00,459268816709.76,-88846516437.73,25175445480.22,-104.07,12864.08,-10.21
324000.00,459268052185.77,-88753892101.45,25175371125.57,-108.31,12864.90,-10.44
331200.00,459267257129.04,-88661261878.23,25175295095.75,-112.55,12865.72,-10.68
338400.00,459266431536.02,-88568625773.53,25175217390.57,-116.79,12866.53,-10.91
345600.00,459265575403.18,-88475983792.79,25175138009.84,-121.03,12867.35,-11.14
352800.00,459264688726.99,-88383335941.47,25175056953.37,-125.27,12868.17,-11.37
360000.00,459263771503.89,-88290682225.00,25174974220.97,-129.52,12868.98,-11.61
367200.00,459262823730.36,-88198022648.86,25174889812.46,-133.76,12869.79,-11.84
374400.00,459261845402.85,-88105357218.49,25174803727.63,-138.00,12870.61,-12.07
381600.00,459260836517.82,-88012685939.35,25174715966.31,-142.25,12871.42,-12.31
388800.00,459259797071.72,-87920008816.89,25174626528.31,-146.49,12872.23,-12.54
396000.00,459258727061.01,-87827325856.57,25174535413.43,-150.74,12873.04,-12.77
403200.00,459257626482.14,-87734637063.85,25174442621.48,-154.98,12873.85,-13.00
410400.00,459256495331.57,-87641942444.20,25174348152.28,-159.23,12874.66,-13.24
417600.00,459255333605.74,-87549242003.07,25174252005.63,-163.48,12875.47,-13.47
424800.00,459254141301.11,-87456535745.92,25174154181.35,-167.72,12876.27,-13.70
432000.00,459252918414.13,-87363823678.22,25174054679.25,-171.97,12877.08,-13.94
439200.00,459251664941.25,-87271105805.44,25173953499.12,-176.22,12877.89,-14.17
446400.00,459250380878.90,-87178382133.04,25173850640.80,-180.47,12878.69,-14.40
453600.00,459249066223.55,-87085652666.48,25173746104.08,-184.72,12879.50,-14.64
460800.00,459247720971.62,-86992917411.25,25173639888.77,-188.97,12880.30,-14.87
468000.00,459246345119.57,-86900176372.80,25173531994.69,-193.22,12881.10,-15.10
475200.00,459244938663.83,-86807429556.61,25173422421.65,-197.47,12881.90,-15.34
482400.00,459243501600.86,-86714676968.15,25173311169.44,-201.72,12882.71,-15.57
489600.00,459242033927.08,-86621918612.90,25173198237.89,-205.97,12883.51,-15.80
496800.00,459240535638.93,-86529154496.33,25173083626.81,-210.22,12884.31,-16.04
504000.00,459239006732.86,-86436384623.91,25172967335.99,-214.48,12885.10,-16.27
511200.00,459237447205.30,-86343609001.13,25172849365.26,-218.73,12885.90,-16.50
518400.00,459235857052.68,-86250827633.46,25172729714.42,-222.98,12886.70,-16.74
