0.00,977895237756.69,-1118856066025.29,-19496318618.42,3269.86,21117.56,0.18
426082.00,980749783897.86,-1116237160318.73,-19491178409.49,14647.19,18840.94,-1824.86
852164.00,983450089743.02,-1113366491746.34,-19470670923.47,-10711.12,-4305.27,3347.97
1278246.00,986245921339.08,-1110732883824.25,-19457602174.73,4753.89,-15512.80,1187.08
1704328.00,989207615806.64,-1107896825730.54,-19481313873.63,-11349.76,6551.43,3023.92
2130410.00,992103214143.00,-1105390884638.33,-19481429746.64,20047.76,13088.62,-2512.15
2556492.00,994999583687.79,-1102513754640.72,-19497247651.76,3843.28,20110.78,-67.08
2982574.00,997824286352.88,-1099761116610.90,-19496799458.38,3812.54,19968.62,-57.13
3408656.00,1000587137773.65,-1097132017068.32,-19481829811.99,18512.18,14244.35,-2304.86
3834738.00,1003240975447.09,-1094150211500.79,-19463365326.35,-9276.25,-5196.65,3127.57
4260820.00,1006144004822.36,-1091610619622.00,-19469925346.55,21595.58,8685.27,-2607.71
4686902.00,1009037721151.45,-1088755855434.22,-19488292810.36,12432.56,18185.22,-1443.33
5112984.00,1011825504922.30,-1085963556026.77,-19487112057.40,12272.07,18134.79,-1415.18
5539066.00,1014513957709.58,-1083235496184.60,-19467461356.23,20665.41,9900.99,-2504.74
5965148.00,1017122237947.65,-1080226953018.62,-19446337972.35,-2870.92,-11546.09,2290.06
6391230.00,1020154775170.70,-1077503126556.98,-19485872787.42,8725.77,18923.86,-855.67
6817312.00,1022691215975.78,-1074527378563.22,-19452942102.55,-9591.13,-2895.30,3075.20
7243394.00,1025444502112.75,-1071944048169.53,-19441798558.23,21342.52,-1762.52,-2167.85
7669476.00,1028307216771.91,-1069116735670.10,-19459364357.75,19468.83,11019.84,-2356.39
8095558.00,1031054651392.26,-1066264200712.21,-19459567753.89,18577.83,12203.60,-2254.61
8521640.00,1033699060739.77,-1063421870938.90,-19442630156.35,21439.57,4883.09,-2450.40
8947722.00,1036278260338.42,-1060399772659.48,-19422804765.29,5557.51,-13420.53,931.58
9373804.00,1039239408773.99,-1057419393728.87,-19466272779.72,-4260.93,15261.67,1457.16
9799886.00,1041898588260.68,-1054802819946.82,-19445555159.78,18946.56,11035.75,-2278.33
10225968.00,1044565578307.82,-1051616286476.52,-19449486491.08,-8601.94,9576.22,2404.19
10652050.00,1047185410571.46,-1049025179715.94,-19422807889.02,21153.86,2715.82,-2327.22
11078132.00,1050065318878.79,-1045993610001.19,-19458071179.07,7785.32,18284.36,-692.76
11504214.00,1052654167938.17,-1042921038102.58,-19446849162.87,-5794.32,13517.17,1773.08
11930296.00,1055166335777.48,-1039995035679.71,-19417810403.42,-9570.47,-518.34,2952.37
12356378.00,1057755076344.45,-1037123742458.83,-19400572418.22,-4419.64,-9097.41,2419.96
12782460.00,1060408921821.06,-1034179601516.65,-19397718245.92,-5436.86,-8065.24,2548.30
13208542.00,1063134390356.40,-1031179142283.73,-19410149379.58,-9816.73,2563.22,2866.47
13634624.00,1065920505866.13,-1028261107752.34,-19430383581.88,-3940.48,14973.69,1394.94
14060706.00,1068605862093.53,-1025474635867.30,-19429372908.76,8832.63,17708.02,-858.70
14486788.00,1071016747993.82,-1022630941035.17,-19385617800.40,20436.71,3520.13,-2256.41
14912870.00,1073636024883.45,-1019326624715.93,-19395406366.20,-9562.61,4875.78,2725.25
15338952.00,1076415277953.15,-1016603843818.77,-19410504895.73,11809.55,16476.37,-1316.48
15765034.00,1078708812278.16,-1013428764067.92,-19362526112.33,-4661.42,-8375.09,2412.91
16191116.00,1081588363411.37,-1010631759658.80,-19399029184.09,12341.21,16094.43,-1394.30
16617198.00,1084014724425.08,-1007355316829.75,-19379214038.17,-8952.83,7272.30,2520.21
17043280.00,1086519988908.58,-1004682918006.19,-19349855776.80,20008.47,1561.17,-2120.75
17469362.00,1089317553091.14,-1001559677630.68,-19388140035.91,9338.53,17217.49,-939.98
17895444.00,1091804809654.60,-998336922094.19,-19379107086.78,-4059.05,14532.58,1411.32
18321526.00,1094130120394.96,-995299392783.65,-19336533611.25,-8275.33,-2922.77,2792.38
18747608.00,1096599214444.52,-992456398302.13,-19311713269.67,11683.69,-10411.19,-269.12
19173690.00,1099210750187.46,-989513438037.14,-19315356944.26,19345.46,-619.08,-1935.86
19599772.00,1101785767466.85,-986481162449.80,-19317431714.12,19626.56,4193.05,-2171.96
20025854.00,1104299394791.51,-983421274176.85,-19311222979.62,19547.87,4439.29,-2169.59
20451936.00,1106752330402.85,-980335416544.48,-19296658494.38,19364.92,389.73,-1984.96
20878018.00,1109159693176.09,-977173578469.91,-19278568589.45,13830.98,-8721.84,-706.88
21304100.00,1111667578095.60,-973892549800.52,-19282654239.26,-5758.01,-6592.12,2493.97
21730182.00,1114358178087.11,-970744627628.66,-19313353836.33,-6580.65,11648.26,1924.90
22156264.00,1116958126187.66,-967804497013.91,-19321809618.12,4528.75,17525.43,-166.20
22582346.00,1119310349659.48,-964889735719.23,-19288585277.33,16268.28,11858.20,-1919.14
23008428.00,1121483257925.79,-961597061562.07,-19241072388.59,5526.37,-11419.11,776.68
23434510.00,1124266075857.13,-958353807415.25,-19294652253.92,-2296.84,15500.54,1049.58
23860592.00,1126660181688.72,-955524983796.83,-19268239357.74,15495.82,12599.47,-1824.59
24286674.00,1128857720532.86,-952073491908.23,-19233838982.75,-7639.27,-3516.82,2671.64
24712756.00,1131602614187.46,-949132905557.76,-19272397936.25,8202.66,16981.85,-774.34
25138838.00,1133617611206.03,-945914095222.92,-19200538515.11,4343.83,-11192.56,952.14
25564920.00,1136421791122.20,-942810534990.34,-19257292596.13,7157.73,17155.11,-609.64
25991002.00,1138436150669.09,-939515908671.77,-19190143061.09,-3338.79,-8413.44,2126.89
26417084.00,1141156956662.68,-936575141413.37,-19228872905.42,12357.15,15041.43,-1403.99
26843166.00,1143430222362.54,-933076262211.47,-19214834559.03,-6931.03,10948.67,1981.86
27269248.00,1145643982041.04,-930254270785.49,-19166175583.81,18423.59,139.03,-1855.07
27695330.00,1148306017943.02,-926949566710.14,-19211896905.17,8152.65,16824.26,-774.22
28121412.00,1150513936277.85,-923502350373.23,-19188120928.49,-6757.68,11187.44,1936.05
28547494.00,1152600148808.55,-920549132573.89,-19126184189.68,11228.20,-9267.40,-297.88
28973576.00,1155213842273.96,-917467779332.39,-19158358388.47,15833.68,11446.93,-1862.28
29399658.00,1157667798959.52,-914088362798.67,-19176427806.46,6594.57,17059.34,-531.53
29825740.00,1159921317735.92,-910690468753.95,-19162457420.06,-2589.16,15167.18,1076.79
30251822.00,1162040170741.37,-907399715214.54,-19123004620.22,-9030.56,5142.25,2534.14
30677904.00,1164175617864.44,-904300208176.16,-19080183679.78,11.24,-9856.94,1588.37
31103986.00,1166499460600.12,-901237239136.95,-19068399403.14,15325.94,-5456.17,-1145.93
