0.00,653118991631.83,-380886951619.49,-10773692768.16,5062.86,14388.61,-0.21
100000.00,653620056991.31,-379449329412.63,-10774515295.89,4955.83,14362.76,-16.68
200000.00,654110436927.47,-378014417086.90,-10776993898.77,4849.17,14334.34,-33.33
300000.00,654590170042.36,-376582474258.94,-10781145077.42,4742.91,14303.30,-50.14
400000.00,655059299420.51,-375153764677.52,-10786985002.34,4637.11,14269.60,-67.11
500000.00,655517872898.29,-373728556428.04,-10794529495.40,4531.81,14233.20,-84.23
600000.00,655965943414.55,-372307122108.66,-10803793987.62,4427.07,14194.05,-101.51
700000.00,656403569403.95,-370889739018.00,-10814793470.64,4322.95,14152.10,-118.94
800000.00,656830815227.17,-369476689368.42,-10827542448.13,4219.50,14107.30,-136.50
900000.00,657247751577.14,-368068260513.23,-10842054899.68,4116.79,14059.60,-154.21
1000000.00,657654455913.60,-366664745131.40,-10858344232.87,4014.89,14008.95,-172.04
1100000.00,658051012972.27,-365266441376.15,-10876423214.13,3913.88,13955.28,-190.00
1200000.00,658437515360.07,-363873653020.95,-10896303883.13,3813.84,13898.55,-208.08
1300000.00,658814064161.10,-362486689670.04,-10917997483.19,3714.85,13838.69,-226.26
1400000.00,659180769496.44,-361105866954.20,-10941514405.03,3617.01,13775.65,-244.55
1500000.00,659537751149.13,-359731506626.21,-10966864099.53,3520.42,13709.35,-262.92
1600000.00,659885139304.86,-358363936588.28,-10994054955.60,3425.19,13639.75,-281.37
1700000.00,660223075397.29,-357003490900.42,-11023094158.68,3331.44,13566.77,-299.89
1800000.00,660551713015.29,-355650509819.74,-11053987552.66,3239.29,13490.36,-318.45
1900000.00,660871218810.19,-354305339864.23,-11086739517.13,3148.87,13410.45,-337.06
2000000.00,661181773398.33,-352968333825.09,-11121352841.29,3060.33,13326.98,-355.68
2100000.00,661483572322.09,-351639850652.22,-11157828564.92,2973.83,13239.89,-374.30
2200000.00,661776827148.42,-350320255210.59,-11196165774.96,2889.54,13149.13,-392.90
2300000.00,662061766689.09,-349009918006.49,-11236361388.24,2807.62,13054.63,-411.46
2400000.00,662338638248.40,-347709214896.68,-11278409940.15,2728.27,12956.34,-429.96
2500000.00,662607708902.98,-346418526694.78,-11322303357.22,2651.71,12854.23,-448.35
2600000.00,662869266854.79,-345138238645.25,-11368030701.69,2578.13,12748.24,-466.63
2700000.00,663123622863.34,-343868739762.96,-11415577890.14,2507.79,12638.34,-484.74
2800000.00,663371111746.75,-342610422029.83,-11464927388.38,2440.92,12524.51,-502.66
2900000.00,663612093938.46,-341363679427.35,-11516057881.81,2377.79,12406.74,-520.35
3000000.00,663846957097.95,-340128906772.39,-11568943917.12,2318.69,12285.02,-537.76
3100000.00,664076117788.14,-338906498340.62,-11623555515.97,2263.90,12159.36,-554.84
3200000.00,664300023211.77,-337696846305.77,-11679857773.45,2213.75,12029.80,-571.55
3300000.00,664519152943.56,-336500339013.86,-11737810452.51,2168.57,11896.38,-587.83
3400000.00,664734020587.42,-335317359018.17,-11797367561.89,2128.70,11759.17,-603.62
3500000.00,664945175357.53,-334148280746.09,-11858476894.63,2094.52,11618.27,-618.85
3600000.00,665153203629.34,-332993467759.40,-11921079528.48,2066.39,11473.80,-633.46
3700000.00,665358730437.41,-331853269678.99,-11985109314.73,2044.71,11325.91,-647.36
3800000.00,665562420820.96,-330728018785.15,-12050492368.11,2029.90,11174.81,-660.49
3900000.00,665764980954.34,-329618026238.74,-12117146555.54,2022.36,11020.71,-672.75
4000000.00,665967159025.29,-328523577907.64,-12184980989.95,2022.52,10863.91,-684.05
4100000.00,666169745799.54,-327444929817.23,-12253895542.34,2030.81,10704.71,-694.31
4200000.00,666373574778.20,-326382303237.17,-12323780384.80,2047.65,10543.49,-703.41
4300000.00,666579521849.30,-325335879399.63,-12394515575.44,2073.47,10380.69,-711.27
4400000.00,666788504348.95,-324305793857.43,-12465970698.32,2108.66,10216.78,-717.76
4500000.00,667001479449.28,-323292130524.36,-12538004576.85,2153.62,10052.33,-722.79
4600000.00,667219441779.81,-322294915468.10,-12610465081.88,2208.72,9887.93,-726.24
4700000.00,667443420181.38,-321314110544.21,-12683189057.12,2274.26,9724.26,-728.00
4800000.00,667674473492.58,-320349606972.76,-12756002386.25,2350.52,9562.07,-727.96
4900000.00,667913685291.61,-319401218970.08,-12828720228.60,2437.73,9402.14,-726.02
