0.00,977652268687.25,-1118795636941.21,-19505047119.44,-3104.39,-4894.88,37.84
432000.00,980532030781.22,-1116369125607.03,-19461210081.29,18188.07,4119.90,2297.69
864000.00,983794186450.55,-1113297262735.28,-19448117349.91,4480.02,20540.55,-2541.41
1296000.00,985944345074.02,-1110786035351.67,-19536216575.96,10747.08,743.17,1557.64
1728000.00,989580973110.89,-1107659736080.34,-19462173925.77,1973.31,18163.40,-2594.25
2160000.00,991975984842.08,-1104539566576.74,-19596216528.37,-620.55,6788.65,-1291.65
2592000.00,994717502800.90,-1101719676089.77,-19622573523.71,202.57,5799.64,-993.57
3024000.00,997771993373.48,-1098906431818.84,-19591902734.75,-630.72,8252.96,-1504.64
3456000.00,1001108512666.65,-1096601078616.77,-19432740870.29,5341.72,19349.96,-2179.35
3888000.00,1003011588826.16,-1094294705585.54,-19515133958.60,12453.44,3574.01,1453.68
4320000.00,1005426527024.89,-1090827389803.12,-19685442019.43,5738.65,2709.15,448.58
4752000.00,1008922288787.29,-1087514368141.74,-19645275539.64,472.88,7097.45,-1114.16
5184000.00,1011515324096.44,-1085900158504.71,-19495899164.39,12967.11,4489.54,1419.88
5616000.00,1013824882806.13,-1082066093777.65,-19731499871.97,4331.00,3698.87,85.61
6048000.00,1018085100216.19,-1079754382563.85,-19401103327.30,8691.66,19737.64,-1766.27
6480000.00,1019228355970.13,-1076612647431.63,-19722525836.28,6111.58,3364.20,476.19
6912000.00,1023523873756.93,-1073500707728.08,-19508580346.39,293.08,14029.68,-2229.34
7344000.00,1024700362174.66,-1070862138695.95,-19736795300.69,6177.20,3567.81,467.04
7776000.00,1029250710911.08,-1068070493878.38,-19422502378.58,4294.47,18647.41,-2300.37
8208000.00,1030195919571.02,-1064833258177.04,-19774973050.32,4965.73,4101.96,218.38
8640000.00,1033860084821.32,-1063076338002.10,-19432912102.73,13504.03,6206.78,1236.57
9072000.00,1036044339631.81,-1058639154170.39,-19781442994.60,2816.51,5507.97,-352.56
9504000.00,1038392930370.34,-1056771652654.15,-19663265667.76,8245.52,3876.87,809.07
9936000.00,1042818025937.19,-1053028588857.62,-19539069343.64,653.08,12732.90,-2013.37
10368000.00,1043793856973.17,-1049992918588.96,-19839367007.81,4422.86,4698.05,89.58
10800000.00,1046699105230.89,-1048202604843.48,-19593491620.32,9497.20,4168.27,1019.61
11232000.00,1050638783767.33,-1043947921480.52,-19633804833.22,588.66,9881.19,-1481.01
11664000.00,1051788352572.69,-1041173327885.33,-19848944052.69,4648.13,4762.90,136.64
12096000.00,1054684685381.70,-1039312014082.42,-19607614295.23,9145.17,4304.50,960.16
12528000.00,1058921865488.82,-1035182201921.09,-19568701082.45,396.76,11493.95,-1797.61
12960000.00,1059875554052.90,-1032104062229.74,-19863617845.12,4075.26,5211.21,-17.75
13392000.00,1062390279869.36,-1030105641796.80,-19699911168.30,7727.14,4350.49,744.13
13824000.00,1067163247778.49,-1027445158604.37,-19290625824.50,14147.52,15488.81,-293.64
14256000.00,1068272609621.67,-1022818283231.73,-19839772627.62,2716.07,6391.03,-436.88
14688000.00,1070105026667.79,-1020492561384.59,-19839019208.82,5727.19,4733.61,367.29
15120000.00,1073340914981.30,-1018507964529.71,-19544315555.89,9695.81,4836.83,996.79
15552000.00,1077511981121.97,-1014089230436.34,-19550873438.90,584.82,11567.26,-1729.20
15984000.00,1078387010012.95,-1010762126954.44,-19883018510.59,3525.10,5900.04,-184.92
16416000.00,1080476130062.23,-1008497608742.22,-19816694122.63,6164.33,4797.38,454.54
16848000.00,1083866858336.04,-1006437653855.17,-19499204330.18,10020.38,5135.28,1019.55
17280000.00,1087887479735.71,-1001830297784.04,-19555343454.79,618.40,11186.73,-1624.99
17712000.00,1088753815003.20,-998459367360.34,-19884789025.54,3372.36,6154.68,-229.40
18144000.00,1090713999270.16,-996075608769.41,-19849692801.61,5693.20,5068.46,355.22
18576000.00,1093753804966.81,-993951341925.74,-19589030069.12,8636.46,4965.77,855.36
19008000.00,1098696870054.67,-990577823014.61,-19253546109.24,8619.26,18938.51,-1765.03
19440000.00,1099451337087.50,-985966542807.48,-19822116371.95,2407.85,7151.44,-544.55
19872000.00,1100977073303.45,-983269809271.31,-19903954498.99,4574.77,5612.77,100.16
20304000.00,1103397702418.93,-980985816848.35,-19761244357.30,6699.35,5068.40,551.31
20736000.00,1106937490741.97,-978754606054.02,-19425416073.72,10169.18,5630.72,1011.01
21168000.00,1110957715073.95,-973963972731.37,-19490152505.06,643.56,11783.42,-1668.99
21600000.00,1111714315880.22,-970309161752.01,-19863405829.98,2898.63,6833.82,-371.03
22032000.00,1113371609939.29,-967636547829.17,-19904600860.34,4727.32,5708.18,141.04
22464000.00,1115803127549.35,-965286973928.37,-19757846592.02,6590.78,5250.58,532.95
22896000.00,1119202545103.16,-962999531102.96,-19441100095.77,9500.46,5587.02,943.66
23328000.00,1123775530322.79,-958605256912.98,-19328838381.60,1345.49,15040.99,-2134.87
23760000.00,1124369986318.36,-954438993201.51,-19809465505.67,2410.44,7424.26,-526.03
24192000.00,1125796940720.07,-951554668511.34,-19912660480.51,4125.12,6133.46,-1.48
24624000.00,1127912429560.78,-949042543234.60,-19832474124.46,5683.90,5567.24,361.88
25056000.00,1130759870293.12,-946687315248.73,-19602386795.20,7628.34,5421.86,708.17
25488000.00,1134781601935.59,-944154533021.36,-19214303704.98,11807.12,7157.29,1058.75
25920000.00,1137667930785.83,-938710643357.61,-19552593396.81,968.26,9926.50,-1192.95
26352000.00,1138530327316.21,-935190419191.46,-19850945961.52,2901.31,7092.14,-343.47
26784000.00,1140100282011.82,-932347634551.78,-19905558534.18,4327.32,6184.23,62.53
27216000.00,1142260983419.63,-929784770303.66,-19809990250.57,5695.61,5731.78,373.50
27648000.00,1145068560245.67,-927351504656.93,-19583538195.50,7411.22,5599.65,679.83
28080000.00,1148878142456.07,-924805427288.63,-19214941625.79,10806.16,6690.30,1025.04
28512000.00,1152364146438.63,-919493779599.51,-19415488902.96,626.81,11284.99,-1462.26
28944000.00,1153044589118.46,-915651713427.01,-19785809200.49,2462.62,7599.63,-468.33
29376000.00,1154409189184.02,-912615466290.69,-19892104312.47,3801.01,6592.10,-57.81
29808000.00,1156306406103.74,-909888142607.93,-19852100904.23,4980.09,6083.50,233.41
30240000.00,1158727502337.53,-907325209222.14,-19694392183.89,6272.40,5819.31,496.68
30672000.00,1161800569113.91,-904815349966.31,-19419459399.27,8117.55,5891.60,785.04
31104000.00,1166099550375.87,-901927976506.20,-19016555454.79,12862.54,9134.34,940.33
