0.00,670048335761.19,-397777536878.27,427103204.34,5994.46,10352.45,106.51
432000.00,672611477844.45,-393290763862.42,468725493.83,5871.59,10419.92,86.11
864000.00,675121625774.96,-388774784429.42,501528622.38,5749.12,10487.66,65.68
1296000.00,677578946581.49,-384229484114.86,525501701.75,5627.02,10555.66,45.23
1728000.00,679983604354.36,-379654754303.98,540637134.78,5505.31,10623.91,24.77
2160000.00,682335760305.21,-375050491993.26,546930519.83,5383.96,10692.39,4.30
2592000.00,684635572804.63,-370416599531.52,544380530.38,5262.98,10761.08,-16.17
3024000.00,686883197423.78,-365752984400.46,532988818.93,5142.35,10829.99,-36.63
3456000.00,689078786968.60,-361059558956.43,512759900.84,5022.07,10899.09,-57.08
3888000.00,691222491512.92,-356336240213.43,483701057.12,4902.14,10968.38,-77.51
4320000.00,693314458428.69,-351582949590.46,445822218.76,4782.55,11037.85,-97.92
4752000.00,695354832423.13,-346799612686.81,399135872.03,4663.29,11107.49,-118.29
5184000.00,697343755569.60,-341986159009.11,343656935.14,4544.35,11177.28,-138.62
5616000.00,699281367348.37,-337142521760.93,279402678.21,4425.73,11247.22,-158.91
6048000.00,701167804689.06,-332268637534.35,206392590.03,4307.43,11317.31,-179.16
6480000.00,703003202029.21,-327364446075.44,124648294.58,4189.44,11387.53,-199.35
6912000.00,704787691364.65,-322429890002.50,34193442.01,4071.75,11457.89,-219.48
7344000.00,706521402323.28,-317464914484.14,-64946406.56,3954.35,11528.37,-239.56
7776000.00,708204462249.79,-312469466983.63,-172743850.57,3837.25,11598.96,-259.56
8208000.00,709836996302.03,-307443496883.33,-289169787.95,3720.44,11669.67,-279.50
8640000.00,711419127562.38,-302386955227.26,-414193460.46,3603.90,11740.50,-299.37
9072000.00,712950977143.57,-297299794285.37,-547782615.02,3487.65,11811.43,-319.16
9504000.00,714432664386.37,-292181967257.10,-689903518.79,3371.67,11882.47,-338.86
9936000.00,715864306975.30,-287033427852.85,-840521102.99,3255.96,11953.62,-358.49
10368000.00,717246021162.68,-281854129906.04,-999599012.08,3140.52,12024.87,-378.03
10800000.00,718577921964.60,-276644026930.69,-1167099702.69,3025.35,12096.23,-397.48
11232000.00,719860123423.03,-271403071691.78,-1342984493.90,2910.43,12167.71,-416.85
11664000.00,721092738869.04,-266131215712.49,-1527213656.44,2795.78,12239.29,-436.12
12096000.00,722275881250.18,-260828408816.43,-1719746431.63,2681.39,12311.00,-455.29
12528000.00,723409663415.51,-255494598570.72,-1920541130.42,2567.26,12382.83,-474.36
12960000.00,724494198576.04,-250129729712.38,-2129555152.22,2453.40,12454.79,-493.34
13392000.00,725529600687.37,-244733743644.41,-2346744983.12,2339.80,12526.89,-512.21
13824000.00,726515984901.87,-239306577726.60,-2572066291.27,2226.46,12599.14,-530.99
14256000.00,727453468160.48,-233848164684.76,-2805473859.92,2113.41,12671.56,-549.65
14688000.00,728342169674.33,-228358431919.11,-3046921617.10,2000.62,12744.15,-568.21
15120000.00,729182211634.75,-222837300689.61,-3296362646.04,1888.13,12816.92,-586.66
15552000.00,729973719938.41,-217284685448.62,-3553749069.56,1775.93,12889.91,-604.99
15984000.00,730716824894.47,-211700492972.38,-3819032051.81,1664.05,12963.12,-623.21
16416000.00,731411662144.69,-206084621437.78,-4092161732.49,1552.48,13036.57,-641.32
16848000.00,732058373626.92,-200436959568.52,-4373087063.76,1441.24,13110.30,-659.30
17280000.00,732657108582.04,-194757385580.47,-4661755733.98,1330.37,13184.32,-677.17
17712000.00,733208024792.14,-189045766132.56,-4958113985.25,1219.87,13258.67,-694.90
18144000.00,733711289848.36,-183301955215.60,-5262106417.51,1109.77,13333.36,-712.51
18576000.00,734167082614.56,-177525792935.08,-5573675754.58,1000.09,13408.45,-729.98
19008000.00,734575594808.51,-171717104250.80,-5892762546.51,890.88,13483.96,-747.31
19440000.00,734937032773.05,-165875697533.87,-6219304875.80,782.17,13559.93,-764.49
19872000.00,735251619550.86,-160001363127.26,-6553237921.60,673.99,13636.41,-781.52
20304000.00,735519597029.71,-154093871877.71,-6894493442.36,566.39,13713.44,-798.39
20736000.00,735741228367.61,-148152973308.62,-7242999324.09,459.43,13791.08,-815.09
21168000.00,735916800910.47,-142178393824.14,-7598678916.88,353.17,13869.38,-831.60
21600000.00,736046629272.22,-136169834989.50,-7961450172.55,247.67,13948.41,-847.92
22032000.00,736131058678.35,-130126971356.46,-8331224845.04,143.01,14028.22,-864.02
22464000.00,736170469109.71,-124049448160.28,-8707907505.19,39.27,14108.88,-879.89
22896000.00,736165279772.40,-117936879373.90,-9091394137.41,-63.45,14190.48,-895.52
23328000.00,736115953859.78,-111788845162.77,-9481570786.13,-165.05,14273.09,-910.86
23760000.00,736023004436.20,-105604889062.72,-9878311997.85,-265.39,14356.80,-925.90
24192000.00,735887001058.24,-99384515614.81,-10281478701.34,-364.34,14441.71,-940.60
24624000.00,735708576899.75,-93127187720.00,-10690915837.03,-461.75,14527.91,-954.92
25056000.00,735488437188.02,-86832323493.71,-11106449747.45,-557.43,14615.51,-968.82
25488000.00,735227369050.83,-80499293565.07,-11527884875.39,-651.19,14704.63,-982.23
25920000.00,734926252365.68,-74127418623.35,-11954999799.83,-742.79,14795.38,-995.10
26352000.00,734586072189.92,-67715966492.18,-12387542776.98,-831.99,14887.88,-1007.35
26784000.00,734207933619.49,-61264149563.23,-12825226399.11,-918.47,14982.28,-1018.88
27216000.00,733793078518.68,-54771123402.21,-13267720989.24,-1001.90,15078.70,-1029.60
27648000.00,733342904510.38,-48235985426.14,-13714646939.41,-1081.90,15177.27,-1039.37
28080000.00,732858987557.32,-41657774511.66,-14165565596.29,-1158.02,15278.14,-1048.05
28512000.00,732343107731.54,-35035472953.37,-14619968127.64,-1229.77,15381.42,-1055.46
28944000.00,731797278516.99,-28368010153.34,-15077262303.46,-1296.56,15487.24,-1061.39
29376000.00,731223781189.18,-21654268869.17,-15536756745.30,-1357.73,15595.70,-1065.60
29808000.00,730625204564.51,-14893096315.57,-15997641885.15,-1412.51,15706.85,-1067.77
30240000.00,730004489843.26,-8083321570.38,-16458967075.68,-1460.04,15820.72,-1067.56
30672000.00,729364981752.41,-1223779785.10,-16919613297.12,-1499.31,15937.25,-1064.54
31104000.00,728710487390.31,5686652704.72,-17378260497.11,-1529.19,16056.29,-1058.20
