0.00,2196785159225.52,1972197571536.87,-21210672576.55,-13091.26,6657.06,88.43
432000.00,2194662866920.57,1974294401821.05,-21098469681.52,-2986.73,5214.67,5914.52
864000.00,2192978199045.13,1976264398076.36,-21177495290.81,-6085.10,4283.64,-5609.73
1296000.00,2191014926669.05,1978312158116.80,-21128307187.10,-4566.14,3965.21,-5424.85
1728000.00,2188703584880.42,1980453257634.19,-20950331759.21,-502.00,4203.61,2776.64
2160000.00,2186967731974.00,1982387067230.26,-21317807911.83,-8455.50,5133.59,-3202.86
2592000.00,2184575623818.90,1984536226922.95,-21176852059.56,-5269.01,5496.54,4490.84
3024000.00,2182747111271.98,1986578897798.13,-20881716805.99,-341.18,3963.43,1438.39
3456000.00,2180984420814.43,1988559309944.78,-20908682026.42,-1028.24,3535.24,-2666.94
3888000.00,2179074812643.07,1990559074944.53,-21014303484.10,-2882.46,3735.23,-4150.61
4320000.00,2177090258474.78,1992582770921.66,-21051484199.08,-3537.16,3851.16,-4325.91
4752000.00,2175072255887.46,1994624133670.93,-20998872730.34,-2850.21,3741.57,-3975.17
5184000.00,2172984281773.72,1996687389790.23,-20884408275.22,-1389.69,3594.19,-2663.70
5616000.00,2170774651101.96,1998770143228.65,-20807348008.86,-571.40,3789.07,66.30
6048000.00,2168505698555.49,2000837139928.09,-20919848365.24,-2089.75,4543.19,3066.78
6480000.00,2166413317547.52,2002832493022.99,-21245141972.59,-5840.86,5459.79,3674.89
6912000.00,2164695108408.31,2004754474132.42,-21481307198.01,-8626.85,5573.55,95.10
7344000.00,2163036906956.87,2006734437258.37,-21191613834.86,-5479.90,4277.70,-4097.90
7776000.00,2160733458982.20,2008874029490.46,-20773008937.00,-843.95,3729.72,-592.03
8208000.00,2158280452663.73,2010940847189.93,-21093830366.02,-4221.03,5081.24,3711.17
8640000.00,2156623894953.14,2012814759423.29,-21506008362.24,-8521.69,5481.20,-237.11
9072000.00,2154927292822.88,2014828890244.38,-20965184567.09,-3091.87,3791.82,-3604.84
9504000.00,2152262363441.21,2016992227713.82,-20883465270.06,-2330.07,4520.44,2840.13
9936000.00,2150409873869.89,2018872359354.66,-21511313333.51,-8260.44,5565.56,899.10
10368000.00,2148841331734.88,2020851890913.59,-20961857192.15,-3193.64,3804.34,-3557.90
10800000.00,2146084842842.74,2023017922266.92,-20954883490.79,-3124.47,4735.02,3226.03
11232000.00,2144491798570.33,2024841159089.89,-21524020504.38,-8326.82,5300.57,-975.65
11664000.00,2142514414055.95,2026937555802.41,-20739952047.40,-1319.96,3681.97,-1330.85
12096000.00,2139938438693.67,2028973449195.08,-21321804184.59,-6252.75,5397.95,3096.74
12528000.00,2138681021490.83,2030816896139.87,-21161345486.51,-5157.81,4178.37,-3815.48
12960000.00,2135865599711.62,2033020616032.36,-20893094229.79,-2816.99,4595.13,2917.79
13392000.00,2134344274128.78,2034808519427.06,-21513646547.33,-8042.89,5114.12,-1653.12
13824000.00,2132055151413.85,2036967760346.33,-20690877990.87,-1287.29,3913.29,570.24
14256000.00,2129916951166.93,2038855143617.00,-21548650969.23,-8043.41,5475.48,1002.14
14688000.00,2128217988599.14,2040877591265.42,-20727800367.47,-1653.77,3665.34,-1699.71
15120000.00,2125603347212.38,2042888071677.65,-21431067486.82,-6983.28,5434.24,2474.47
15552000.00,2124251506186.61,2044793756449.31,-20855797812.18,-2751.93,3720.30,-2973.93
15984000.00,2121392417910.98,2046889259126.47,-21306985420.87,-6019.60,5287.33,3040.17
16416000.00,2120184042967.12,2048725878139.14,-20961113998.89,-3644.22,3843.21,-3436.21
16848000.00,2117229100299.42,2050862654320.86,-21235724728.80,-5504.65,5180.93,3181.23
17280000.00,2116066185716.70,2052668865636.44,-20999490349.13,-3987.99,3897.14,-3517.82
17712000.00,2113079266367.19,2054813840505.88,-21231659745.31,-5477.82,5160.65,3160.06
18144000.00,2111919553762.68,2056618995252.21,-20962989739.55,-3759.04,3849.43,-3413.11
18576000.00,2108940093272.98,2058743580230.20,-21293745007.50,-5894.81,5220.93,3007.47
19008000.00,2107730078472.18,2060578289928.11,-20859464735.78,-3057.13,3735.53,-3027.94
19440000.00,2104835849665.12,2062648142401.43,-21409884665.93,-6661.86,5320.65,2579.38
19872000.00,2103459529271.06,2064550895591.40,-20720058992.74,-2151.65,3650.58,-2112.56
20304000.00,2100806459900.28,2066523709345.89,-21543703079.42,-7561.52,5377.35,1633.93
20736000.00,2099076775796.13,2068533792855.54,-20615702932.21,-1564.88,3728.23,-544.78
21168000.00,2096879610746.59,2070375172719.34,-21616201564.46,-8123.33,5259.74,-16.72
21600000.00,2094607764276.84,2072507200559.61,-20646045453.99,-1896.33,4056.98,1352.79
22032000.00,2093013254490.67,2074228388066.71,-21509838213.32,-7559.22,4825.13,-2136.45
22464000.00,2090167172580.80,2076436089145.10,-20878325477.83,-3401.23,4585.70,2809.86
22896000.00,2089029253617.09,2078132753236.97,-21155671753.89,-5281.24,4117.87,-3474.11
23328000.00,2085927040276.66,2080288672179.42,-21265441994.49,-5715.67,5110.37,2950.78
23760000.00,2084687486870.33,2082118602830.66,-20719226223.46,-2471.44,3642.55,-2312.55
24192000.00,2082012333530.10,2084066991168.76,-21594010785.08,-7755.59,5305.29,1177.80
24624000.00,2080012164953.84,2086126778153.16,-20583616621.47,-1777.08,3903.88,736.22
25056000.00,2078312531039.54,2087842587157.68,-21529710983.97,-7594.25,4811.09,-2006.93
25488000.00,2075403481131.34,2090042838054.38,-20928118274.01,-3843.90,4656.50,2896.23
25920000.00,2074315000260.18,2091743828532.51,-20972602547.01,-4198.54,3857.31,-3324.02
26352000.00,2071279111551.84,2093813021062.91,-21471644014.95,-6918.64,5237.05,2226.74
26784000.00,2069636768986.13,2095767951291.47,-20551336507.47,-1745.12,3719.75,-321.02
27216000.00,2067647499949.72,2097521591799.87,-21599977561.09,-7907.80,4953.16,-1288.16
27648000.00,2064844094897.58,2099705586568.89,-20857799727.10,-3564.09,4542.30,2731.91
28080000.00,2063750489551.74,2101385168953.95,-20974534697.55,-4300.81,3854.61,-3300.97
28512000.00,2060706174674.87,2103439500460.69,-21504345690.69,-7081.75,5218.46,2039.91
28944000.00,2058939349123.43,2105417466235.26,-20529151892.29,-1819.87,3786.97,244.54
29376000.00,2057176945510.98,2107115476960.02,-21524883720.15,-7495.40,4722.03,-2074.56
29808000.00,2054154555558.27,2109300867900.78,-21032249755.36,-4568.40,4767.65,2946.78
30240000.00,2053022418782.50,2111036794101.20,-20719788111.49,-2921.01,3626.93,-2524.06
30672000.00,2050314755793.73,2112948319393.94,-21643362717.17,-7904.35,5175.91,634.22
31104000.00,2047964027927.13,2115048094429.20,-20639481564.84,-2612.58,4170.19,1921.70
