0.00,658529211485.17,-364090338490.00,-28303067624.53,7604.75,10692.99,0.11
432000.00,661788989319.07,-359469167812.99,-28295847543.16,7485.79,10701.34,33.59
864000.00,664997078350.19,-354844432546.15,-28274101860.20,7365.43,10709.49,67.36
1296000.00,668152863813.02,-350216223062.42,-28237697959.53,7243.63,10717.43,101.45
1728000.00,671255715821.82,-345584625931.70,-28186497189.05,7120.35,10725.17,135.87
2160000.00,674304987535.31,-340949722486.43,-28120354690.84,6995.56,10732.74,170.63
2592000.00,677300013320.54,-336311587251.17,-28039119341.97,6869.20,10740.14,205.75
3024000.00,680240106794.37,-331670286255.45,-27942633642.19,6741.22,10747.40,241.24
3456000.00,683124558830.63,-327025875191.76,-27830733686.03,6611.58,10754.54,277.12
3888000.00,685952635468.87,-322378397402.75,-27703249170.60,6480.20,10761.60,313.40
4320000.00,688723575755.36,-317727881657.14,-27560003477.55,6347.03,10768.61,350.09
4752000.00,691436589524.34,-313074339786.05,-27400813759.61,6212.00,10775.62,387.22
5184000.00,694090854987.59,-308417763960.01,-27225491096.78,6075.02,10782.66,424.79
5616000.00,696685516415.44,-303758123754.48,-27033840884.62,5936.03,10789.81,462.81
6048000.00,699219681564.98,-299095362936.48,-26825663107.94,5794.92,10797.12,501.31
6480000.00,701692419147.53,-294429395811.43,-26600752933.93,5651.61,10804.67,540.28
6912000.00,704102756155.54,-289760103318.12,-26358901268.43,5506.00,10812.54,579.75
7344000.00,706449675091.66,-285087328497.55,-26099895571.97,5357.97,10820.81,619.70
7776000.00,708732111295.33,-280410871582.14,-25823520972.78,5207.43,10829.61,660.16
8208000.00,710948950131.43,-275730484542.71,-25529561464.77,5054.24,10839.03,701.12
8640000.00,713099024238.07,-271045864983.72,-25217801461.29,4898.29,10849.23,742.57
9072000.00,715181110753.48,-266356649379.47,-24888027601.55,4739.44,10860.34,784.52
9504000.00,717193928717.62,-261662405448.05,-24540031038.22,4577.56,10872.55,826.94
9936000.00,719136136632.51,-256962623807.32,-24173610127.82,4412.50,10886.02,869.81
10368000.00,721006330229.77,-252256708550.72,-23788573647.47,4244.11,10900.99,913.12
10800000.00,722803040787.77,-247543966849.10,-23384744781.07,4072.25,10917.68,956.81
11232000.00,724524733825.58,-242823597597.23,-22961965650.03,3896.76,10936.36,1000.84
11664000.00,726169808327.83,-238094678626.70,-22520102611.33,3717.49,10957.33,1045.15
12096000.00,727736597126.70,-233356152523.86,-22059052789.13,3534.28,10980.91,1089.66
12528000.00,729223368506.67,-228606811343.00,-21578751721.03,3346.98,11007.48,1134.26
12960000.00,730628328880.66,-223845279766.40,-21079181942.85,3155.47,11037.45,1178.84
13392000.00,731949627812.25,-219069996408.00,-20560383483.86,2959.61,11071.25,1223.26
13824000.00,733185365580.99,-214279194275.00,-20022466145.41,2759.31,11109.41,1267.32
14256000.00,734333603028.90,-209470879793.86,-19465623186.62,2554.48,11152.46,1310.83
14688000.00,735392375210.22,-204642810040.86,-18890147280.30,2345.09,11201.01,1353.53
15120000.00,736359710248.09,-199792469584.99,-18296449365.42,2131.14,11255.72,1395.13
15552000.00,737233652485.24,-194917047443.21,-17685079397.93,1912.70,11317.30,1435.28
15984000.00,738012291903.67,-190013413135.66,-17056749587.85,1689.92,11386.51,1473.57
16416000.00,738693802235.50,-185078094798.12,-16412361067.26,1463.05,11464.18,1509.52
16848000.00,739276486945.18,-180107260486.28,-15753032795.85,1232.44,11551.15,1542.62
17280000.00,739758834554.30,-175096703920.29,-15080132626.14,998.60,11648.29,1572.23
17712000.00,740139584252.65,-170041836215.25,-14395309888.70,762.19,11756.51,1597.66
18144000.00,740417805121.60,-164937687653.31,-13700529342.52,524.08,11876.67,1618.16
18576000.00,740592986305.01,-159778925394.36,-12998104409.77,285.35,12009.57,1632.87
19008000.00,740665134682.90,-154559885547.07,-12290726808.58,47.32,12155.93,1640.89
19440000.00,740634885210.12,-149274625520.85,-11581491403.36,-188.41,12316.31,1641.26
19872000.00,740503618867.18,-143917005683.13,-10873912382.37,-419.99,12491.06,1633.00
20304000.00,740273579558.88,-138480802265.20,-10171926029.53,-645.28,12680.20,1615.14
20736000.00,739947981056.23,-132959850776.63,-9479876296.25,-861.92,12883.41,1586.78
21168000.00,739531099556.07,-127348219605.63,-8802479064.79,-1067.37,13099.93,1547.11
21600000.00,739028342444.28,-121640419586.71,-8144758807.16,-1258.95,13328.46,1495.52
22032000.00,738446269820.49,-115831641081.17,-7511955182.33,-1434.03,13567.14,1431.64
22464000.00,737792559116.29,-109917993629.57,-6909404278.84,-1590.09,13813.57,1355.40
22896000.00,737075913436.97,-103896743173.76,-6342392315.35,-1724.92,14064.80,1267.11
23328000.00,736305898581.76,-97766529823.29,-5815987110.77,-1836.77,14317.43,1167.48
23760000.00,735492710664.15,-91527536758.53,-5334861144.22,-1924.50,14567.76,1057.63
24192000.00,734646886831.43,-85181590952.75,-4903118632.06,-1987.69,14811.90,939.07
24624000.00,733778977010.28,-78732180298.57,-4524142454.98,-2026.71,15046.08,813.63
25056000.00,732899203993.52,-72184381914.08,-4200474781.20,-2042.71,15266.75,683.34
25488000.00,732017136370.88,-65544705363.40,-3933739439.74,-2037.56,15470.86,550.40
25920000.00,731141403132.90,-58820859063.67,-3724618998.97,-2013.71,15655.95,416.96
26352000.00,730279475859.18,-52021468274.57,-3572881980.99,-1974.05,15820.23,285.07
26784000.00,729437524261.78,-45155769561.45,-3477450991.26,-1921.68,15962.67,156.59
27216000.00,728620350047.80,-38233303800.60,-3436507163.69,-1859.80,16082.89,33.09
27648000.00,727831396174.89,-31263632407.75,-3447618074.94,-1791.49,16181.15,-84.18
28080000.00,727072818191.75,-24256093351.59,-3507875187.04,-1719.60,16258.22,-194.26
28512000.00,726345601426.09,-17219606350.18,-3614030041.84,-1646.68,16315.26,-296.53
28944000.00,725649706576.54,-10162529898.85,-3762620450.75,-1574.93,16353.68,-390.63
29376000.00,724984229558.03,-3092566514.40,-3950082184.50,-1506.15,16375.08,-476.44
29808000.00,724347565122.44,3983288021.86,-4172844042.89,-1441.78,16381.13,-554.03
30240000.00,723737562351.52,11058756903.69,-4427402664.43,-1382.91,16373.47,-623.64
30672000.00,723151663419.07,18128267617.76,-4710376906.95,-1330.34,16353.72,-685.60
31104000.00,722587025200.82,25186919570.86,-5018546556.82,-1284.59,16323.37,-740.31
