0.00,-247114347306.11,-14253042280.92,5746279013.75,3098.37,-24093.87,-1055.39
1200.00,-247110629258.13,-14281954922.05,5745012542.43,3530.96,-23807.52,-1245.85
2400.00,-247106392105.94,-14310523940.97,5743517525.14,3846.70,-23460.10,-1372.98
3600.00,-247101776061.71,-14338676058.62,5741869951.24,4056.67,-23088.72,-1445.40
4800.00,-247096908055.12,-14366382528.10,5740135474.86,4174.74,-22722.26,-1472.43
6000.00,-247091898370.68,-14393649238.80,5738368564.84,4217.57,-22381.07,-1464.07
7200.00,-247086837283.27,-14420506521.27,5736611678.76,4202.74,-22077.22,-1430.10
8400.00,-247081793990.07,-14446999189.79,5734895561.57,4146.64,-21815.81,-1379.10
9600.00,-247076818016.65,-14473178157.74,5733240645.96,4063.15,-21596.87,-1317.99
10800.00,-247071942237.64,-14499094406.27,5731659060.95,3963.13,-21417.42,-1251.94
12000.00,-247067186479.99,-14524795308.03,5730156734.38,3854.60,-21272.93,-1184.57
13200.00,-247062560958.53,-14550322826.54,5728735255.20,3743.16,-21158.46,-1118.25
14400.00,-247058069164.16,-14575712982.78,5727393357.42,3632.55,-21069.23,-1054.45
15600.00,-247053710103.50,-14600996062.97,5726128018.79,3525.14,-21000.94,-993.99
16800.00,-247049479941.28,-14626197191.93,5724935231.51,3422.32,-20949.87,-937.26
18000.00,-247045373156.76,-14651337038.02,5723810519.68,3324.85,-20912.90,-884.37
19200.00,-247041383331.85,-14676432519.27,5722749273.14,3233.05,-20887.44,-835.27
20400.00,-247037503673.08,-14701497447.64,5721746953.85,3146.94,-20871.37,-789.78
21600.00,-247033727346.91,-14726543087.44,5720799216.38,3066.38,-20862.95,-747.70
22800.00,-247030047687.54,-14751578624.82,5719901972.30,2991.14,-20860.78,-708.79
24000.00,-247026458318.73,-14776611555.35,5719051418.54,2920.92,-20863.70,-672.81
25200.00,-247022953219.13,-14801648000.35,5718244043.58,2855.39,-20870.80,-639.52
26400.00,-247019526750.73,-14826692963.47,5717476620.19,2794.24,-20881.31,-608.69
27600.00,-247016173664.09,-14851750538.05,5716746190.73,2737.15,-20894.61,-580.12
28800.00,-247012889089.19,-14876824074.62,5716050048.65,2683.81,-20910.20,-553.61
30000.00,-247009668517.95,-14901916316.16,5715385718.43,2633.95,-20927.66,-528.99
31200.00,-247006507782.21,-14927029507.52,5714750935.55,2587.29,-20946.65,-506.09
32400.00,-247003403029.79,-14952165484.14,5714143627.10,2543.61,-20966.88,-484.78
33600.00,-247000350700.12,-14977325744.13,5713561893.65,2502.67,-20988.14,-464.92
34800.00,-246997347500.41,-15002511507.01,5713003992.47,2464.26,-21010.21,-446.39
36000.00,-246994390383.09,-15027723761.73,5712468322.25,2428.22,-21032.95,-429.09
37200.00,-246991476524.52,-15052963306.05,5711953409.25,2394.35,-21056.23,-412.93
38400.00,-246988603305.44,-15078230778.97,5711457894.82,2362.51,-21079.92,-397.81
39600.00,-246985768292.90,-15103526687.42,5710980524.18,2332.56,-21103.95,-383.66
40800.00,-246982969223.84,-15128851428.37,5710520136.39,2304.36,-21128.23,-370.40
42000.00,-246980203990.10,-15154205307.25,5710075655.33,2277.80,-21152.70,-357.98
43200.00,-246977470624.82,-15179588553.22,5709646081.69,2252.78,-21177.32,-346.33
44400.00,-246974767290.12,-15205001331.88,5709230485.71,2229.19,-21202.02,-335.40
45600.00,-246972092265.97,-15230443756.04,5708828000.78,2206.94,-21226.78,-325.15
46800.00,-246969443940.06,-15255915894.62,5708437817.62,2185.95,-21251.57,-315.53
48000.00,-246966820798.64,-15281417780.20,5708059179.12,2166.15,-21276.36,-306.50
49200.00,-246964221418.29,-15306949415.41,5707691375.66,2147.47,-21301.14,-298.03
50400.00,-246961644458.36,-15332510778.24,5707333740.97,2129.84,-21325.87,-290.08
51600.00,-246959088654.20,-15358101826.60,5706985648.26,2113.20,-21350.56,-282.62
52800.00,-246956552810.92,-15383722502.20,5706646506.91,2097.51,-21375.19,-275.62
54000.00,-246954035797.82,-15409372733.77,5706315759.35,2082.71,-21399.76,-269.07
55200.00,-246951536543.22,-15435052439.86,5705992878.28,2068.76,-21424.24,-262.93
56400.00,-246949054029.83,-15460761531.20,5705677364.15,2055.62,-21448.65,-257.18
57600.00,-246946587290.45,-15486499912.72,5705368742.87,2043.24,-21472.98,-251.82
58800.00,-246944135404.10,-15512267485.24,5705066563.71,2031.59,-21497.22,-246.81
60000.00,-246941697492.42,-15538064146.99,5704770397.39,2020.65,-21521.37,-242.14
61200.00,-246939272716.43,-15563889794.79,5704479834.40,2010.37,-21545.44,-237.79
62400.00,-246936860273.47,-15589744325.19,5704194483.33,2000.73,-21569.43,-233.76
63600.00,-246934459394.47,-15615627635.33,5703913969.47,1991.71,-21593.32,-230.03
64800.00,-246932069341.39,-15641539623.76,5703637933.43,1983.28,-21617.14,-226.59
66000.00,-246929689404.82,-15667480191.09,5703366029.96,1975.42,-21640.87,-223.42
67200.00,-246927318901.82,-15693449240.53,5703097926.76,1968.11,-21664.53,-220.52
68400.00,-246924957173.90,-15719446678.45,5702833303.45,1961.32,-21688.11,-217.88
69600.00,-246922603585.12,-15745472414.71,5702571850.58,1955.05,-21711.62,-215.48
70800.00,-246920257520.33,-15771526363.08,5702313268.77,1949.28,-21735.07,-213.33
72000.00,-246917918383.52,-15797608441.51,5702057267.81,1943.99,-21758.44,-211.42
73200.00,-246915585596.31,-15823718572.36,5701803565.90,1939.17,-21781.76,-209.73
74400.00,-246913258596.49,-15849856682.67,5701551888.93,1934.80,-21805.02,-208.27
75600.00,-246910936836.68,-15876022704.31,5701301969.74,1930.88,-21828.22,-207.02
76800.00,-246908619783.01,-15902216574.12,5701053547.54,1927.39,-21851.38,-205.98
78000.00,-246906306913.97,-15928438234.06,5700806367.23,1924.33,-21874.50,-205.16
79200.00,-246903997719.22,-15954687631.29,5700560178.85,1921.68,-21897.57,-204.53
80400.00,-246901691698.50,-15980964718.29,5700314737.04,1919.45,-21920.61,-204.11
81600.00,-246899388360.63,-16007269452.89,5700069800.48,1917.62,-21943.62,-203.89
82800.00,-246897087222.44,-16033601798.36,5699825131.43,1916.18,-21966.60,-203.86
84000.00,-246894787807.87,-16059961723.42,5699580495.21,1915.13,-21989.57,-204.03
85200.00,-246892489647.02,-16086349202.30,5699335659.76,1914.48,-22012.51,-204.39
