0.00,983337359349.84,-1104834956060.58,-20124713132.83,8055.02,5780.48,0.01
424800.00,986749808959.18,-1102389143935.99,-20123991856.94,8010.52,5734.64,3.40
849600.00,990142777618.67,-1099962610020.43,-20121826633.11,7963.30,5689.73,6.80
1274400.00,993515111064.38,-1097554937690.31,-20118216262.38,7913.36,5645.85,10.21
1699200.00,996865657511.48,-1095165681359.24,-20113160743.50,7860.71,5603.05,13.61
2124000.00,1000193266223.72,-1092794365086.05,-20106661325.34,7805.36,5561.40,17.00
2548800.00,1003496786537.10,-1090440480804.22,-20098720550.05,7747.29,5520.99,20.39
2973600.00,1006775066918.38,-1088103486512.52,-20089342295.85,7686.51,5481.90,23.77
3398400.00,1010026953774.20,-1085782804224.84,-20078531852.61,7623.02,5444.21,27.13
3823200.00,1013251290976.54,-1083477817249.36,-20066296024.50,7556.80,5408.03,30.48
4248000.00,1016446919248.75,-1081187867619.34,-20052643205.96,7487.84,5373.44,33.81
4672800.00,1019612675792.41,-1078912253327.77,-20037583461.54,7416.15,5340.56,37.10
5097600.00,1022747393941.04,-1076650224697.69,-20021128719.77,7341.70,5309.50,40.37
5522400.00,1025849903685.96,-1074400980871.12,-20003292886.97,7264.50,5280.39,43.61
5947200.00,1028919031923.15,-1072163665957.24,-19984092003.47,7184.53,5253.37,46.80
6372000.00,1031953603214.20,-1069937365089.69,-19963544381.42,7101.79,5228.57,49.94
6796800.00,1034952440743.45,-1067721099443.67,-19941670873.92,7016.28,5206.16,53.04
7221600.00,1037914368680.70,-1065513821344.19,-19918495101.23,6928.01,5186.30,56.07
7646400.00,1040838213901.14,-1063314409415.32,-19894043624.00,6836.98,5169.16,59.04
8071200.00,1043722809160.26,-1061121663065.99,-19868346231.05,6743.21,5154.96,61.94
8496000.00,1046566995976.92,-1058934296793.66,-19841436192.29,6646.73,5143.88,64.75
8920800.00,1049369629644.54,-1056750933611.49,-19813350681.11,6547.57,5136.16,67.47
9345600.00,1052129584778.03,-1054570099402.15,-19784131043.36,6445.79,5132.03,70.09
9770400.00,1054845760869.88,-1052390216550.74,-19753823102.18,6341.46,5131.74,72.59
10195200.00,1057517090217.59,-1050209597674.28,-19722477560.72,6234.66,5135.55,74.97
10620000.00,1060142545857.45,-1048026439151.32,-19690150350.83,6125.49,5143.76,77.21
11044800.00,1062721152600.86,-1045838814616.60,-19656903168.35,6014.10,5156.64,79.30
11469600.00,1065251999044.25,-1043644669930.66,-19622803863.55,5900.66,5174.52,81.22
11894400.00,1067734249722.07,-1041441818237.00,-19587926735.89,5785.34,5197.71,82.96
12319200.00,1070167160756.98,-1039227935375.93,-19552353040.93,5668.40,5226.53,84.50
12744000.00,1072550096033.91,-1037000557259.30,-19516171290.19,5550.10,5261.32,85.82
13168800.00,1074882546422.91,-1034757077637.79,-19479477712.18,5430.76,5302.42,86.90
13593600.00,1077164151437.33,-1032494749301.58,-19442376642.49,5310.77,5350.14,87.73
14018400.00,1079394721087.63,-1030210687834.43,-19404980698.76,5190.56,5404.81,88.29
14443200.00,1081574258689.64,-1027901876878.28,-19367410823.94,5070.60,5466.74,88.55
14868000.00,1083702987523.81,-1025565177707.00,-19329796451.01,4951.44,5536.18,88.49
15292800.00,1085781375937.05,-1023197342894.92,-19292275284.78,4833.70,5613.39,88.10
15717600.00,1087810165171.89,-1020795033989.22,-19254993103.95,4718.05,5698.54,87.36
16142400.00,1089790396461.54,-1018354846244.20,-19218103347.70,4605.22,5791.77,86.25
16567200.00,1091723435103.39,-1015873338223.02,-19181766327.94,4496.01,5893.11,84.76
16992000.00,1093610991617.36,-1013347065486.89,-19146148112.88,4391.25,6002.54,82.86
17416800.00,1095455142174.05,-1010772620538.91,-19111419238.28,4291.82,6119.90,80.57
17841600.00,1097258342026.13,-1008146680540.44,-19077753194.05,4198.62,6244.96,77.86
18266400.00,1099023432856.64,-1005466056865.20,-19045324376.50,4112.57,6377.31,74.74
18691200.00,1100753643519.74,-1002727752512.95,-19014305991.06,4034.58,6516.45,71.22
19116000.00,1102452579012.99,-999929020842.71,-18984867642.54,3965.50,6661.71,67.30
19540800.00,1104124199077.64,-997067423333.24,-18957172668.93,3906.13,6812.30,63.01
19965600.00,1105772787551.64,-994140885099.84,-18931375255.50,3857.21,6967.30,58.37
20390400.00,1107402912724.15,-991147750898.07,-18907617469.04,3819.33,7125.67,53.41
20815200.00,1109019372212.05,-988086833909.54,-18886026717.26,3792.98,7286.24,48.18
21240000.00,1110627131970.19,-984957452687.77,-18866712993.41,3778.45,7447.80,42.70
21664800.00,1112231256176.48,-981759462665.28,-18849766599.33,3775.91,7609.04,37.04
22089600.00,1113836830289.93,-978493271200.86,-18835256445.22,3785.30,7768.67,31.24
22514400.00,1115448883137.43,-975159837588.99,-18823228768.80,3806.40,7925.40,25.36
22939200.00,1117072311348.39,-971760659771.94,-18813706255.06,3838.81,8077.99,19.45
23364000.00,1118711807027.93,-968297751917.56,-18806687413.85,3881.97,8225.24,13.58
23788800.00,1120371786322.84,-964773608311.19,-18802147126.84,3935.16,8366.10,7.79
24213600.00,1122056332147.36,-961191149520.56,-18800038049.53,3997.52,8499.62,2.14
24638400.00,1123769146669.79,-957553668154.35,-18800291665.92,4068.11,8625.00,-3.32
25063200.00,1125513512734.02,-953864765488.79,-18802820368.38,4145.91,8741.60,-8.56
25488000.00,1127292270854.82,-950128283383.52,-18807519888.21,4229.87,8848.91,-13.54
25912800.00,1129107809093.00,-946348237773.54,-18814271739.12,4318.92,8946.62,-18.22
26337600.00,1130962062614.50,-942528756946.27,-18822945352.55,4411.99,9034.52,-22.58
26762400.00,1132856518752.92,-938674023342.46,-18833400162.04,4508.04,9112.56,-26.60
27187200.00,1134792232928.70,-934788214715.14,-18845488628.71,4606.08,9180.82,-30.27
27612000.00,1136769857500.55,-930875454053.91,-18859059039.13,4705.21,9239.46,-33.57
28036800.00,1138789669586.23,-926939770735.88,-18873957187.45,4804.57,9288.76,-36.52
28461600.00,1140851601873.12,-922985064563.68,-18890028360.28,4903.39,9329.05,-39.10
28886400.00,1142955279417.93,-919015077416.69,-18907119239.41,5001.00,9360.74,-41.32
29311200.00,1145100055705.13,-915033373913.69,-18925079222.30,5096.79,9384.26,-43.19
29736000.00,1147285045263.81,-911043328255.00,-18943761190.42,5190.24,9400.07,-44.72
30160800.00,1149509154228.81,-907048113465.66,-18963022175.99,5280.89,9408.66,-45.92
30585600.00,1151771113219.26,-903050693967.57,-18982724432.70,5368.37,9410.51,-46.80
31010400.00,1154069509857.75,-899053825136.17,-19002736347.29,5452.39,9406.12,-47.37
