0.00,2213897074425.82,-4635646602330.49,-144346947467.06,5050.26,1188.74,-1578.84
1200.00,2213903134740.99,-4635645175838.36,-144348842079.46,5050.38,1188.69,-1579.15
2400.00,2213909195197.35,-4635643749409.12,-144350737054.91,5050.50,1188.64,-1579.45
3600.00,2213915255791.40,-4635642323046.87,-144352632393.82,5050.61,1188.58,-1579.75
4800.00,2213921316519.56,-4635640896755.68,-144354528096.53,5050.72,1188.51,-1580.06
6000.00,2213927377378.27,-4635639470539.62,-144356424163.33,5050.82,1188.45,-1580.36
7200.00,2213933438363.94,-4635638044402.74,-144358320594.43,5050.92,1188.38,-1580.66
8400.00,2213939499472.95,-4635636618349.05,-144360217389.96,5051.02,1188.31,-1580.97
9600.00,2213945560701.66,-4635635192382.55,-144362114550.02,5051.12,1188.23,-1581.27
10800.00,2213951622046.41,-4635633766507.24,-144364012074.59,5051.21,1188.15,-1581.57
12000.00,2213957683503.53,-4635632340727.07,-144365909963.63,5051.30,1188.07,-1581.88
13200.00,2213963745069.32,-4635630915045.97,-144367808217.00,5051.39,1187.98,-1582.18
14400.00,2213969806740.09,-4635629489467.87,-144369706834.51,5051.48,1187.89,-1582.48
15600.00,2213975868512.09,-4635628063996.64,-144371605815.88,5051.56,1187.80,-1582.79
16800.00,2213981930381.59,-4635626638636.15,-144373505160.79,5051.64,1187.70,-1583.09
18000.00,2213987992344.82,-4635625213390.25,-144375404868.84,5051.71,1187.61,-1583.39
19200.00,2213994054398.02,-4635623788262.75,-144377304939.56,5051.78,1187.50,-1583.69
20400.00,2214000116537.40,-4635622363257.43,-144379205372.41,5051.85,1187.40,-1584.00
21600.00,2214006178759.16,-4635620938378.04,-144381106166.80,5051.92,1187.29,-1584.30
22800.00,2214012241059.48,-4635619513628.33,-144383007322.05,5051.98,1187.18,-1584.60
24000.00,2214018303434.55,-4635618089011.98,-144384908837.43,5052.04,1187.07,-1584.90
25200.00,2214024365880.52,-4635616664532.68,-144386810712.13,5052.09,1186.95,-1585.19
26400.00,2214030428393.56,-4635615240194.06,-144388712945.30,5052.15,1186.83,-1585.49
27600.00,2214036490969.81,-4635613815999.74,-144390615535.99,5052.20,1186.71,-1585.79
28800.00,2214042553605.41,-4635612391953.28,-144392518483.20,5052.24,1186.58,-1586.09
30000.00,2214048616296.48,-4635610968058.25,-144394421785.87,5052.29,1186.45,-1586.38
31200.00,2214054679039.16,-4635609544318.14,-144396325442.87,5052.33,1186.32,-1586.68
32400.00,2214060741829.55,-4635608120736.44,-144398229453.00,5052.36,1186.18,-1586.97
33600.00,2214066804663.77,-4635606697316.60,-144400133815.00,5052.40,1186.05,-1587.26
34800.00,2214072867537.92,-4635605274062.02,-144402038527.55,5052.43,1185.90,-1587.55
36000.00,2214078930448.10,-4635603850976.09,-144403943589.25,5052.45,1185.76,-1587.84
37200.00,2214084993390.42,-4635602428062.13,-144405848998.66,5052.48,1185.62,-1588.13
38400.00,2214091056360.96,-4635601005323.46,-144407754754.26,5052.50,1185.47,-1588.42
39600.00,2214097119355.82,-4635599582763.34,-144409660854.47,5052.51,1185.32,-1588.70
40800.00,2214103182371.10,-4635598160384.99,-144411567297.64,5052.53,1185.16,-1588.99
42000.00,2214109245402.88,-4635596738191.61,-144413474082.07,5052.54,1185.00,-1589.27
43200.00,2214115308447.27,-4635595316186.33,-144415381206.01,5052.54,1184.85,-1589.55
44400.00,2214121371500.34,-4635593894372.29,-144417288667.61,5052.55,1184.68,-1589.83
45600.00,2214127434558.20,-4635592472752.54,-144419196464.99,5052.55,1184.52,-1590.11
46800.00,2214133497616.94,-4635591051330.12,-144421104596.21,5052.55,1184.35,-1590.39
48000.00,2214139560672.67,-4635589630108.00,-144423013059.24,5052.54,1184.18,-1590.66
49200.00,2214145623721.49,-4635588209089.15,-144424921852.03,5052.53,1184.01,-1590.93
50400.00,2214151686759.51,-4635586788276.47,-144426830972.45,5052.52,1183.84,-1591.20
51600.00,2214157749782.86,-4635585367672.81,-144428740418.31,5052.50,1183.66,-1591.47
52800.00,2214163812787.64,-4635583947281.00,-144430650187.36,5052.49,1183.48,-1591.74
54000.00,2214169875769.99,-4635582527103.81,-144432560277.30,5052.46,1183.30,-1592.01
55200.00,2214175938726.05,-4635581107143.97,-144434470685.77,5052.44,1183.12,-1592.27
56400.00,2214182001651.96,-4635579687404.17,-144436381410.36,5052.41,1182.93,-1592.53
57600.00,2214188064543.89,-4635578267887.05,-144438292448.58,5052.38,1182.74,-1592.79
58800.00,2214194127397.98,-4635576848595.21,-144440203797.93,5052.34,1182.55,-1593.05
60000.00,2214200190210.43,-4635575429531.19,-144442115455.80,5052.31,1182.36,-1593.30
61200.00,2214206252977.41,-4635574010697.50,-144444027419.56,5052.26,1182.17,-1593.56
62400.00,2214212315695.13,-4635572592096.59,-144445939686.53,5052.22,1181.97,-1593.81
63600.00,2214218378359.81,-4635571173730.88,-144447852253.95,5052.17,1181.77,-1594.05
64800.00,2214224440967.65,-4635569755602.71,-144449765119.03,5052.12,1181.57,-1594.30
66000.00,2214230503514.92,-4635568337714.42,-144451678278.91,5052.07,1181.37,-1594.54
67200.00,2214236565997.86,-4635566920068.26,-144453591730.71,5052.01,1181.17,-1594.78
68400.00,2214242628412.75,-4635565502666.45,-144455505471.46,5051.95,1180.96,-1595.02
69600.00,2214248690755.87,-4635564085511.15,-144457419498.17,5051.89,1180.76,-1595.26
70800.00,2214254753023.53,-4635562668604.48,-144459333807.78,5051.82,1180.55,-1595.49
72000.00,2214260815212.05,-4635561251948.51,-144461248397.19,5051.75,1180.34,-1595.72
73200.00,2214266877317.78,-4635559835545.26,-144463163263.26,5051.68,1180.12,-1595.95
74400.00,2214272939337.07,-4635558419396.68,-144465078402.79,5051.61,1179.91,-1596.17
75600.00,2214279001266.32,-4635557003504.71,-144466993812.54,5051.53,1179.69,-1596.40
76800.00,2214285063101.91,-4635555587871.20,-144468909489.22,5051.45,1179.48,-1596.62
78000.00,2214291124840.27,-4635554172497.96,-144470825429.49,5051.36,1179.26,-1596.83
79200.00,2214297186477.86,-4635552757386.76,-144472741629.98,5051.28,1179.04,-1597.05
80400.00,2214303248011.13,-4635551342539.31,-144474658087.27,5051.19,1178.82,-1597.26
81600.00,2214309309436.58,-4635549927957.26,-144476574797.90,5051.10,1178.60,-1597.47
82800.00,2214315370750.72,-4635548513642.22,-144478491758.34,5051.00,1178.37,-1597.67
84000.00,2214321431950.10,-4635547099595.73,-144480408965.07,5050.90,1178.15,-1597.87
85200.00,2214327493031.27,-4635545685819.31,-144482326414.48,5050.80,1177.92,-1598.07
