0.00,977460469312.62,-1118682190535.90,-19547564007.88,1294.30,-1065.58,78.68
423360.00,979811751587.01,-1115943232699.35,-19633187295.04,5376.86,831.83,492.30
846720.00,983845979092.43,-1112677691440.72,-19515694376.75,2001.97,11156.66,-1358.29
1270080.00,985029616266.06,-1110396280107.95,-19719690692.86,5800.81,2190.56,413.38
1693440.00,989481761606.67,-1108688703704.14,-19336144378.92,13383.20,11364.45,392.45
2116800.00,991603698589.87,-1103876504407.29,-19717562950.72,2190.97,7160.07,-783.87
2540160.00,993088305674.63,-1101804576509.70,-19836384090.12,5199.97,3347.64,186.76
2963520.00,996265136795.31,-1100545131872.82,-19584511241.65,10299.45,3411.51,973.20
3386880.00,1001256670310.94,-1097024560965.03,-19345729910.43,7435.52,14092.76,-864.15
3810240.00,1002743555131.98,-1092546216769.44,-19772501644.96,2641.61,7486.11,-734.86
4233600.00,1004161487362.99,-1090040127253.80,-19949180376.67,4227.38,4729.42,-122.69
4656960.00,1006404016256.58,-1088325367271.72,-19892223255.28,6492.50,3551.75,387.64
5080320.00,1009797614993.85,-1086835188795.38,-19625401610.34,9834.42,3884.00,866.65
5503680.00,1014813869352.88,-1084039068791.92,-19276428638.70,11983.53,11968.86,144.58
5927040.00,1017367281135.87,-1078796735406.30,-19626869974.38,2960.38,9893.62,-973.71
6350400.00,1018625169722.41,-1075383255165.48,-19935615635.40,3292.10,6685.02,-496.20
6773760.00,1020244164027.76,-1072903015443.86,-20063768783.30,4406.40,5175.11,-120.21
7197120.00,1022382702028.35,-1070907673775.40,-20045610716.81,5746.11,4326.57,203.84
7620480.00,1025154427721.30,-1069171746046.83,-19893134205.52,7444.14,3962.05,519.91
8043840.00,1028791829248.72,-1067428103083.86,-19605391213.81,9956.12,4557.39,835.87
8467200.00,1033695697569.36,-1064640520214.78,-19256593606.39,12409.06,10559.39,432.13
8890560.00,1036838303305.56,-1059264356226.38,-19517920564.20,3588.85,11245.14,-1016.40
9313920.00,1038162153310.08,-1055287713646.01,-19874291367.60,3114.85,7992.51,-656.94
9737280.00,1039602391595.71,-1052256557943.72,-20086158471.12,3737.75,6471.37,-354.77
10160640.00,1041343506112.41,-1049719726068.68,-20183928931.43,4505.57,5573.72,-112.30
10584000.00,1043426098734.75,-1047492701361.95,-20185742304.20,5354.57,4982.06,102.59
11007360.00,1045893193313.56,-1045470847194.31,-20098542207.28,6336.62,4599.73,311.12
11430720.00,1048823570669.88,-1043565034721.40,-19921742877.40,7573.60,4452.51,527.80
11854080.00,1052375099915.83,-1041631140220.91,-19650390178.38,9343.19,4832.56,755.61
12277440.00,1056869096463.82,-1039174284933.91,-19301071906.47,11988.00,7643.50,794.47
12700800.00,1061247822508.67,-1034296912328.33,-19289133265.59,6041.78,13393.94,-879.26
13124160.00,1062951207869.08,-1029454642951.33,-19681293821.35,3201.83,9739.41,-823.62
13547520.00,1064309229251.64,-1025761512205.06,-19970870948.29,3326.21,7901.12,-552.82
13970880.00,1065806370829.21,-1022650838165.37,-20158801557.52,3768.10,6868.68,-341.73
14394240.00,1067506958513.39,-1019894846179.15,-20265960460.82,4275.43,6186.83,-167.82
14817600.00,1069429889957.58,-1017384381673.18,-20304146460.09,4818.81,5693.74,-13.80
15240960.00,1071592315498.59,-1015055526571.26,-20279322658.89,5411.00,5322.90,131.29
15664320.00,1074021027324.43,-1012862708746.21,-20193505808.10,6084.46,5050.49,275.59
16087680.00,1076761532941.80,-1010763360552.28,-20045458355.13,6897.96,4887.57,426.57
16511040.00,1079894324083.93,-1008698564435.07,-19830802527.93,7966.23,4911.65,591.35
16934400.00,1083572873139.07,-1006537639174.25,-19543638774.00,9539.38,5447.42,764.61
17357760.00,1088080727721.39,-1003787038518.04,-19206706335.08,11770.93,8391.91,716.60
17781120.00,1092309753785.46,-998752449599.75,-19214552848.80,6046.69,13506.10,-830.55
18204480.00,1094055374891.00,-993744512237.86,-19594087855.62,3256.00,10325.25,-824.91
18627840.00,1095398556901.75,-989766263853.19,-19895073620.52,3204.12,8641.71,-602.60
19051200.00,1096809847397.17,-986324024505.15,-20111822784.54,3484.24,7688.24,-427.20
19474560.00,1098355824643.76,-983209734964.15,-20261968080.25,3825.79,7056.94,-285.45
19897920.00,1100050394902.63,-980323363215.27,-20356743030.22,4183.82,6596.98,-164.05
20321280.00,1101898910405.95,-977608191929.66,-20402901592.64,4553.56,6241.29,-54.78
20744640.00,1103907387474.55,-975027912977.78,-20404375229.03,4941.14,5956.28,47.76
21168000.00,1106085643405.77,-972556638332.61,-20363130819.30,5358.16,5724.81,147.62
21591360.00,1108449550802.95,-970173422663.52,-20279558275.57,5822.03,5540.30,248.30
22014720.00,1111024181386.31,-967857996303.21,-20152562247.00,6359.83,5406.64,353.41
22438080.00,1113849553680.86,-965585192847.89,-19979433205.73,7017.43,5345.37,467.03
22861440.00,1116992498917.93,-963312942681.49,-19755651334.64,7881.41,5423.24,593.37
23284800.00,1120573704651.53,-960944420679.84,-19475846019.66,9133.40,5871.97,729.00
23708160.00,1124817664846.20,-958150126377.69,-19150015037.16,11019.20,7839.36,757.71
24131520.00,1129337720751.16,-953544775059.43,-19022149471.56,8030.75,13865.65,-496.43
24554880.00,1131468900406.70,-948075431329.07,-19370144160.49,3449.21,11480.78,-867.42
24978240.00,1132800225975.85,-943649486833.45,-19697653749.78,3030.24,9627.75,-677.61
25401600.00,1134103714781.90,-939803604614.15,-19949445909.87,3159.70,8619.60,-517.53
25824960.00,1135487780255.93,-936298696372.68,-20141036031.59,3386.77,7974.60,-391.21
26248320.00,1136973275460.67,-933023934994.75,-20284078212.21,3633.76,7515.48,-286.71
26671680.00,1138564267633.60,-929918806064.44,-20386046721.41,3884.15,7165.32,-196.26
27095040.00,1140261506085.81,-926946169092.81,-20451793589.11,4135.84,6885.40,-115.01
27518400.00,1142065939469.28,-924081234609.73,-20484487692.22,4391.14,6654.15,-39.71
27941760.00,1143979905360.87,-921306316568.23,-20486135428.94,4654.13,6458.76,31.97
28365120.00,1146007752797.30,-918608000983.79,-20457864036.43,4930.23,6291.48,101.91
28788480.00,1148156430331.04,-915975407627.39,-20400064433.36,5226.41,6147.95,171.73
29211840.00,1150436285978.33,-913398896178.26,-20312448127.17,5551.94,6026.71,243.04
29635200.00,1152862352396.56,-910868748127.34,-20194041691.05,5920.09,5929.81,317.51
30058560.00,1155456637515.38,-908373304323.92,-20043094965.12,6351.34,5864.94,397.18
30481920.00,1158252392083.39,-905895561844.39,-19856882176.62,6879.93,5851.32,484.65
30905280.00,1161302531606.68,-903405190932.08,-19631491382.06,7568.27,5938.05,582.75
