0.00,2196830605271.61,1972208963319.08,-21084084318.88,2732.71,2391.56,-5310.46
1200.00,2196833884527.18,1972211833194.40,-21090456873.75,1726.96,2452.45,-6478.06
2400.00,2196835956876.73,1972214776133.54,-21098230544.34,614.95,2568.36,-7416.28
3600.00,2196836694821.66,1972217858160.57,-21107130083.62,-560.88,2729.33,-8129.50
4800.00,2196836021770.95,1972221133354.61,-21116885482.33,-1762.03,2925.62,-8626.87
6000.00,2196833907332.42,1972224644094.13,-21127237731.63,-2954.47,3147.80,-8922.33
7200.00,2196830361964.15,1972228421450.94,-21137944523.83,-4109.28,3387.01,-9033.91
8400.00,2196825430827.02,1972232485861.47,-21148785217.73,-5203.16,3635.20,-8982.79
9600.00,2196819187030.37,1972236848102.45,-21159564566.20,-6218.64,3885.35,-8791.97
10800.00,2196811724659.19,1972241510522.82,-21170114932.95,-7143.86,4131.60,-8485.02
12000.00,2196803152027.64,1972246468438.77,-21180296962.87,-7972.06,4369.29,-8084.92
13200.00,2196793585551.67,1972251711582.99,-21189998867.93,-8700.86,4594.94,-7613.13
14400.00,2196783144516.75,1972257225507.20,-21199134619.66,-9331.37,4806.13,-7088.98
15600.00,2196771946878.70,1972262992860.08,-21207641392.75,-9867.31,5001.36,-6529.34
16800.00,2196760106110.44,1972268994491.47,-21215476595.69,-10314.25,5179.89,-5948.48
18000.00,2196747729013.86,1972275210361.48,-21222614773.07,-10678.88,5341.58,-5358.19
19200.00,2196734914359.83,1972281620255.01,-21229044595.14,-10968.47,5486.72,-4767.90
20400.00,2196721752195.91,1972288204317.28,-21234766078.16,-11190.44,5615.93,-4185.03
21600.00,2196708323662.10,1972294943434.37,-21239788116.73,-11352.08,5730.04,-3615.20
22800.00,2196694701171.21,1972301819485.84,-21244126360.85,-11460.28,5830.01,-3062.56
24000.00,2196680948833.87,1972308815496.26,-21247801436.19,-11521.50,5916.84,-2530.04
25200.00,2196667123032.98,1972315915709.56,-21250837484.48,-11541.63,5991.58,-2019.59
26400.00,2196653273076.31,1972323105606.86,-21253260989.75,-11526.00,6055.23,-1532.38
27600.00,2196639441875.80,1972330371884.44,-21255099851.05,-11479.38,6108.77,-1069.01
28800.00,2196625666618.43,1972337702404.96,-21256382662.70,-11406.01,6153.11,-629.59
30000.00,2196611979406.15,1972345086132.00,-21257138165.57,-11309.63,6189.10,-213.89
31200.00,2196598407851.43,1972352513055.17,-21257394837.14,-11193.52,6217.55,178.54
32400.00,2196584975621.83,1972359974111.32,-21257180592.38,-11060.58,6239.16,548.35
33600.00,2196571702931.28,1972367461105.33,-21256522572.22,-10913.29,6254.61,896.31
34800.00,2196558606978.87,1972374966633.10,-21255447000.32,-10753.87,6264.48,1223.26
36000.00,2196545702337.85,1972382484008.25,-21253979092.54,-10584.20,6269.32,1530.07
37200.00,2196533001298.29,1972390007193.56,-21252143006.55,-10405.94,6269.62,1817.65
38400.00,2196520514167.68,1972397530737.41,-21249961821.78,-10220.53,6265.82,2086.90
39600.00,2196508249533.78,1972405049715.55,-21247457541.62,-10029.20,6258.30,2338.69
40800.00,2196496214493.66,1972412559678.03,-21244651112.06,-9833.03,6247.44,2573.88
42000.00,2196484414853.10,1972420056601.11,-21241562451.80,-9632.96,6233.54,2793.30
43200.00,2196472855299.83,1972427536843.79,-21238210490.36,-9429.79,6216.89,2997.73
44400.00,2196461539553.88,1972434997108.72,-21234613211.20,-9224.21,6197.75,3187.93
45600.00,2196450470498.02,1972442434407.11,-21230787698.05,-9016.84,6176.35,3364.60
46800.00,2196439650290.85,1972449846027.17,-21226750182.58,-8808.19,6152.90,3528.41
48000.00,2196429080464.76,1972457229505.92,-21222516092.42,-8598.71,6127.58,3679.99
49200.00,2196418762010.92,1972464582603.93,-21218100098.64,-8388.80,6100.57,3819.95
50400.00,2196408695452.77,1972471903282.72,-21213516162.11,-8178.79,6072.00,3948.82
51600.00,2196398880909.83,1972479189684.50,-21208777578.32,-7968.96,6042.02,4067.13
52800.00,2196389318152.85,1972486440114.13,-21203897020.34,-7759.58,6010.76,4175.37
54000.00,2196380006651.62,1972493653022.88,-21198886579.84,-7550.86,5978.31,4273.98
55200.00,2196370945616.38,1972500826994.00,-21193757806.04,-7342.99,5944.78,4363.39
56400.00,2196362134033.56,1972507960729.70,-21188521742.58,-7136.11,5910.26,4443.98
57600.00,2196353570696.78,1972515053039.55,-21183188962.31,-6930.39,5874.83,4516.14
58800.00,2196345254233.56,1972522102830.09,-21177769600.06,-6725.92,5838.55,4580.18
60000.00,2196337183128.41,1972529109095.47,-21172273383.49,-6522.82,5801.51,4636.43
61200.00,2196329355742.62,1972536070909.10,-21166709662.02,-6321.18,5763.76,4685.19
62400.00,2196321770331.35,1972542987416.14,-21161087434.08,-6121.06,5725.34,4726.72
63600.00,2196314425058.22,1972549857826.78,-21155415372.59,-5922.54,5686.32,4761.27
64800.00,2196307318007.75,1972556681410.18,-21149701848.92,-5725.68,5646.73,4789.08
66000.00,2196300447195.90,1972563457489.04,-21143954955.37,-5530.51,5606.62,4810.36
67200.00,2196293810579.01,1972570185434.78,-21138182526.25,-5337.10,5566.02,4825.31
68400.00,2196287406061.15,1972576864663.11,-21132392157.70,-5145.47,5524.97,4834.11
69600.00,2196281231500.27,1972583494630.18,-21126591226.29,-4955.66,5483.50,4836.93
70800.00,2196275284713.15,1972590074829.06,-21120786906.49,-4767.69,5441.63,4833.93
72000.00,2196269563479.34,1972596604786.56,-21114986187.15,-4581.61,5399.39,4825.25
73200.00,2196264065544.10,1972603084060.54,-21109195886.98,-4397.44,5356.81,4811.01
74400.00,2196258788620.59,1972609512237.31,-21103422669.11,-4215.19,5313.91,4791.35
75600.00,2196253730391.26,1972615888929.53,-21097673054.93,-4034.90,5270.70,4766.35
76800.00,2196248888508.54,1972622213774.18,-21091953437.02,-3856.59,5227.21,4736.12
78000.00,2196244260594.92,1972628486430.91,-21086270091.45,-3680.29,5183.46,4700.75
79200.00,2196239844242.41,1972634706580.53,-21080629189.42,-3506.03,5139.45,4660.32
80400.00,2196235637011.46,1972640873923.74,-21075036808.22,-3333.82,5095.21,4614.89
81600.00,2196231636429.40,1972646988180.06,-21069498941.67,-3163.70,5050.76,4564.53
82800.00,2196227839988.35,1972653049086.88,-21064021510.01,-2995.70,5006.09,4509.28
84000.00,2196224245142.63,1972659056398.79,-21058610369.24,-2829.86,4961.24,4449.21
85200.00,2196220849305.80,1972665009886.99,-21053271320.02,-2666.22,4916.21,4384.34
