0.00,641834394763.77,-372369467169.05,-19711928898.75,9872.62,11745.51,0.29
200000.00,643805293424.14,-370028304319.92,-19706177791.49,9835.10,11665.14,57.89
400000.00,645768151764.13,-367703306722.77,-19688861284.43,9792.14,11583.90,115.92
600000.00,647721873812.72,-365394621739.98,-19659909037.24,9743.67,11502.06,174.22
800000.00,649665349183.20,-363102334931.57,-19619284045.13,9689.61,11419.96,232.62
1000000.00,651597458884.31,-360826468422.54,-19566983584.90,9629.95,11337.92,290.94
1200000.00,653517081511.33,-358566979861.43,-19503039822.48,9564.69,11256.24,349.02
1400000.00,655423099616.66,-356323761908.88,-19427520190.79,9493.86,11175.27,406.67
1600000.00,657314406106.05,-354096642606.37,-19340527159.13,9417.53,11095.32,463.72
1800000.00,659189910415.85,-351885386095.73,-19242197906.17,9335.80,11016.71,519.99
2000000.00,661048544825.91,-349689694014.99,-19132703680.65,9248.80,10939.74,575.33
2200000.00,662889270469.00,-347509207586.96,-19012248697.84,9156.69,10864.72,629.56
2400000.00,664711082945.28,-345343510270.33,-18881068702.28,9059.66,10791.92,682.54
2600000.00,666513017556.99,-343192130823.70,-18739429354.60,8957.90,10721.61,734.12
2800000.00,668294154144.70,-341054546854.55,-18587624363.85,8851.67,10654.03,784.16
3000000.00,670053621453.70,-338930188787.53,-18425973413.13,8741.21,10589.41,832.54
3200000.00,671790600905.64,-336818444292.10,-18254819795.20,8626.80,10527.96,879.15
3400000.00,673504329567.91,-334718662939.80,-18074527826.63,8508.72,10469.84,923.89
3600000.00,675194102639.39,-332630160739.45,-17885480409.33,8387.26,10415.23,966.68
3800000.00,676859275607.20,-330552225032.89,-17688076525.80,8262.74,10364.23,1007.43
4000000.00,678499265415.28,-328484119667.46,-17482728402.69,8135.45,10316.98,1046.09
4200000.00,680113550935.20,-326425089785.78,-17269858820.99,8005.72,10273.53,1082.61
4400000.00,681701673207.33,-324374366474.47,-17049898653.92,7873.85,10233.96,1116.97
4600000.00,683263235090.38,-322331171558.10,-16823284330.30,7740.15,10198.29,1149.13
4800000.00,684797900136.46,-320294722112.34,-16590455309.07,7604.92,10166.54,1179.09
5000000.00,686305391237.20,-318264234557.83,-16351851834.58,7468.45,10138.71,1206.85
5200000.00,687785488915.71,-316238928652.03,-16107912805.56,7331.02,10114.76,1232.43
5400000.00,689238029093.57,-314218031189.16,-15859073737.21,7192.91,10094.65,1255.84
5600000.00,690662900637.92,-312200779237.65,-15605764950.66,7054.37,10078.33,1277.11
5800000.00,692060042835.02,-310186423101.08,-15348409974.74,6915.65,10065.72,1296.29
6000000.00,693429442580.26,-308174229079.12,-15087424067.28,6776.98,10056.73,1313.41
6200000.00,694771131247.82,-306163481868.31,-14823212874.39,6638.58,10051.27,1328.53
6400000.00,696085181515.03,-304153486437.60,-14556171307.53,6500.64,10049.23,1341.70
6600000.00,697371704450.83,-302143569598.72,-14286682658.87,6363.34,10050.50,1352.99
6800000.00,698630846554.31,-300133081484.41,-14015117843.45,6226.86,10054.95,1362.46
7000000.00,699862786566.32,-298121396779.63,-13741834749.07,6091.35,10062.47,1370.17
7200000.00,701067732237.91,-296107915533.16,-13467177734.28,5956.95,10072.92,1376.19
7400000.00,702245917388.59,-294092063581.93,-13191477296.19,5823.78,10086.18,1380.60
7600000.00,703397599287.82,-292073292872.65,-12915049872.68,5691.95,10102.12,1383.46
7800000.00,704523056004.57,-290051081761.30,-12638197730.23,5561.56,10120.59,1384.84
8000000.00,705622583648.45,-288024935079.42,-12361208940.69,5432.69,10141.47,1384.82
8200000.00,706696493742.65,-285994383862.20,-12084357459.77,5305.41,10164.64,1383.47
8400000.00,707745110999.44,-283958984910.80,-11807903287.00,5179.79,10189.95,1380.85
8600000.00,708768771310.42,-281918320386.46,-11532092681.41,5055.87,10217.29,1377.03
8800000.00,709767819740.91,-279871997356.26,-11257158434.16,4933.69,10246.54,1372.08
9000000.00,710742608563.41,-277819647190.96,-10983320200.77,4813.29,10277.56,1366.07
9200000.00,711693495474.00,-275760924810.67,-10710784876.24,4694.69,10310.26,1359.05
9400000.00,712620842068.79,-273695507887.44,-10439746986.43,4577.91,10344.51,1351.09
9600000.00,713525012451.71,-271623096081.01,-10170389099.55,4462.95,10380.20,1342.25
9800000.00,714406371897.32,-269543410216.19,-9902882272.13,4349.82,10417.24,1332.59
