0.00,977891700969.24,-1118940262987.99,-19446682209.70,17030.95,17445.46,-7195.37
432000.00,980100717606.87,-1116516194156.61,-19376675615.77,10797.38,2570.51,1212.27
864000.00,982531612713.76,-1113350862576.51,-19712817271.69,5394.99,2289.71,1889.39
1296000.00,986948070987.41,-1110735851186.79,-19948134053.29,7265.83,15578.12,-5247.97
1728000.00,987886787279.33,-1107976162929.16,-19920027877.64,6183.37,3123.82,1393.96
2160000.00,991890764989.44,-1106043000174.90,-19750450280.44,11887.35,7238.17,-1304.18
2592000.00,994186610464.74,-1101589114560.94,-20733732803.29,984.51,5211.71,818.52
3024000.00,996028353998.01,-1099862736744.29,-20239588440.36,6749.65,3832.98,994.05
3456000.00,999718805801.79,-1097890219577.89,-20048982761.41,10234.14,5740.89,-333.44
3888000.00,1004256733354.09,-1093815764553.64,-21039439495.39,4301.28,15068.04,-4629.97
4320000.00,1004719524792.20,-1090424776315.14,-21268094710.05,3148.03,4673.57,932.61
4752000.00,1006816603619.64,-1088545618897.81,-20862805776.79,6282.19,4311.18,822.06
5184000.00,1010020505706.98,-1086559623868.41,-20618778905.81,8502.09,5023.70,238.99
5616000.00,1014150534883.12,-1084025895440.17,-20748991387.08,10628.21,7111.18,-1054.56
6048000.00,1018306039124.33,-1079386568336.23,-21980071501.64,1775.59,14108.41,-3835.77
6480000.00,1018675515606.21,-1076009361411.42,-22173710911.98,2706.46,5274.12,704.84
6912000.00,1020425714723.52,-1073902122677.12,-21835048528.84,5164.12,4707.59,767.68
7344000.00,1023019970982.39,-1071845595551.70,-21549343829.45,6781.51,4879.11,527.02
7776000.00,1026250178517.26,-1069637215171.85,-21402138660.76,8164.53,5409.72,121.42
8208000.00,1030077127651.33,-1067094159217.77,-21485289685.86,9579.77,6513.91,-587.64
8640000.00,1034524266229.53,-1063722499221.16,-22059669704.78,10796.05,9936.72,-2490.79
9072000.00,1036708549271.52,-1058499923230.15,-23376220168.10,-78.45,8329.13,-568.96
9504000.00,1037451953196.81,-1055751916862.06,-23251804957.81,3148.61,5465.79,620.12
9936000.00,1039201651194.21,-1053486168375.24,-22970531182.97,4819.33,5132.54,638.23
10368000.00,1041541246580.06,-1051265717077.96,-22720089548.16,5965.22,5183.02,507.18
10800000.00,1044325910028.16,-1048984545718.41,-22541713647.07,6910.54,5402.74,307.28
11232000.00,1047502094770.12,-1046576147597.52,-22464957233.51,7795.42,5778.35,31.68
11664000.00,1051065363806.95,-1043957942168.99,-22532633438.59,8718.89,6402.64,-377.96
12096000.00,1055053441118.44,-1040961197029.81,-22836820176.49,9774.45,7648.74,-1126.22
12528000.00,1059443657236.72,-1036964826408.25,-23700478850.17,9824.49,12065.94,-3435.62
12960000.00,1060717994505.63,-1031812003535.62,-24858876051.88,427.64,7796.49,-265.77
13392000.00,1061503189841.37,-1028977219998.18,-24751927008.70,2904.19,5923.30,478.93
13824000.00,1063061525705.53,-1026506251575.62,-24527186839.63,4209.31,5596.36,529.67
14256000.00,1065080123954.65,-1024103097515.66,-24308765716.67,5095.30,5554.99,472.13
14688000.00,1067436268477.83,-1021691265474.43,-24124673346.28,5793.91,5624.40,374.96
15120000.00,1070072121356.88,-1019234081598.30,-23988432330.78,6400.97,5762.08,251.04
15552000.00,1072960305079.88,-1016704191717.54,-23911684602.41,6969.03,5962.05,98.30
15984000.00,1076092461617.65,-1014072137632.76,-23909052036.95,7536.53,6239.82,-95.18
16416000.00,1079476437417.67,-1011296013015.70,-24003276908.85,8142.02,6640.99,-357.08
16848000.00,1083138781877.59,-1008300699202.24,-24236345297.59,8835.20,7288.41,-756.67
17280000.00,1087128674400.78,-1004907364329.95,-24706810263.92,9655.61,8626.03,-1530.46
17712000.00,1091309596131.66,-1000374803894.30,-25789601201.87,8165.34,13777.76,-4074.59
18144000.00,1092018656440.50,-995322499491.63,-26798644884.27,541.49,7932.95,-252.43
18576000.00,1092731569765.09,-992306398022.83,-26738023475.64,2524.26,6447.57,337.80
19008000.00,1094070120905.18,-989607595125.18,-26569561042.04,3590.41,6113.10,415.59
19440000.00,1095783349748.23,-986991681407.95,-26391289353.89,4305.55,6019.09,402.04
19872000.00,1097765328703.97,-984394422532.10,-26226413095.44,4851.92,6015.29,357.86
20304000.00,1099961381437.75,-981787919791.13,-26084163345.92,5304.81,6057.96,298.53
20736000.00,1102340224722.47,-979156069192.99,-25969902645.46,5702.75,6131.20,228.58
21168000.00,1104883445520.51,-976487109401.14,-25887990368.75,6068.80,6229.45,148.64
21600000.00,1107580885979.70,-973770413946.62,-25843007743.37,6419.02,6352.62,57.17
22032000.00,1110428593175.64,-970994487697.10,-25840605416.14,6766.58,6504.83,-49.31
22464000.00,1113428172083.27,-968144991472.97,-25888474753.16,7124.43,6695.48,-176.99
22896000.00,1116587225943.55,-965201827359.43,-25997918848.17,7507.87,6942.81,-336.95
23328000.00,1119921027103.82,-962133519211.87,-26186963894.41,7937.78,7283.99,-550.73
23760000.00,1123455940740.71,-958883565715.78,-26487851722.91,8445.61,7807.02,-867.59
24192000.00,1127234039594.13,-955326988572.12,-26970277301.93,9066.83,8785.92,-1434.69
24624000.00,1131259738034.77,-951046041755.41,-27853722989.76,9266.52,11738.23,-2994.93
25056000.00,1133019714136.20,-945325453060.11,-29265288946.81,-568.58,10136.55,-1177.52
25488000.00,1133255682006.10,-941769989628.16,-29387779380.96,1513.36,7272.35,127.67
25920000.00,1134174901722.13,-938764647581.24,-29285716475.08,2637.41,6745.17,300.62
26352000.00,1135472971811.30,-935894460058.34,-29147041924.20,3329.30,6571.02,330.82
26784000.00,1137022664102.02,-933071373600.16,-29005407154.33,3823.50,6510.28,321.06
27216000.00,1138760389479.63,-930262423098.33,-28871823611.66,4209.03,6499.96,295.58
27648000.00,1140649231821.26,-927451542156.45,-28751077841.60,4527.84,6516.89,262.38
28080000.00,1142665747494.44,-924629436583.78,-28645738000.58,4802.84,6550.85,224.55
28512000.00,1144794230260.83,-921789940858.03,-28557497662.83,5047.95,6596.88,183.31
28944000.00,1147023870851.77,-918928427543.70,-28487729145.71,5272.37,6652.54,139.04
29376000.00,1149347217661.35,-916041002511.97,-28437753429.67,5482.66,6716.77,91.63
29808000.00,1151759286387.72,-913124028010.28,-28409002195.38,5683.84,6789.41,40.67
30240000.00,1154257055028.65,-910173771850.74,-28403151812.39,5880.06,6871.04,-14.55
30672000.00,1156839208887.77,-907186105867.34,-28422256516.92,6075.12,6962.91,-75.09
31104000.00,1159506044218.38,-904156181080.86,-28468909619.67,6272.75,7067.16,-142.41
