0.00,2204892602667.17,1954674846487.30,-14581261123.20,-5022.83,4776.30,-0.00
426082.00,2202750923926.27,1956710113654.37,-14581662253.16,-5030.06,4777.11,-1.89
852164.00,2200606174513.57,1958745735731.73,-14582872215.76,-5037.25,4777.97,-3.80
1278246.00,2198458366737.67,1960781735707.74,-14584901028.36,-5044.41,4778.88,-5.73
1704328.00,2196307513228.15,1962818137116.58,-14587758924.36,-5051.54,4779.85,-7.69
2130410.00,2194153626952.51,1964854964054.21,-14591456359.75,-5058.65,4780.88,-9.67
2556492.00,2191996721234.53,1966892241194.90,-14596004019.78,-5065.72,4781.97,-11.68
2982574.00,2189836809773.27,1968929993808.43,-14601412825.97,-5072.76,4783.11,-13.71
3408656.00,2187673906663.18,1970968247777.73,-14607693943.31,-5079.76,4784.32,-15.77
3834738.00,2185508026415.23,1973007029617.12,-14614858787.72,-5086.73,4785.59,-17.86
4260820.00,2183339183979.36,1975046366491.32,-14622919033.76,-5093.66,4786.93,-19.98
4686902.00,2181167394767.78,1977086286234.92,-14631886622.64,-5100.56,4788.33,-22.12
5112984.00,2178992674680.04,1979126817372.65,-14641773770.50,-5107.42,4789.80,-24.29
5539066.00,2176815040129.08,1981167989140.30,-14652592976.98,-5114.24,4791.34,-26.50
5965148.00,2174634508068.93,1983209831506.30,-14664357034.10,-5121.02,4792.95,-28.73
6391230.00,2172451096023.96,1985252375194.11,-14677079035.44,-5127.76,4794.63,-30.99
6817312.00,2170264822119.77,1987295651705.33,-14690772385.69,-5134.45,4796.39,-33.29
7243394.00,2168075705115.81,1989339693343.58,-14705450810.49,-5141.10,4798.22,-35.62
7669476.00,2165883764440.05,1991384533239.26,-14721128366.62,-5147.71,4800.13,-37.98
8095558.00,2163689020225.47,1993430205375.02,-14737819452.59,-5154.26,4802.13,-40.37
8521640.00,2161491493348.88,1995476744612.22,-14755538819.61,-5160.77,4804.20,-42.81
8947722.00,2159291205471.96,1997524186718.14,-14774301582.85,-5167.22,4806.37,-45.27
9373804.00,2157088179084.81,1999572568394.19,-14794123233.22,-5173.62,4808.61,-47.78
9799886.00,2154882437552.09,2001621927305.04,-14815019649.52,-5179.97,4810.95,-50.32
10225968.00,2152674005162.00,2003672302108.52,-14837007110.92,-5186.25,4813.38,-52.90
10652050.00,2150462907178.42,2005723732486.77,-14860102310.04,-5192.48,4815.91,-55.52
11078132.00,2148249169896.02,2007776259178.13,-14884322366.31,-5198.64,4818.53,-58.18
11504214.00,2146032820699.09,2009829924010.08,-14909684839.90,-5204.74,4821.25,-60.88
11930296.00,2143813888123.91,2011884769933.20,-14936207746.03,-5210.77,4824.07,-63.62
12356378.00,2141592401925.31,2013940841056.22,-14963909569.82,-5216.73,4827.00,-66.41
12782460.00,2139368393147.33,2015998182681.87,-14992809281.57,-5222.61,4830.04,-69.25
13208542.00,2137141894198.52,2018056841343.93,-15022926352.50,-5228.41,4833.18,-72.13
13634624.00,2134912938932.21,2020116864845.14,-15054280771.06,-5234.14,4836.45,-75.06
14060706.00,2132681562732.15,2022178302296.15,-15086893059.63,-5239.78,4839.82,-78.03
14486788.00,2130447802603.75,2024241204155.40,-15120784291.78,-5245.33,4843.32,-81.06
14912870.00,2128211697271.50,2026305622269.90,-15155976109.93,-5250.78,4846.94,-84.14
15338952.00,2125973287282.90,2028371609916.84,-15192490743.53,-5256.14,4850.69,-87.27
15765034.00,2123732615119.77,2030439221845.97,-15230351027.69,-5261.40,4854.56,-90.45
16191116.00,2121489725316.91,2032508514322.76,-15269580422.17,-5266.55,4858.58,-93.70
16617198.00,2119244664589.30,2034579545172.02,-15310203030.85,-5271.59,4862.73,-96.99
17043280.00,2116997481967.92,2036652373822.04,-15352243621.53,-5276.51,4867.02,-100.35
17469362.00,2114748228945.33,2038727061349.06,-15395727645.99,-5281.31,4871.45,-103.77
17895444.00,2112496959631.73,2040803670521.73,-15440681260.38,-5285.97,4876.04,-107.25
18321526.00,2110243730921.96,2042882265845.48,-15487131345.77,-5290.50,4880.77,-110.79
18747608.00,2107988602674.67,2044962913606.55,-15535105528.73,-5294.89,4885.67,-114.40
19173690.00,2105731637904.65,2047045681915.06,-15584632201.94,-5299.12,4890.73,-118.08
19599772.00,2103472902989.09,2049130640747.17,-15635740544.70,-5303.20,4895.95,-121.83
20025854.00,2101212467889.14,2051217861985.45,-15688460543.03,-5307.10,4901.35,-125.65
20451936.00,2098950406387.96,2053307419457.27,-15742823009.35,-5310.83,4906.92,-129.54
20878018.00,2096686796346.55,2055399388970.11,-15798859601.45,-5314.37,4912.67,-133.51
21304100.00,2094421719978.69,2057493848343.63,-15856602840.47,-5317.71,4918.61,-137.55
21730182.00,2092155264146.90,2059590877437.05,-15916086127.62,-5320.84,4924.74,-141.67
22156264.00,2089887520680.73,2061690558171.28,-15977343759.27,-5323.75,4931.06,-145.88
22582346.00,2087618586719.27,2063792974544.20,-16040410939.94,-5326.43,4937.58,-150.17
23008428.00,2085348565080.14,2065898212637.92,-16105323792.80,-5328.86,4944.30,-154.54
23434510.00,2083077564656.60,2068006360616.45,-16172119366.98,-5331.02,4951.24,-159.01
23860592.00,2080805700845.37,2070117508711.72,-16240835641.04,-5332.91,4958.39,-163.56
24286674.00,2078533096007.37,2072231749195.69,-16311511521.88,-5334.50,4965.75,-168.20
24712756.00,2076259879964.07,2074349176336.25,-16384186838.01,-5335.77,4973.34,-172.94
25138838.00,2073986190532.02,2076469886333.72,-16458902326.25,-5336.71,4981.16,-177.78
25564920.00,2071712174098.47,2078593977234.65,-16535699610.47,-5337.30,4989.21,-182.72
25991002.00,2069437986241.24,2080721548818.60,-16614621170.94,-5337.52,4997.50,-187.75
26417084.00,2067163792394.26,2082852702453.97,-16695710302.61,-5337.33,5006.03,-192.89
26843166.00,2064889768568.74,2084987540916.66,-16779011060.24,-5336.71,5014.80,-198.13
27269248.00,2062616102118.43,2087126168165.91,-16864568188.14,-5335.65,5023.81,-203.48
27695330.00,2060342992570.38,2089268689070.26,-16952427031.84,-5334.09,5033.08,-208.94
28121412.00,2058070652511.07,2091415209074.96,-17042633428.44,-5332.03,5042.59,-214.50
28547494.00,2055799308535.92,2093565833801.60,-17135233572.28,-5329.41,5052.34,-220.17
28973576.00,2053529202263.68,2095720668569.25,-17230273851.61,-5326.21,5062.35,-225.96
29399658.00,2051260591417.55,2097879817824.27,-17327800651.50,-5322.39,5072.59,-231.85
29825740.00,2048993750973.99,2100043384464.58,-17427860117.62,-5317.89,5083.08,-237.84
30251822.00,2046728974379.27,2102211469042.41,-17530497874.43,-5312.69,5093.80,-243.95
30677904.00,2044466574831.69,2104384168826.38,-17635758690.80,-5306.73,5104.74,-250.16
31103986.00,2042206886626.28,2106561576702.61,-17743686084.76,-5299.96,5115.90,-256.46
