0.00,4446656833754.85,-642700511817.68,-132627978983.50,1030.83,5209.17,0.00
424800.00,4447094058403.59,-640487653315.85,-132627781793.67,1027.65,5209.18,0.93
849600.00,4447529931191.59,-638274788690.28,-132627190413.66,1024.47,5209.20,1.86
1274400.00,4447964451331.48,-636061917728.13,-132626205128.54,1021.28,5209.21,2.78
1699200.00,4448397618037.92,-633849040216.95,-132624826224.61,1018.10,5209.23,3.71
2124000.00,4448829430527.58,-631636155944.71,-132623053989.34,1014.91,5209.25,4.64
2548800.00,4449259888019.10,-629423264699.77,-132620888711.45,1011.72,5209.26,5.56
2973600.00,4449688989733.17,-627210366270.89,-132618330680.77,1008.52,5209.28,6.49
3398400.00,4450116734892.38,-624997460447.23,-132615380188.39,1005.33,5209.30,7.41
3823200.00,4450543122721.36,-622784547018.32,-132612037526.58,1002.13,5209.32,8.33
4248000.00,4450968152446.71,-620571625774.10,-132608302988.76,998.94,5209.33,9.25
4672800.00,4451391823296.92,-618358696504.88,-132604176869.56,995.74,5209.35,10.18
5097600.00,4451814134502.49,-616145759001.35,-132599659464.80,992.53,5209.37,11.10
5522400.00,4452235085295.85,-613932813054.56,-132594751071.51,989.33,5209.39,12.02
5947200.00,4452654674911.36,-611719858455.94,-132589451987.81,986.13,5209.41,12.94
6372000.00,4453072902585.29,-609506894997.30,-132583762513.07,982.92,5209.43,13.85
6796800.00,4453489767555.82,-607293922470.82,-132577682947.84,979.71,5209.46,14.77
7221600.00,4453905269063.10,-605080940668.99,-132571213593.86,976.50,5209.48,15.69
7646400.00,4454319406349.17,-602867949384.65,-132564354753.99,973.29,5209.50,16.61
8071200.00,4454732178657.90,-600654948411.07,-132557106732.26,970.07,5209.52,17.52
8496000.00,4455143585235.08,-598441937541.83,-132549469833.91,966.86,5209.55,18.44
8920800.00,4455553625328.38,-596228916570.85,-132541444365.39,963.64,5209.57,19.35
9345600.00,4455962298187.40,-594015885292.35,-132533030634.30,960.42,5209.60,20.26
9770400.00,4456369603063.56,-591802843500.89,-132524228949.35,957.20,5209.62,21.18
10195200.00,4456775539210.15,-589589790991.44,-132515039620.41,953.98,5209.65,22.09
10620000.00,4457180105882.24,-587376727559.27,-132505462958.56,950.75,5209.67,23.00
11044800.00,4457583302336.82,-585163652999.97,-132495499276.09,947.53,5209.70,23.91
11469600.00,4457985127832.71,-582950567109.43,-132485148886.44,944.30,5209.73,24.82
11894400.00,4458385581630.58,-580737469683.82,-132474412104.24,941.07,5209.75,25.73
12319200.00,4458784662992.95,-578524360519.65,-132463289245.16,937.84,5209.78,26.64
12744000.00,4459182371184.09,-576311239413.81,-132451780626.06,934.60,5209.81,27.55
13168800.00,4459578705470.06,-574098106163.51,-132439886565.00,931.37,5209.84,28.45
13593600.00,4459973665118.76,-571884960566.20,-132427607381.26,928.13,5209.87,29.36
14018400.00,4460367249399.88,-569671802419.65,-132414943395.26,924.89,5209.90,30.27
14443200.00,4460759457584.99,-567458631521.90,-132401894928.62,921.65,5209.93,31.17
14868000.00,4461150288947.39,-565245447671.26,-132388462304.06,918.41,5209.96,32.07
15292800.00,4461539742762.18,-563032250666.35,-132374645845.39,915.17,5209.99,32.98
15717600.00,4461927818306.15,-560819040306.19,-132360445877.56,911.92,5210.02,33.88
16142400.00,4462314514857.88,-558605816390.05,-132345862726.78,908.67,5210.05,34.78
16567200.00,4462699831697.69,-556392578717.43,-132330896720.46,905.42,5210.09,35.68
16992000.00,4463083768107.68,-554179327088.16,-132315548187.13,902.17,5210.12,36.58
17416800.00,4463466323371.72,-551966061302.28,-132299817456.53,898.92,5210.15,37.48
17841600.00,4463847496775.45,-549752781160.10,-132283704859.56,895.67,5210.19,38.38
18266400.00,4464227287606.21,-547539486462.16,-132267210728.16,892.41,5210.22,39.28
18691200.00,4464605695153.05,-545326177009.34,-132250335395.41,889.16,5210.26,40.18
19116000.00,4464982718706.73,-543112852602.85,-132233079195.54,885.90,5210.29,41.07
19540800.00,4465358357559.62,-540899513044.15,-132215442464.03,882.64,5210.33,41.97
19965600.00,4465732611005.89,-538686158134.90,-132197425537.56,879.37,5210.36,42.86
20390400.00,4466105478341.40,-536472787677.00,-132179028753.94,876.11,5210.40,43.76
20815200.00,4466476958863.70,-534259401472.66,-132160252452.16,872.84,5210.44,44.65
21240000.00,4466847051872.08,-532045999324.24,-132141096972.42,869.58,5210.48,45.54
21664800.00,4467215756667.51,-529832581034.31,-132121562656.00,866.31,5210.51,46.43
22089600.00,4467583072552.62,-527619146405.72,-132101649845.27,863.04,5210.55,47.32
22514400.00,4467948998831.69,-525405695241.61,-132081358883.74,859.77,5210.59,48.21
22939200.00,4468313534810.61,-523192227345.38,-132060690116.06,856.49,5210.63,49.10
23364000.00,4468676679796.90,-520978742520.71,-132039643888.12,853.22,5210.67,49.99
23788800.00,4469038433099.74,-518765240571.44,-132018220547.05,849.94,5210.71,50.88
24213600.00,4469398794029.98,-516551721301.58,-131996420441.14,846.66,5210.75,51.76
24638400.00,4469757761900.13,-514338184515.43,-131974243919.77,843.38,5210.79,52.65
25063200.00,4470115336024.34,-512124630017.47,-131951691333.60,840.10,5210.84,53.53
25488000.00,4470471515718.44,-509911057612.33,-131928763034.43,836.82,5210.88,54.42
25912800.00,4470826300299.87,-507697467104.83,-131905459375.13,833.53,5210.92,55.30
26337600.00,4471179689087.65,-505483858300.03,-131881780709.71,830.25,5210.97,56.18
26762400.00,4471531681402.41,-503270231003.25,-131857727393.27,826.96,5211.01,57.06
27187200.00,4471882276566.32,-501056585020.03,-131833299782.12,823.67,5211.05,57.95
27612000.00,4472231473903.16,-498842920156.15,-131808498233.74,820.38,5211.10,58.83
28036800.00,4472579272738.26,-496629236217.57,-131783323106.86,817.08,5211.14,59.70
28461600.00,4472925672398.60,-494415533010.38,-131757774761.47,813.79,5211.19,60.58
28886400.00,4473270672212.77,-492201810340.83,-131731853558.64,810.49,5211.23,61.46
29311200.00,4473614271510.93,-489988068015.44,-131705559860.61,807.20,5211.28,62.34
29736000.00,4473956469624.89,-487774305840.84,-131678894030.89,803.90,5211.33,63.21
30160800.00,4474297265887.99,-485560523623.79,-131651856434.12,800.59,5211.38,64.09
30585600.00,4474636659635.20,-483346721171.19,-131624447436.05,797.29,5211.42,64.96
31010400.00,4474974650203.04,-481132898290.17,-131596667403.54,793.99,5211.47,65.83
