0.00,2196714959674.14,1972218783809.06,-21173398970.02,-7937.90,6505.78,31.59
432000.00,2197657370479.02,1964014616927.43,-33270007977.56,2266.29,-20030.96,-29375.74
864000.00,2198635119032.81,1955361088783.41,-45959368505.42,2260.52,-20032.37,-29372.12
1296000.00,2199610525668.27,1946706390153.30,-58647818128.04,2255.28,-20035.81,-29370.86
1728000.00,2200583700745.84,1938050082530.96,-71335862818.30,2250.16,-20039.74,-29370.14
2160000.00,2201554670145.62,1929392031299.69,-84023648564.48,2245.07,-20043.86,-29369.63
2592000.00,2202523439009.06,1920732176895.47,-96711232485.40,2239.97,-20048.07,-29369.20
3024000.00,2203490004857.78,1912070487651.56,-109398638714.63,2234.87,-20052.35,-29368.80
3456000.00,2204454361777.74,1903406944757.81,-122085876230.09,2229.74,-20056.65,-29368.41
3888000.00,2205416502103.79,1894741536210.84,-134772946028.31,2224.60,-20060.98,-29368.02
4320000.00,2206376417207.94,1886074253989.88,-147459844475.82,2219.44,-20065.33,-29367.62
4752000.00,2207334097909.94,1877405092592.30,-160146565048.92,2214.26,-20069.68,-29367.20
5184000.00,2208289534709.06,1868734048212.16,-172833099311.29,2209.05,-20074.04,-29366.75
5616000.00,2209242717923.93,1860061118250.43,-185519437498.46,2203.83,-20078.41,-29366.29
6048000.00,2210193637781.57,1851386301008.31,-198205568885.25,2198.58,-20082.78,-29365.80
6480000.00,2211142284476.48,1842709595487.45,-210891482026.60,2193.30,-20087.15,-29365.28
6912000.00,2212088648211.97,1834031001255.23,-223577164921.09,2188.01,-20091.53,-29364.73
7344000.00,2213032719229.67,1825350518351.49,-236262605125.51,2182.69,-20095.90,-29364.15
7776000.00,2213974487831.70,1816668147222.35,-248947789837.27,2177.35,-20100.27,-29363.55
8208000.00,2214913944397.72,1807983888672.10,-261632705955.24,2171.98,-20104.63,-29362.91
8640000.00,2215851079398.41,1799297743827.92,-274317340125.68,2166.60,-20109.00,-29362.24
9072000.00,2216785883406.46,1790609714113.22,-287001678777.58,2161.19,-20113.36,-29361.54
9504000.00,2217718347105.77,1781919801227.52,-299685708150.53,2155.76,-20117.72,-29360.81
9936000.00,2218648461299.39,1773228007130.86,-312369414317.08,2150.31,-20122.07,-29360.05
10368000.00,2219576216916.39,1764534334031.71,-325052783200.90,2144.84,-20126.42,-29359.25
10800000.00,2220501605017.93,1755838784377.39,-337735800592.06,2139.35,-20130.76,-29358.42
11232000.00,2221424616802.88,1747141360846.50,-350418452159.78,2133.84,-20135.09,-29357.56
11664000.00,2222345243612.85,1738442066342.77,-363100723463.57,2128.31,-20139.42,-29356.66
12096000.00,2223263476936.95,1729740903990.11,-375782599962.87,2122.76,-20143.74,-29355.73
12528000.00,2224179308416.15,1721037877128.53,-388464067025.67,2117.19,-20148.05,-29354.76
12960000.00,2225092729847.46,1712332989310.71,-401145109936.23,2111.60,-20152.36,-29353.76
13392000.00,2226003733187.85,1703626244299.13,-413825713902.23,2106.00,-20156.65,-29352.73
13824000.00,2226912310558.09,1694917646063.64,-426505864061.23,2100.37,-20160.93,-29351.66
14256000.00,2227818454246.26,1686207198779.34,-439185545486.88,2094.73,-20165.21,-29350.56
14688000.00,2228722156711.30,1677494906824.64,-451864743194.64,2089.07,-20169.47,-29349.42
15120000.00,2229623410586.31,1668780774779.64,-464543442147.30,2083.40,-20173.73,-29348.25
15552000.00,2230522208681.77,1660064807424.55,-477221627260.30,2077.70,-20177.97,-29347.04
15984000.00,2231418543988.67,1651347009738.25,-489899283406.75,2071.99,-20182.20,-29345.80
16416000.00,2232312409681.49,1642627386896.93,-502576395422.50,2066.27,-20186.42,-29344.52
16848000.00,2233203799121.18,1633905944272.81,-515252948110.88,2060.53,-20190.63,-29343.21
17280000.00,2234092705857.93,1625182687432.75,-527928926247.51,2054.77,-20194.82,-29341.86
17712000.00,2234979123633.89,1616457622137.09,-540604314584.93,2049.01,-20199.00,-29340.48
18144000.00,2235863046385.82,1607730754338.28,-553279097857.22,2043.22,-20203.17,-29339.06
18576000.00,2236744468247.64,1599002090179.63,-565953260784.55,2037.43,-20207.32,-29337.61
19008000.00,2237623383552.89,1590271635993.96,-578626788077.68,2031.62,-20211.45,-29336.12
19440000.00,2238499786837.07,1581539398302.26,-591299664442.40,2025.80,-20215.57,-29334.60
19872000.00,2239373672839.94,1572805383812.28,-603971874584.04,2019.97,-20219.68,-29333.04
20304000.00,2240245036507.71,1564069599417.10,-616643403211.83,2014.12,-20223.77,-29331.44
20736000.00,2241113872995.17,1555332052193.60,-629314235043.31,2008.27,-20227.84,-29329.81
21168000.00,2241980177667.60,1546592749400.93,-641984354808.67,2002.40,-20231.89,-29328.14
21600000.00,2242843946102.81,1537851698478.91,-654653747255.18,1996.52,-20235.93,-29326.44
22032000.00,2243705174092.84,1529108907046.32,-667322397151.42,1990.64,-20239.95,-29324.71
22464000.00,2244563857645.82,1520364382899.18,-679990289291.68,1984.74,-20243.95,-29322.94
22896000.00,2245419992987.49,1511618134008.92,-692657408500.23,1978.84,-20247.94,-29321.13
23328000.00,2246273576562.80,1502870168520.58,-705323739635.57,1972.93,-20251.90,-29319.29
23760000.00,2247124605037.35,1494120494750.77,-717989267594.74,1967.01,-20255.85,-29317.41
24192000.00,2247973075298.69,1485369121185.74,-730653977317.55,1961.09,-20259.77,-29315.50
24624000.00,2248818984457.63,1476616056479.28,-743317853790.77,1955.16,-20263.68,-29313.55
25056000.00,2249662329849.37,1467861309450.56,-755980882052.38,1949.22,-20267.56,-29311.57
25488000.00,2250503109034.52,1459104889081.92,-768643047195.68,1943.27,-20271.42,-29309.56
25920000.00,2251341319800.08,1450346804516.62,-781304334373.50,1937.33,-20275.26,-29307.51
26352000.00,2252176960160.29,1441587065056.48,-793964728802.27,1931.38,-20279.08,-29305.42
26784000.00,2253010028357.35,1432825680159.40,-806624215766.13,1925.42,-20282.88,-29303.31
27216000.00,2253840522862.05,1424062659436.98,-819282780621.00,1919.46,-20286.66,-29301.15
27648000.00,2254668442374.39,1415298012651.94,-831940408798.58,1913.50,-20290.41,-29298.97
28080000.00,2255493785823.99,1406531749715.46,-844597085810.32,1907.53,-20294.14,-29296.75
28512000.00,2256316552370.37,1397763880684.57,-857252797251.42,1901.57,-20297.84,-29294.50
28944000.00,2257136741403.25,1388994415759.39,-869907528804.66,1895.60,-20301.53,-29292.21
29376000.00,2257954352542.67,1380223365280.34,-882561266244.33,1889.63,-20305.19,-29289.90
29808000.00,2258769385638.99,1371450739725.28,-895213995439.98,1883.67,-20308.82,-29287.55
30240000.00,2259581840772.85,1362676549706.63,-907865702360.22,1877.70,-20312.43,-29285.16
30672000.00,2260391718254.94,1353900805968.38,-920516373076.40,1871.73,-20316.01,-29282.75
31104000.00,2261199018625.80,1345123519383.09,-933165993766.29,1865.77,-20319.57,-29280.30
