0.00,978234865885.13,-1119113969339.09,-19369367260.64,11255.41,12530.44,-39.01
432000.00,981238820797.27,-1116843003303.24,-19295144815.09,11784.91,8897.22,501.26
864000.00,983191993818.08,-1112864314189.34,-19599165502.36,367.14,561.02,-297.09
1296000.00,987310845281.51,-1111644356198.03,-19210195120.78,10741.38,8409.79,404.37
1728000.00,990470033853.57,-1107277409481.61,-19363750471.24,3203.50,10055.33,-1007.41
2160000.00,991450030122.73,-1105566864728.20,-19536004801.89,8591.12,-460.93,1170.09
2592000.00,996107710439.97,-1103691031941.05,-19134556924.10,10323.05,7769.05,432.98
3024000.00,999803162514.51,-1099718127180.65,-19145816553.42,6522.53,10053.08,-456.52
3456000.00,1001508115667.06,-1095618228557.00,-19490729443.02,1075.56,7537.36,-1015.15
3888000.00,1002836720507.87,-1094701524025.40,-19498643927.74,9193.67,667.60,1149.49
4320000.00,1007366391943.98,-1092892196815.60,-19099918063.28,10307.10,6760.58,577.72
4752000.00,1011394311640.11,-1089412218474.38,-18986957486.47,8211.64,9024.69,-35.03
5184000.00,1014381769343.11,-1085316066704.45,-19115524406.39,5472.43,9703.99,-554.57
5616000.00,1015968412907.68,-1081358315426.51,-19449883007.42,1633.81,7836.13,-934.62
6048000.00,1016717972659.80,-1079874303818.33,-19609269656.89,6008.57,-457.67,804.96
6480000.00,1020748184422.30,-1078870204970.64,-19178818996.69,10337.64,4990.38,830.29
6912000.00,1025022557367.71,-1076075297795.48,-18929129657.45,9289.93,7610.30,341.85
7344000.00,1028721761697.68,-1072487963108.92,-18868014479.64,7786.90,8865.84,-50.39
7776000.00,1031715949623.87,-1068515621963.50,-18965753499.37,6001.43,9421.07,-401.05
8208000.00,1033833152066.87,-1064468174710.90,-19211497911.13,3651.43,9101.10,-733.74
8640000.00,1034752916160.05,-1061059016182.28,-19568128596.84,651.81,5595.48,-774.99
9072000.00,1036105119277.33,-1060323272294.01,-19520516753.22,7915.59,707.28,1006.59
9504000.00,1040205791599.62,-1058954607049.66,-19107046086.53,9914.96,5152.82,781.23
9936000.00,1044349981918.47,-1056238489565.43,-18851646082.19,9172.68,7194.64,413.61
10368000.00,1048099725937.69,-1052873647755.11,-18737922214.23,8161.67,8292.93,120.04
10800000.00,1051389876562.52,-1049138612719.60,-18741732696.34,7042.68,8945.65,-135.50
11232000.00,1054163564588.86,-1045192180657.95,-18852479231.98,5750.44,9271.30,-378.24
11664000.00,1056313516983.34,-1041190369707.16,-19068006977.68,4112.50,9151.58,-621.16
12096000.00,1057627437090.11,-1037448801804.60,-19383194301.47,1826.70,7788.43,-813.60
12528000.00,1058082965582.21,-1035202874637.79,-19647969660.21,1960.02,1370.03,11.78
12960000.00,1060828058360.34,-1034736944453.42,-19320747035.54,9133.74,2831.98,989.11
13392000.00,1064914597482.64,-1032808803261.24,-18957271657.61,9429.98,5734.22,681.35
13824000.00,1068865322772.33,-1029992985335.86,-18723631988.78,8816.79,7171.32,409.59
14256000.00,1072519151369.46,-1026696725737.93,-18595075729.74,8086.02,8031.52,190.68
14688000.00,1075847946927.17,-1023096773535.30,-18554139130.47,7312.38,8602.05,0.93
15120000.00,1078830570841.07,-1019292742658.93,-18591824597.97,6476.70,8983.92,-175.32
15552000.00,1081430012017.04,-1015359602371.78,-18704747946.95,5525.94,9196.14,-348.94
15984000.00,1083577863213.96,-1011380415593.75,-18893559581.93,4362.88,9174.35,-527.54
16416000.00,1085147004416.12,-1007503676205.39,-19160197433.50,2803.69,8630.94,-704.85
16848000.00,1085925384713.94,-1004173056518.22,-19483505486.61,784.15,6165.86,-716.92
17280000.00,1086666426227.86,-1002891089382.23,-19555343378.22,5031.63,501.91,676.43
17712000.00,1090014517040.25,-1001993948899.05,-19157871897.53,9020.03,3857.55,905.29
18144000.00,1093942842631.19,-999824333808.20,-18823122037.68,8998.49,5954.81,646.39
18576000.00,1097732617213.26,-996987968876.00,-18591205381.21,8520.92,7087.10,434.31
19008000.00,1101297897511.57,-993761513803.70,-18441495905.30,7977.54,7808.27,262.84
19440000.00,1104624755363.99,-990273813938.09,-18360192708.25,7418.69,8314.86,115.60
19872000.00,1107706711946.22,-986597725283.71,-18339265466.32,6841.58,8688.21,-17.99
20304000.00,1110532505426.15,-982782174236.65,-18374428913.55,6228.80,8963.23,-145.05
20736000.00,1113081171772.84,-978866997758.83,-18464085496.34,5552.44,9148.26,-271.11
21168000.00,1115316507619.48,-974893901979.30,-18608850584.26,4768.03,9224.51,-400.96
21600000.00,1117176901921.82,-970922351691.96,-18811204327.81,3798.39,9120.13,-538.03
22032000.00,1118554984119.83,-967071216999.34,-19073564137.09,2502.27,8594.54,-675.01
22464000.00,1119276123911.10,-963686563436.97,-19380836616.83,794.10,6619.57,-697.51
22896000.00,1119737670993.53,-961997099032.65,-19516072785.37,3281.35,1038.54,403.16
23328000.00,1122545586262.73,-961232957171.70,-19156727985.19,8323.43,3317.12,934.58
23760000.00,1126268705490.21,-959274316520.80,-18796825768.94,8674.58,5510.98,723.22
24192000.00,1129957106875.40,-956619797242.73,-18526779253.77,8365.57,6682.39,533.26
24624000.00,1133484917709.16,-953564651892.56,-18330010151.66,7958.96,7418.05,381.93
25056000.00,1136833149196.15,-950243479558.84,-18192795576.53,7538.90,7934.32,255.77
25488000.00,1139999610717.12,-946728969037.82,-18106429283.39,7117.56,8322.32,145.39
25920000.00,1142983274013.31,-943066038293.08,-18065478190.21,6691.46,8625.99,44.76
26352000.00,1145780386346.19,-939285743319.11,-18066673333.81,6252.15,8867.87,-50.28
26784000.00,1148382879260.35,-935412153442.28,-18108306207.15,5788.04,9058.55,-142.91
27216000.00,1150776804185.26,-931466717503.71,-18189936477.02,5283.13,9199.71,-235.91
27648000.00,1152939875470.86,-927472202357.53,-18312296382.89,4714.07,9282.86,-331.95
28080000.00,1154837084301.18,-923458440278.39,-18477275817.92,4043.72,9281.46,-433.68
28512000.00,1156412200318.33,-919474565889.90,-18687757583.90,3207.66,9125.10,-542.63
28944000.00,1157571140830.04,-915624032854.24,-18945912606.48,2090.56,8601.96,-650.86
29376000.00,1158165669154.53,-912200959327.52,-19238786896.28,619.42,6875.72,-665.62
29808000.00,1158445971129.34,-910237748635.77,-19397286987.61,2179.57,1753.37,230.19
30240000.00,1160792575098.18,-909448355047.69,-19075154883.62,7570.83,3075.33,935.88
30672000.00,1164267030363.72,-907593490484.11,-18702655966.74,8219.33,5282.18,769.99
31104000.00,1167788180507.60,-905034988153.84,-18408119603.01,8037.34,6463.54,598.83
