0.00,4440933188700.96,-651712393490.65,-99341035450.19,659.98,5790.09,0.00
432000.00,4441216791481.17,-649211610139.99,-99340407978.75,653.00,5787.60,2.90
864000.00,4441497390201.94,-646711906902.18,-99338530782.51,646.07,5785.09,5.79
1296000.00,4441775001179.16,-644213294748.49,-99335411583.27,639.17,5782.55,8.65
1728000.00,4442049640462.67,-641715784572.05,-99331057964.89,632.31,5779.99,11.50
2160000.00,4442321323843.56,-639219387194.82,-99325477376.27,625.49,5777.40,14.33
2592000.00,4442590066861.03,-636724113374.13,-99318677134.22,618.70,5774.79,17.15
3024000.00,4442855884809.41,-634229973809.22,-99310664426.35,611.94,5772.15,19.95
3456000.00,4443118792744.64,-631736979147.52,-99301446313.80,605.23,5769.49,22.73
3888000.00,4443378805490.97,-629245139990.79,-99291029733.97,598.54,5766.80,25.49
4320000.00,4443635937647.13,-626754466901.01,-99279421503.04,591.89,5764.09,28.25
4752000.00,4443890203592.71,-624264970406.19,-99266628318.81,585.27,5761.35,30.98
5184000.00,4444141617493.97,-621776661006.12,-99252656762.98,578.69,5758.59,33.70
5616000.00,4444390193309.98,-619289549177.75,-99237513303.60,572.13,5755.81,36.41
6048000.00,4444635944798.27,-616803645380.61,-99221204297.81,565.61,5753.00,39.10
6480000.00,4444878885520.52,-614318960062.26,-99203735993.76,559.12,5750.17,41.77
6912000.00,4445119028848.20,-611835503663.09,-99185114533.22,552.66,5747.31,44.44
7344000.00,4445356387967.73,-609353286621.78,-99165345953.82,546.23,5744.43,47.08
7776000.00,4445590975886.02,-606872319379.96,-99144436190.96,539.83,5741.52,49.72
8208000.00,4445822805435.68,-604392612387.19,-99122391080.55,533.46,5738.60,52.34
8640000.00,4446051889279.82,-601914176105.83,-99099216360.41,527.12,5735.64,54.95
9072000.00,4446278239917.47,-599437021015.47,-99074917673.17,520.80,5732.66,57.54
9504000.00,4446501869688.11,-596961157618.02,-99049500567.42,514.52,5729.66,60.13
9936000.00,4446722790776.94,-594486596441.66,-99022970500.64,508.26,5726.63,62.70
10368000.00,4446941015219.05,-592013348046.11,-98995332840.25,502.04,5723.58,65.25
10800000.00,4447156554904.60,-589541423026.22,-98966592866.47,495.83,5720.51,67.80
11232000.00,4447369421583.12,-587070832017.31,-98936755773.24,489.66,5717.41,70.33
11664000.00,4447579626868.18,-584601585698.59,-98905826671.16,483.51,5714.28,72.86
12096000.00,4447787182241.75,-582133694798.38,-98873810588.14,477.39,5711.13,75.37
12528000.00,4447992099058.62,-579667170097.60,-98840712472.50,471.30,5707.96,77.87
12960000.00,4448194388550.80,-577202022434.66,-98806537193.37,465.23,5704.76,80.35
13392000.00,4448394061831.73,-574738262709.35,-98771289543.89,459.19,5701.53,82.83
13824000.00,4448591129900.59,-572275901887.02,-98734974241.52,453.17,5698.28,85.30
14256000.00,4448785603646.38,-569814951003.31,-98697595930.98,447.18,5695.00,87.75
14688000.00,4448977493852.18,-567355421167.29,-98659159185.11,441.21,5691.70,90.20
15120000.00,4449166811199.19,-564897323567.15,-98619668506.71,435.26,5688.37,92.63
15552000.00,4449353566270.92,-562440669472.66,-98579128330.80,429.34,5685.02,95.05
15984000.00,4449537769557.08,-559985470240.93,-98537543024.90,423.45,5681.64,97.47
16416000.00,4449719431457.72,-557531737319.55,-98494916892.49,417.58,5678.23,99.87
16848000.00,4449898562287.13,-555079482250.99,-98451254172.76,411.73,5674.80,102.27
17280000.00,4450075172277.97,-552628716677.68,-98406559043.44,405.91,5671.33,104.65
17712000.00,4450249271585.08,-550179452344.58,-98360835622.22,400.11,5667.85,107.03
18144000.00,4450420870289.49,-547731701105.21,-98314087967.24,394.33,5664.33,109.40
18576000.00,4450589978402.41,-545285474924.77,-98266320080.61,388.58,5660.79,111.75
19008000.00,4450756605869.19,-542840785884.53,-98217535908.01,382.85,5657.21,114.10
19440000.00,4450920762573.16,-540397646187.35,-98167739341.17,377.14,5653.61,116.44
19872000.00,4451082458339.67,-537956068160.18,-98116934220.01,371.45,5649.98,118.77
20304000.00,4451241702939.97,-535516064259.97,-98065124332.36,365.79,5646.32,121.09
20736000.00,4451398506095.33,-533077647078.07,-98012313417.58,360.15,5642.64,123.40
21168000.00,4451552877480.84,-530640829343.38,-97958505167.04,354.53,5638.92,125.71
21600000.00,4451704826729.52,-528205623928.91,-97903703224.90,348.94,5635.17,128.00
22032000.00,4451854363436.44,-525772043855.12,-97847911191.85,343.36,5631.40,130.29
22464000.00,4452001497162.49,-523340102294.37,-97791132624.70,337.81,5627.59,132.57
22896000.00,4452146237438.87,-520909812577.43,-97733371038.07,332.28,5623.75,134.84
23328000.00,4452288593770.98,-518481188196.40,-97674629907.87,326.78,5619.88,137.11
23760000.00,4452428575642.56,-516054242810.15,-97614912670.59,321.29,5615.97,139.36
24192000.00,4452566192520.24,-513628990250.77,-97554222725.54,315.83,5612.04,141.61
24624000.00,4452701453857.30,-511205444526.54,-97492563438.12,310.38,5608.07,143.85
25056000.00,4452834369098.45,-508783619827.89,-97429938139.11,304.96,5604.07,146.08
25488000.00,4452964947684.23,-506363530534.11,-97366350127.07,299.57,5600.04,148.31
25920000.00,4453093199055.22,-503945191216.41,-97301802671.75,294.19,5595.97,150.52
26352000.00,4453219132656.54,-501528616644.34,-97236299013.28,288.84,5591.87,152.73
26784000.00,4453342757943.06,-499113821792.77,-97169842364.62,283.50,5587.73,154.94
27216000.00,4453464084383.50,-496700821845.45,-97102435915.30,278.19,5583.56,157.13
27648000.00,4453583121465.33,-494289632201.39,-97034082830.68,272.91,5579.35,159.32
28080000.00,4453699878700.14,-491880268482.38,-96964786254.05,267.64,5575.10,161.50
28512000.00,4453814365628.26,-489472746537.45,-96894549310.95,262.39,5570.82,163.67
28944000.00,4453926591823.63,-487067082448.78,-96823375108.72,257.17,5566.50,165.84
29376000.00,4454036566899.75,-484663292539.78,-96751266738.11,251.97,5562.15,168.00
29808000.00,4454144300514.96,-482261393381.04,-96678227277.81,246.80,5557.75,170.15
30240000.00,4454249802377.02,-479861401795.36,-96604259795.10,241.64,5553.31,172.29
30672000.00,4454353082249.79,-477463334866.47,-96529367346.74,236.51,5548.84,174.43
31104000.00,4454454149959.30,-475067209946.65,-96453552982.94,231.40,5544.32,176.56
