0.00,977774575788.11,-1118866167055.05,-19473650064.35,6733.87,6336.34,0.00
424800.00,980631089783.36,-1116170469000.48,-19473632911.24,6714.93,6354.46,0.17
849600.00,983480621386.10,-1113467458667.71,-19473390308.09,6700.86,6373.37,0.85
1274400.00,986323371964.83,-1110755593584.32,-19473005325.33,6682.75,6393.99,0.94
1699200.00,989158218341.48,-1108035528449.56,-19472569885.13,6664.14,6411.73,1.19
2124000.00,991986105694.31,-1105308176299.49,-19471896946.82,6649.82,6430.46,1.87
2548800.00,994807224257.33,-1102572069795.22,-19471074229.08,6631.90,6451.06,1.99
2973600.00,997620523674.42,-1099827647448.12,-19470189066.88,6613.33,6469.71,2.19
3398400.00,1000426193404.03,-1097075779557.83,-19469160079.57,6597.02,6486.45,2.78
3823200.00,1003225380219.91,-1094315959610.02,-19467882675.45,6580.92,6507.19,3.13
4248000.00,1006017102893.27,-1091547521694.38,-19466516787.44,6562.65,6526.75,3.30
4672800.00,1008800994838.76,-1088771019608.21,-19465071104.47,6544.12,6545.10,3.53
5097600.00,1011577255215.21,-1085987121287.06,-19463470257.70,6527.59,6561.90,4.11
5522400.00,1014346889627.15,-1083195360178.80,-19461622379.82,6511.35,6582.19,4.50
5947200.00,1017109069880.85,-1080395084712.79,-19459674049.08,6493.11,6601.68,4.68
6372000.00,1019863422336.10,-1077586721843.14,-19457640007.36,6474.56,6620.28,4.90
6796800.00,1022609897179.44,-1074770702386.96,-19455492774.19,6456.26,6637.53,5.26
7221600.00,1025349208242.55,-1071947422408.99,-19453115073.39,6440.72,6655.71,5.89
7646400.00,1028081529284.44,-1069115835331.97,-19450559265.78,6422.97,6675.57,6.12
8071200.00,1030806100274.32,-1066276023342.32,-19447913308.05,6404.47,6694.50,6.34
8496000.00,1033522771773.57,-1063428303839.69,-19445169408.65,6385.79,6712.79,6.59
8920800.00,1036231508746.83,-1060573019155.42,-19442306632.49,6367.31,6729.93,6.94
9345600.00,1038932923896.88,-1057710547659.57,-19439220917.13,6351.36,6747.69,7.56
9770400.00,1041627282291.65,-1054839946089.19,-19435947757.00,6333.57,6767.30,7.82
10195200.00,1044313854822.84,-1051961196743.42,-19432576758.17,6314.97,6786.09,8.05
10620000.00,1046992482234.70,-1049074576524.18,-19429104360.95,6296.18,6804.38,8.30
11044800.00,1049663103316.78,-1046180303073.85,-19425520784.11,6277.29,6822.06,8.58
11469600.00,1052325813841.62,-1043278773777.01,-19421784851.24,6259.45,6838.56,9.08
11894400.00,1054981405799.90,-1040369866221.26,-19417806074.11,6242.86,6857.36,9.57
12319200.00,1057629483346.43,-1037452812600.63,-19413689003.31,6224.36,6876.34,9.81
12744000.00,1060269599142.37,-1034527841112.58,-19409469034.31,6205.48,6894.70,10.06
13168800.00,1062901665724.72,-1031595152914.39,-19405140362.28,6186.47,6912.68,10.32
13593600.00,1065525631443.56,-1028654920967.83,-19400695449.74,6167.35,6930.17,10.61
14018400.00,1068141535325.66,-1025707460736.03,-19396106191.81,6148.83,6946.62,11.05
14443200.00,1070750045381.07,-1022752859919.68,-19391283638.77,6132.06,6964.57,11.59
14868000.00,1073351053401.43,-1019790311682.00,-19386298804.13,6113.50,6983.34,11.86
15292800.00,1075944035949.64,-1016819925826.16,-19381206273.34,6094.42,7001.51,12.12
15717600.00,1078528884341.47,-1013841900644.20,-19376003207.01,6075.21,7019.33,12.38
16142400.00,1081105550785.35,-1010856369272.42,-19370684661.73,6055.90,7036.84,12.66
16567200.00,1083673994812.36,-1007863499386.58,-19365242315.26,6036.54,7053.81,12.98
16992000.00,1086234360596.26,-1004863617110.30,-19359634372.43,6018.27,7069.97,13.48
17416800.00,1088787289484.00,-1001856517607.80,-19353796443.02,6000.76,7088.12,13.94
17841600.00,1091332407436.54,-998841592258.14,-19347817613.05,5981.72,7106.40,14.20
18266400.00,1093869341134.31,-995819019640.24,-19341728217.34,5962.33,7124.17,14.47
18691200.00,1096398012038.12,-992788960660.01,-19335524008.08,5942.82,7141.66,14.74
19116000.00,1098918377823.96,-989751524562.72,-19329200983.91,5923.22,7158.90,15.03
19540800.00,1101430395858.80,-986706838661.30,-19322753849.67,5903.53,7175.75,15.33
19965600.00,1103934092844.39,-983655150019.61,-19316160219.90,5884.26,7191.79,15.75
20390400.00,1106429983824.16,-980596597156.01,-19309346983.04,5866.60,7208.73,16.30
20815200.00,1108918130189.46,-977530488518.40,-19302355658.81,5847.57,7226.79,16.60
21240000.00,1111398032714.67,-974456820085.01,-19295246760.66,5827.95,7244.34,16.87
21664800.00,1113869560767.57,-971375762158.43,-19288024238.47,5808.16,7261.59,17.14
22089600.00,1116332666858.43,-968287426596.63,-19280681763.03,5788.30,7278.62,17.43
22514400.00,1118787316528.46,-965191903254.26,-19273216721.91,5768.35,7295.42,17.72
22939200.00,1121233471238.79,-962089308845.04,-19265624694.03,5748.32,7311.86,18.03
23364000.00,1123671164841.62,-958979876450.11,-19257883861.62,5728.72,7327.56,18.45
23788800.00,1126100885145.11,-955863722666.05,-19249925807.93,5710.61,7344.11,18.99
24213600.00,1128522695866.98,-952740194245.10,-19241788971.40,5691.24,7361.77,19.30
24638400.00,1130936104605.23,-949609266003.34,-19233533614.19,5671.22,7378.93,19.57
25063200.00,1133340986823.89,-946471122431.80,-19225161094.62,5651.11,7395.79,19.85
25488000.00,1135737307577.83,-943325855999.43,-19216669528.91,5630.92,7412.47,20.13
25912800.00,1138125028178.17,-940173540383.76,-19208055420.15,5610.62,7428.97,20.43
26337600.00,1140504109462.28,-937014263565.25,-19199314200.32,5590.24,7445.22,20.73
26762400.00,1142874524674.99,-933848165753.57,-19190438665.34,5569.86,7461.02,21.07
27187200.00,1145236423045.78,-930675509210.49,-19181391006.63,5550.45,7476.24,21.57
27612000.00,1147590319361.33,-927496096422.39,-19172122341.98,5531.61,7493.07,22.02
28036800.00,1149935915333.87,-924309424414.73,-19162704252.21,5511.51,7510.07,22.31
28461600.00,1152272885181.68,-921115619401.07,-19153166041.03,5491.08,7526.68,22.60
28886400.00,1154601151248.51,-917914812053.79,-19143506782.60,5470.54,7543.06,22.88
29311200.00,1156920673188.95,-914707088618.38,-19133726180.61,5449.92,7559.25,23.17
29736000.00,1159231427791.63,-911492520133.08,-19123822079.48,5429.25,7575.29,23.46
30160800.00,1161533382699.63,-908271175049.25,-19113791525.45,5408.49,7591.14,23.76
30585600.00,1163826504209.59,-905043160826.88,-19103629966.36,5387.68,7606.64,24.09
31010400.00,1166110846005.38,-901808696415.90,-19093312533.79,5367.37,7621.49,24.52
