0.00,2186621342594.19,1972874127741.16,-15150357073.42,-4791.02,5497.77,-0.00
432000.00,2184553874826.71,1975247954418.29,-15152294562.08,-4780.62,5492.09,-8.94
864000.00,2182490848763.01,1977619232238.95,-15158047361.13,-4770.46,5485.97,-17.67
1296000.00,2180432164341.63,1979987771760.49,-15167525578.95,-4760.53,5479.42,-26.18
1728000.00,2178377718619.18,1982353392853.37,-15180639012.02,-4750.83,5472.46,-34.49
2160000.00,2176327406234.59,1984715924466.23,-15197297387.72,-4741.39,5465.12,-42.60
2592000.00,2174281119840.55,1987075204373.20,-15217410584.71,-4732.20,5457.41,-50.49
3024000.00,2172238750502.85,1989431078907.08,-15240888831.98,-4723.26,5449.36,-58.18
3456000.00,2170200188068.82,1991783402681.86,-15267642887.54,-4714.57,5440.97,-65.66
3888000.00,2168165321505.72,1994132038307.44,-15297584198.19,-4706.15,5432.28,-72.93
4320000.00,2166134039210.73,1996476856099.43,-15330625041.18,-4697.98,5423.30,-80.01
4752000.00,2164106229293.60,1998817733786.20,-15366678649.28,-4690.07,5414.05,-86.88
5184000.00,2162081779833.55,2001154556215.27,-15405659320.20,-4682.42,5404.53,-93.56
5616000.00,2160060579111.76,2003487215061.02,-15447482511.58,-4675.03,5394.77,-100.04
6048000.00,2158042515820.99,2005815608534.97,-15492064922.66,-4667.90,5384.79,-106.33
6480000.00,2156027479253.71,2008139641100.27,-15539324563.68,-4661.02,5374.59,-112.43
6912000.00,2154015359470.15,2010459223191.19,-15589180814.05,-4654.39,5364.18,-118.35
7344000.00,2152006047447.78,2012774270938.81,-15641554470.25,-4648.02,5353.59,-124.09
7776000.00,2149999435213.37,2015084705903.45,-15696367784.36,-4641.89,5342.83,-129.65
8208000.00,2147995415959.06,2017390454814.56,-15753544494.15,-4636.01,5331.90,-135.03
8640000.00,2145993884143.67,2019691449318.46,-15813009845.45,-4630.38,5320.82,-140.24
9072000.00,2143994735580.37,2021987625734.37,-15874690607.62,-4624.98,5309.60,-145.29
9504000.00,2141997867511.86,2024278924818.87,-15938515082.86,-4619.82,5298.24,-150.17
9936000.00,2140003178674.09,2026565291539.01,-16004413109.94,-4614.89,5286.76,-154.89
10368000.00,2138010569349.54,2028846674854.14,-16072316062.95,-4610.19,5275.17,-159.45
10800000.00,2136019941410.99,2031123027506.40,-16142156845.74,-4605.72,5263.48,-163.86
11232000.00,2134031198356.60,2033394305819.98,-16213869882.44,-4601.46,5251.68,-168.12
11664000.00,2132044245337.20,2035660469508.84,-16287391104.57,-4597.43,5239.80,-172.23
12096000.00,2130058989176.43,2037921481492.97,-16362657935.25,-4593.61,5227.83,-176.20
12528000.00,2128075338384.52,2040177307722.84,-16439609270.74,-4590.00,5215.79,-180.03
12960000.00,2126093203166.27,2042427917011.98,-16518185459.84,-4586.59,5203.68,-183.73
13392000.00,2124112495423.95,2044673280877.40,-16598328281.32,-4583.39,5191.51,-187.29
13824000.00,2122133128755.52,2046913373387.59,-16679980919.85,-4580.38,5179.28,-190.72
14256000.00,2120155018448.77,2049148171018.01,-16763087940.44,-4577.57,5166.99,-194.02
14688000.00,2118178081471.83,2051377652513.58,-16847595261.94,-4574.95,5154.67,-197.20
15120000.00,2116202236460.44,2053601798758.11,-16933450129.59,-4572.51,5142.30,-200.26
15552000.00,2114227403702.41,2055820592650.32,-17020601086.78,-4570.26,5129.89,-203.20
15984000.00,2112253505119.55,2058034018986.19,-17108997946.50,-4568.19,5117.45,-206.03
16416000.00,2110280464247.53,2060242064347.40,-17198591762.21,-4566.29,5104.98,-208.74
16848000.00,2108308206213.80,2062444716995.56,-17289334798.61,-4564.56,5092.48,-211.35
17280000.00,2106336657713.94,2064641966772.03,-17381180502.26,-4563.00,5079.96,-213.85
17712000.00,2104365746986.67,2066833805003.06,-17474083472.17,-4561.61,5067.43,-216.24
18144000.00,2102395403787.65,2069020224409.92,-17567999430.53,-4560.38,5054.88,-218.54
18576000.00,2100425559362.46,2071201219023.99,-17662885193.54,-4559.30,5042.31,-220.73
19008000.00,2098456146418.70,2073376784106.30,-17758698642.57,-4558.38,5029.74,-222.83
19440000.00,2096487099097.52,2075546916071.57,-17855398695.54,-4557.61,5017.16,-224.84
19872000.00,2094518352944.74,2077711612416.31,-17952945278.70,-4556.98,5004.58,-226.75
20304000.00,2092549844881.58,2079870871650.97,-18051299298.81,-4556.50,4991.99,-228.58
20736000.00,2090581513175.15,2082024693235.73,-18150422615.73,-4556.17,4979.40,-230.31
21168000.00,2088613297408.90,2084173077519.94,-18250278015.52,-4555.97,4966.82,-231.97
21600000.00,2086645138453.01,2086316025684.91,-18350829184.04,-4555.90,4954.24,-233.54
22032000.00,2084676978434.80,2088453539689.87,-18452040680.99,-4555.97,4941.66,-235.02
22464000.00,2082708760709.27,2090585622221.00,-18553877914.61,-4556.17,4929.09,-236.43
22896000.00,2080740429829.93,2092712276643.30,-18656307116.84,-4556.49,4916.53,-237.76
23328000.00,2078771931519.71,2094833506955.30,-18759295319.08,-4556.94,4903.98,-239.02
23760000.00,2076803212642.28,2096949317746.14,-18862810328.48,-4557.52,4891.44,-240.20
24192000.00,2074834221173.67,2099059714155.28,-18966820704.85,-4558.21,4878.91,-241.31
24624000.00,2072864906174.24,2101164701834.39,-19071295738.09,-4559.01,4866.40,-242.36
25056000.00,2070895217761.09,2103264286911.56,-19176205426.27,-4559.93,4853.90,-243.33
25488000.00,2068925107080.83,2105358475957.38,-19281520454.13,-4560.97,4841.42,-244.23
25920000.00,2066954526282.79,2107447275953.20,-19387212172.33,-4562.11,4828.95,-245.07
26352000.00,2064983428492.83,2109530694261.06,-19493252577.12,-4563.36,4816.50,-245.85
26784000.00,2063011767787.46,2111608738595.43,-19599614290.61,-4564.72,4804.07,-246.56
27216000.00,2061039499168.52,2113681416996.66,-19706270541.57,-4566.17,4791.66,-247.21
27648000.00,2059066578538.37,2115748737805.89,-19813195146.81,-4567.73,4779.27,-247.80
28080000.00,2057092962675.56,2117810709641.46,-19920362493.01,-4569.39,4766.90,-248.33
28512000.00,2055118609211.00,2119867341376.79,-20027747519.13,-4571.15,4754.55,-248.81
28944000.00,2053143476604.65,2121918642119.50,-20135325699.30,-4573.00,4742.22,-249.23
29376000.00,2051167524122.74,2123964621191.75,-20243073026.19,-4574.94,4729.91,-249.59
29808000.00,2049190711815.45,2126005288111.88,-20350965994.87,-4576.98,4717.62,-249.90
30240000.00,2047213000495.12,2128040652577.01,-20458981587.18,-4579.11,4705.36,-250.16
30672000.00,2045234351714.98,2130070724446.80,-20567097256.49,-4581.32,4693.12,-250.37
31104000.00,2043254727748.32,2132095513728.14,-20675290912.97,-4583.62,4680.90,-250.52
