0.00,981578017825.67,-1138968659769.33,-36189790755.49,7515.11,6496.52,-727.66
1200.00,981587035959.02,-1138960863946.84,-36190663949.26,7515.06,6496.62,-727.62
2400.00,981596054025.92,-1138953068000.69,-36191537091.45,7515.00,6496.72,-727.58
3600.00,981605072026.37,-1138945271930.89,-36192410182.08,7514.94,6496.83,-727.53
4800.00,981614089960.36,-1138937475737.44,-36193283221.15,7514.89,6496.93,-727.49
6000.00,981623107827.89,-1138929679420.34,-36194156208.65,7514.83,6497.03,-727.45
7200.00,981632125628.96,-1138921882979.60,-36195029144.59,7514.78,6497.14,-727.40
8400.00,981641143363.56,-1138914086415.22,-36195902028.96,7514.72,6497.24,-727.36
9600.00,981650161031.70,-1138906289727.21,-36196774861.77,7514.67,6497.34,-727.32
10800.00,981659178633.37,-1138898492915.56,-36197647643.02,7514.61,6497.45,-727.27
12000.00,981668196168.57,-1138890695980.27,-36198520372.70,7514.56,6497.55,-727.23
13200.00,981677213637.28,-1138882898921.36,-36199393050.81,7514.50,6497.65,-727.19
14400.00,981686231039.52,-1138875101738.82,-36200265677.37,7514.45,6497.76,-727.15
15600.00,981695248375.28,-1138867304432.66,-36201138252.36,7514.39,6497.86,-727.10
16800.00,981704265644.55,-1138859507002.87,-36202010775.78,7514.34,6497.96,-727.06
18000.00,981713282847.33,-1138851709449.47,-36202883247.64,7514.28,6498.06,-727.02
19200.00,981722299983.62,-1138843911772.45,-36203755667.94,7514.22,6498.17,-726.97
20400.00,981731317053.42,-1138836113971.82,-36204628036.68,7514.17,6498.27,-726.93
21600.00,981740334056.72,-1138828316047.58,-36205500353.85,7514.11,6498.37,-726.89
22800.00,981749350993.52,-1138820517999.73,-36206372619.46,7514.06,6498.48,-726.85
24000.00,981758367863.82,-1138812719828.27,-36207244833.51,7514.00,6498.58,-726.80
25200.00,981767384667.61,-1138804921533.22,-36208116996.00,7513.95,6498.68,-726.76
26400.00,981776401404.90,-1138797123114.56,-36208989106.92,7513.89,6498.79,-726.72
27600.00,981785418075.67,-1138789324572.31,-36209861166.28,7513.84,6498.89,-726.67
28800.00,981794434679.92,-1138781525906.46,-36210733174.08,7513.78,6498.99,-726.63
30000.00,981803451217.66,-1138773727117.02,-36211605130.32,7513.73,6499.09,-726.59
31200.00,981812467688.88,-1138765928203.99,-36212477034.99,7513.67,6499.20,-726.54
32400.00,981821484093.57,-1138758129167.38,-36213348888.10,7513.62,6499.30,-726.50
33600.00,981830500431.74,-1138750330007.18,-36214220689.66,7513.56,6499.40,-726.46
34800.00,981839516703.38,-1138742530723.41,-36215092439.65,7513.50,6499.51,-726.42
36000.00,981848532908.48,-1138734731316.05,-36215964138.07,7513.45,6499.61,-726.37
37200.00,981857549047.05,-1138726931785.12,-36216835784.94,7513.39,6499.71,-726.33
38400.00,981866565119.09,-1138719132130.62,-36217707380.25,7513.34,6499.82,-726.29
39600.00,981875581124.58,-1138711332352.55,-36218578923.99,7513.28,6499.92,-726.24
40800.00,981884597063.52,-1138703532450.91,-36219450416.18,7513.23,6500.02,-726.20
42000.00,981893612935.92,-1138695732425.71,-36220321856.80,7513.17,6500.12,-726.16
43200.00,981902628741.77,-1138687932276.95,-36221193245.86,7513.12,6500.23,-726.11
44400.00,981911644481.06,-1138680132004.63,-36222064583.37,7513.06,6500.33,-726.07
45600.00,981920660153.80,-1138672331608.75,-36222935869.31,7513.01,6500.43,-726.03
46800.00,981929675759.98,-1138664531089.32,-36223807103.69,7512.95,6500.54,-725.99
48000.00,981938691299.60,-1138656730446.34,-36224678286.52,7512.89,6500.64,-725.94
49200.00,981947706772.65,-1138648929679.81,-36225549417.78,7512.84,6500.74,-725.90
50400.00,981956722179.13,-1138641128789.74,-36226420497.48,7512.78,6500.84,-725.86
51600.00,981965737519.05,-1138633327776.12,-36227291525.62,7512.73,6500.95,-725.81
52800.00,981974752792.39,-1138625526638.96,-36228162502.21,7512.67,6501.05,-725.77
54000.00,981983767999.15,-1138617725378.27,-36229033427.23,7512.62,6501.15,-725.73
55200.00,981992783139.33,-1138609923994.04,-36229904300.70,7512.56,6501.26,-725.68
56400.00,982001798212.93,-1138602122486.29,-36230775122.60,7512.51,6501.36,-725.64
57600.00,982010813219.95,-1138594320855.00,-36231645892.95,7512.45,6501.46,-725.60
58800.00,982019828160.37,-1138586519100.19,-36232516611.74,7512.39,6501.57,-725.56
60000.00,982028843034.21,-1138578717221.85,-36233387278.97,7512.34,6501.67,-725.51
61200.00,982037857841.45,-1138570915219.99,-36234257894.64,7512.28,6501.77,-725.47
62400.00,982046872582.09,-1138563113094.62,-36235128458.75,7512.23,6501.87,-725.43
63600.00,982055887256.13,-1138555310845.73,-36235998971.30,7512.17,6501.98,-725.38
64800.00,982064901863.57,-1138547508473.33,-36236869432.30,7512.12,6502.08,-725.34
66000.00,982073916404.40,-1138539705977.41,-36237739841.74,7512.06,6502.18,-725.30
67200.00,982082930878.62,-1138531903358.00,-36238610199.62,7512.01,6502.29,-725.26
68400.00,982091945286.23,-1138524100615.07,-36239480505.94,7511.95,6502.39,-725.21
69600.00,982100959627.22,-1138516297748.65,-36240350760.70,7511.90,6502.49,-725.17
70800.00,982109973901.60,-1138508494758.72,-36241220963.91,7511.84,6502.59,-725.13
72000.00,982118988109.36,-1138500691645.30,-36242091115.56,7511.78,6502.70,-725.08
73200.00,982128002250.49,-1138492888408.39,-36242961215.65,7511.73,6502.80,-725.04
74400.00,982137016324.99,-1138485085047.99,-36243831264.19,7511.67,6502.90,-725.00
75600.00,982146030332.87,-1138477281564.10,-36244701261.17,7511.62,6503.01,-724.95
76800.00,982155044274.11,-1138469477956.72,-36245571206.59,7511.56,6503.11,-724.91
78000.00,982164058148.71,-1138461674225.86,-36246441100.45,7511.51,6503.21,-724.87
79200.00,982173071956.68,-1138453870371.52,-36247310942.76,7511.45,6503.31,-724.83
80400.00,982182085698.00,-1138446066393.71,-36248180733.51,7511.40,6503.42,-724.78
81600.00,982191099372.68,-1138438262292.42,-36249050472.71,7511.34,6503.52,-724.74
82800.00,982200112980.71,-1138430458067.65,-36249920160.35,7511.28,6503.62,-724.70
84000.00,982209126522.10,-1138422653719.42,-36250789796.43,7511.23,6503.73,-724.65
85200.00,982218139996.82,-1138414849247.73,-36251659380.96,7511.17,6503.83,-724.61
