0.00,662047790801.56,-380009239581.15,-10376453022.50,6550.95,9282.94,-0.02
424800.00,664785826749.80,-376062539824.16,-10379547246.27,6338.36,9299.45,-14.70
849600.00,667432401396.71,-372107654675.76,-10389014581.17,6120.34,9321.61,-30.03
1274400.00,669985228471.97,-368142035953.96,-10405127685.61,5896.99,9350.12,-45.99
1699200.00,672442078569.47,-364162833403.29,-10428150368.16,5668.49,9385.72,-62.56
2124000.00,674800813290.64,-360166876073.38,-10458333083.09,5435.09,9429.17,-79.69
2548800.00,677059425051.53,-356150656882.96,-10495907753.36,5197.15,9481.28,-97.35
2973600.00,679216083515.13,-352110321411.67,-10541081717.20,4955.16,9542.88,-115.46
3398400.00,681269187545.99,-348041662754.55,-10594031037.40,4709.71,9614.80,-133.94
3823200.00,683217423470.52,-343940124105.63,-10654892978.35,4461.56,9697.85,-152.70
4248000.00,685059827505.25,-339800811025.10,-10723758024.48,4211.60,9792.81,-171.60
4672800.00,686795852045.73,-335618515216.12,-10800661423.78,3960.90,9900.37,-190.52
5097600.00,688425432508.10,-331387751490.99,-10885574741.51,3710.67,10021.13,-209.29
5522400.00,689949054005.87,-327102809735.21,-10978397379.52,3462.28,10155.55,-227.72
5947200.00,691367811608.82,-322757821627.22,-11078949130.04,3217.23,10303.91,-245.64
6372000.00,692683463859.64,-318346843377.48,-11186963510.37,2977.14,10466.28,-262.82
6796800.00,693898472869.30,-313863952611.49,-11302082921.36,2743.70,10642.48,-279.05
7221600.00,695016027934.13,-309303356677.58,-11423855975.08,2518.64,10832.07,-294.11
7646400.00,696040050458.50,-304659510984.89,-11551737158.00,2303.65,11034.33,-307.77
8071200.00,696975174586.81,-299927239193.92,-11685089801.03,2100.40,11248.24,-319.83
8496000.00,697826705752.39,-295101854884.60,-11823191635.16,1910.37,11472.51,-330.09
8920800.00,698600553243.64,-290179272152.29,-11965243919.07,1734.91,11705.61,-338.39
9345600.00,699303143507.42,-285156107119.62,-12110382812.02,1575.10,11945.78,-344.60
9770400.00,699941311521.13,-280029757751.83,-12257693577.26,1431.77,12191.10,-348.60
10195200.00,700522180641.88,-274798463041.42,-12406226233.16,1305.45,12439.54,-350.33
10620000.00,701053032866.62,-269461335814.31,-12555012340.75,1196.36,12689.02,-349.78
11044800.00,701541177421.48,-264018370900.77,-12703081964.09,1104.40,12937.49,-346.96
11469600.00,701993822826.87,-258470426461.16,-12849480085.95,1029.19,13182.94,-341.92
11894400.00,702417957809.66,-252819184028.66,-12993281873.54,970.09,13423.51,-334.75
12319200.00,702820245842.27,-247067086441.94,-13133606077.53,926.22,13657.49,-325.56
12744000.00,703206936907.23,-241217264086.18,-13269626449.41,896.52,13883.35,-314.50
13168800.00,703583794889.21,-235273448015.17,-13400580721.43,879.76,14099.79,-301.73
13593600.00,703956047151.27,-229239876435.88,-13525777059.32,874.65,14305.73,-287.42
14018400.00,704328349116.75,-223121202351.14,-13644598531.37,879.80,14500.30,-271.74
14443200.00,704704767665.40,-216922398346.02,-13756504986.88,893.83,14682.85,-254.89
14868000.00,705088779051.19,-210648670014.86,-13861033461.33,915.34,14852.95,-237.03
15292800.00,705483277799.72,-204305373207.12,-13957796796.88,943.00,15010.32,-218.35
15717600.00,705890598770.48,-197897938704.87,-14046480709.57,975.52,15154.87,-199.02
16142400.00,706312545401.55,-191431808089.34,-14126840287.54,1011.68,15286.64,-179.19
16567200.00,706750423487.93,-184912376277.92,-14198695542.80,1050.36,15405.81,-159.00
16992000.00,707205080604.14,-178344943828.24,-14261926385.32,1090.52,15512.64,-138.60
17416800.00,707676946070.11,-171734677864.94,-14316467532.40,1131.23,15607.50,-118.11
17841600.00,708166073019.19,-165086580038.34,-14362303061.70,1171.65,15690.79,-97.63
18266400.00,708672180517.22,-158405462289.13,-14399461027.83,1211.06,15763.00,-77.27
18691200.00,709194693896.34,-151695929333.18,-14428008377.59,1248.79,15824.63,-57.11
19116000.00,709732783408.61,-144962366127.51,-14448046047.21,1284.30,15876.19,-37.22
19540800.00,710285401512.06,-138208930222.95,-14459704173.75,1317.11,15918.25,-17.67
19965600.00,710851317417.20,-131439548651.23,-14463137693.33,1346.83,15951.33,1.50
20390400.00,711429148788.75,-124657918105.42,-14458522320.55,1373.15,15975.98,20.22
20815200.00,712017390848.62,-117867507818.98,-14446050842.99,1395.80,15992.72,38.48
21240000.00,712614443166.66,-111071564991.34,-14425929681.83,1414.59,16002.08,56.23
21664800.00,713218632703.55,-104273122232.30,-14398376037.19,1429.37,16004.55,73.46
22089600.00,713828234906.04,-97475005472.28,-14363615192.90,1440.04,16000.60,90.16
22514400.00,714441492909.03,-90679843856.26,-14321878002.14,1446.56,15990.69,106.31
22939200.00,715056633409.29,-83890080254.45,-14273398889.47,1448.89,15975.24,121.90
23364000.00,715671880327.09,-77107981758.45,-14218414136.11,1447.05,15954.65,136.93
23788800.00,716285467217.73,-70335650372.37,-14157160266.55,1441.07,15929.30,151.41
24213600.00,716895647593.92,-63575034566.95,-14089872688.85,1431.01,15899.53,165.34
24638400.00,717500702505.33,-56827939745.12,-14016784801.52,1416.94,15865.68,178.72
25063200.00,718098948107.30,-50096038546.81,-13938126980.31,1398.95,15828.04,191.56
25488000.00,718688741452.06,-43380881654.02,-13854125772.53,1377.15,15786.88,203.88
25912800.00,719268484361.76,-36683907671.36,-13765003405.94,1351.64,15742.46,215.67
26337600.00,719836626459.12,-30006452107.36,-13670977415.25,1322.54,15695.01,226.96
26762400.00,720391668102.74,-23349756301.47,-13572260222.32,1289.97,15644.74,237.76
27187200.00,720932161817.71,-16714976399.96,-13469058884.72,1254.06,15591.85,248.08
27612000.00,721456712448.02,-10103190741.80,-13361575105.82,1214.92,15536.50,257.92
28036800.00,721963977852.61,-3515407019.26,-13250005122.18,1172.69,15478.86,267.32
28461600.00,722452668803.51,3047430343.76,-13134539634.50,1127.48,15419.07,276.26
28886400.00,722921547797.58,9584433791.67,-13015363923.20,1079.42,15357.25,284.78
29311200.00,723369427656.25,16094767198.89,-12892658025.16,1028.62,15293.51,292.89
29736000.00,723795170518.88,22577640505.82,-12766596839.41,975.21,15227.97,300.58
30160800.00,724197686259.56,29032304168.12,-12637350248.90,919.28,15160.71,307.88
30585600.00,724575930018.31,35458044774.69,-12505083399.28,860.94,15091.81,314.80
31010400.00,724928900214.14,41854181287.94,-12369956957.76,800.30,15021.34,321.35
