0.00,989760700894.86,-1124972188626.62,-24385492011.97,6611.92,4708.02,0.09
423360.00,992542914348.89,-1122967879285.31,-24379811189.75,6531.63,4761.23,26.69
846720.00,995291884494.08,-1120940681406.68,-24363155948.38,6454.86,4816.11,51.94
1270080.00,998009066085.27,-1118889945606.66,-24336087763.66,6381.45,4872.39,75.89
1693440.00,1000695840871.16,-1116815125298.74,-24299142525.35,6311.21,4929.86,98.60
2116800.00,1003353519972.38,-1114715763308.59,-24252831209.17,6243.99,4988.31,120.14
2540160.00,1005983346409.29,-1112591479818.77,-24197640376.85,6179.63,5047.57,140.55
2963520.00,1008586498281.28,-1110441962025.45,-24134033126.97,6117.97,5107.50,159.90
3386880.00,1011164092133.39,-1108266955046.03,-24062450135.37,6058.88,5167.97,178.23
3810240.00,1013717186240.46,-1106066254355.91,-23983310864.39,6002.23,5228.87,195.59
4233600.00,1016246783686.55,-1103839698653.83,-23897014417.42,5947.88,5290.10,212.04
4656960.00,1018753835905.84,-1101587163961.38,-23803940772.95,5895.72,5351.58,227.61
5080320.00,1021239245717.22,-1099308558381.62,-23704451792.13,5845.63,5413.25,242.35
5503680.00,1023703870641.44,-1097003817712.32,-23598892444.14,5797.52,5475.04,256.29
5927040.00,1026148525643.13,-1094672901671.62,-23487591859.47,5751.29,5536.90,269.47
6350400.00,1028573985765.89,-1092315790211.78,-23370864164.92,5706.84,5598.78,281.93
6773760.00,1030980989062.34,-1089932480501.48,-23249009484.80,5664.10,5660.66,293.69
7197120.00,1033370238976.07,-1087522984510.94,-23122314901.30,5622.97,5722.48,304.79
7620480.00,1035742406772.69,-1085087326542.11,-22991055241.76,5583.40,5784.24,315.26
8043840.00,1038098133863.93,-1082625541521.18,-22855494037.22,5545.30,5845.91,325.11
8467200.00,1040438033723.73,-1080137673265.94,-22715884267.64,5508.63,5907.46,334.38
8890560.00,1042762693779.19,-1077623772780.59,-22572469010.97,5473.31,5968.88,343.09
9313920.00,1045072677435.41,-1075083896822.64,-22425482108.36,5439.29,6030.17,351.26
9737280.00,1047368525929.95,-1072518107052.13,-22275148933.10,5406.53,6091.30,358.90
10160640.00,1049650759737.13,-1069926468852.42,-22121686924.70,5374.98,6152.28,366.04
10584000.00,1051919880334.41,-1067309050449.35,-21965306186.68,5344.59,6213.09,372.69
11007360.00,1054176371616.57,-1064665922363.10,-21806210113.39,5315.32,6273.73,378.86
11430720.00,1056420701149.87,-1061997156683.98,-21644595891.56,5287.13,6334.20,384.58
11854080.00,1058653321431.53,-1059302826354.23,-21480654958.86,5260.00,6394.50,389.86
12277440.00,1060874671193.83,-1056583004537.06,-21314573444.88,5233.89,6454.62,394.69
12700800.00,1063085176758.20,-1053837764282.11,-21146532643.28,5208.78,6514.58,399.11
13124160.00,1065285253040.40,-1051067178396.77,-20976709503.39,5184.63,6574.36,403.11
13547520.00,1067475304497.58,-1048271318792.29,-20805276966.24,5161.42,6633.97,406.71
13970880.00,1069655726351.96,-1045450256321.23,-20632404375.26,5139.14,6693.42,409.91
14394240.00,1071826905478.96,-1042604060710.37,-20458257896.54,5117.76,6752.70,412.73
14817600.00,1073989221259.05,-1039732800295.07,-20283000876.91,5097.27,6811.83,415.16
15240960.00,1076143046465.04,-1036836541749.99,-20106794184.18,5077.65,6870.80,417.21
15664320.00,1078288748178.10,-1033915349861.36,-19929796540.21,5058.90,6929.62,418.89
16087680.00,1080426688745.69,-1030969287394.41,-19752164848.98,5040.99,6988.29,420.21
16511040.00,1082557226718.52,-1027998415188.43,-19574054533.01,5023.93,7046.82,421.15
16934400.00,1084680717504.30,-1025002792284.21,-19395619885.64,5007.71,7105.21,421.74
17357760.00,1086797514108.98,-1021982475543.89,-19217014374.19,4992.31,7163.48,421.96
17781120.00,1088907968144.76,-1018937519723.99,-19038390942.03,4977.75,7221.61,421.82
18204480.00,1091012430537.82,-1015867977692.58,-18859902343.32,4964.01,7279.62,421.32
18627840.00,1093111252242.34,-1012773900422.30,-18681701465.40,4951.11,7337.52,420.46
19051200.00,1095204785021.41,-1009655336965.84,-18503941648.40,4939.03,7395.30,419.23
19474560.00,1097293382274.25,-1006512334464.01,-18326777009.77,4927.80,7452.97,417.64
19897920.00,1099377399907.52,-1003344938202.31,-18150362772.91,4917.41,7510.54,415.68
20321280.00,1101457197254.46,-1000153191759.56,-17974855596.08,4907.87,7568.00,413.35
20744640.00,1103533137979.63,-996937137329.46,-17800413896.51,4899.19,7625.37,410.65
21168000.00,1105605590798.91,-993696816115.02,-17627198191.45,4891.40,7682.64,407.56
21591360.00,1107674930222.66,-990432268297.45,-17455371506.33,4884.50,7739.82,404.08
22014720.00,1109741537742.42,-987143533116.80,-17285099756.08,4878.50,7796.91,400.21
22438080.00,1111805802767.37,-983830649487.96,-17116552092.81,4873.44,7853.90,395.93
22861440.00,1113868123479.16,-980493656369.23,-16949901318.54,4869.33,7910.80,391.24
23284800.00,1115928907846.05,-977132593062.25,-16785324327.69,4866.19,7967.61,386.13
23708160.00,1117988574738.42,-973747499578.63,-16623002570.04,4864.06,8024.32,380.58
24131520.00,1120047555122.91,-970338417101.41,-16463122535.45,4862.96,8080.93,374.59
24554880.00,1122106293333.43,-966905388545.51,-16305876263.13,4862.93,8137.44,368.14
24978240.00,1124165248426.13,-963448459254.31,-16151461867.22,4864.00,8193.84,361.21
25401600.00,1126224895571.33,-959967677893.76,-16000084061.29,4866.21,8250.12,353.79
25824960.00,1128285727368.49,-956463097520.90,-15851954684.56,4869.61,8306.27,345.85
26248320.00,1130348255097.90,-952934776553.12,-15707293325.88,4874.24,8362.27,337.39
26671680.00,1132413010405.95,-949382779482.29,-15566328142.26,4880.15,8418.11,328.39
27095040.00,1134480547359.65,-945807178186.30,-15429296589.41,4887.40,8473.77,318.80
27518400.00,1136551444059.63,-942208053723.38,-15296446053.38,4896.04,8529.23,308.63
27941760.00,1138626304398.31,-938585497920.64,-15168034671.62,4906.15,8584.46,297.82
28365120.00,1140705760127.99,-934939615138.69,-15044332247.87,4917.78,8639.42,286.37
28788480.00,1142790473095.63,-931270524360.05,-14925621217.86,4931.01,8694.09,274.23
29211840.00,1144881137623.87,-927578361626.83,-14812197672.53,4945.92,8748.41,261.38
29635200.00,1146978483041.88,-923863282879.09,-14704372438.82,4962.59,8802.33,247.78
30058560.00,1149083276356.19,-920125467270.47,-14602472204.55,4981.13,8855.81,233.38
30481920.00,1151196325019.66,-916365121053.49,-14506840656.44,5001.62,8908.76,218.15
30905280.00,1153318479675.48,-912582482096.85,-14417839590.55,5024.18,8961.10,202.04
