0.00,990231433897.56,-1117752231225.39,-23938718255.58,7670.58,4702.11,0.11
423360.00,993457581651.87,-1115758823171.97,-23932285041.76,7569.98,4715.89,30.13
846720.00,996641845774.04,-1113758595881.89,-23913579129.16,7472.75,4734.25,58.09
1270080.00,999785660697.36,-1111749738446.91,-23883454794.60,7378.91,4756.59,84.08
1693440.00,1002890452092.64,-1109730677068.82,-23842716835.42,7288.41,4782.39,108.24
2116800.00,1005957621126.58,-1107700047737.36,-23792120668.69,7201.18,4811.19,130.66
2540160.00,1008988532690.18,-1105656671564.56,-23732373098.46,7117.13,4842.56,151.47
2963520.00,1011984507367.47,-1103599532145.98,-23664133974.18,7036.14,4876.16,170.78
3386880.00,1014946816071.00,-1101527755289.69,-23588018283.36,6958.09,4911.68,188.69
3810240.00,1017876677289.86,-1099440591254.21,-23504598839.45,6882.85,4948.82,205.29
4233600.00,1020775255205.66,-1097337399140.59,-23414408662.08,6810.30,4987.37,220.68
4656960.00,1023643659381.45,-1095217632732.31,-23317943551.16,6740.30,5027.10,234.94
5080320.00,1026482945274.46,-1093080828446.96,-23215664668.04,6672.74,5067.84,248.15
5503680.00,1029294115547.93,-1090926594484.82,-23108001063.32,6607.48,5109.42,260.39
5927040.00,1032078121899.84,-1088754601783.48,-22995352189.46,6544.41,5151.71,271.71
6350400.00,1034835866740.76,-1086564575964.02,-22878090043.66,6483.41,5194.60,282.18
6773760.00,1037568205250.59,-1084356289992.09,-22756561193.29,6424.38,5237.96,291.87
7197120.00,1040275947816.10,-1082129558169.41,-22631088858.07,6367.21,5281.72,300.82
7620480.00,1042959862095.69,-1079884230644.62,-22501974642.17,6311.81,5325.80,309.08
8043840.00,1045620675531.61,-1077620188741.66,-22369500319.29,6258.08,5370.12,316.69
8467200.00,1048259077578.35,-1075337341049.54,-22233929425.78,6205.93,5414.63,323.71
8890560.00,1050875721705.22,-1073035619858.81,-22095508647.78,6155.29,5459.28,330.16
9313920.00,1053471227370.03,-1070714977882.16,-21954469077.18,6106.07,5504.01,336.08
9737280.00,1056046182217.78,-1068375385515.09,-21811027467.17,6058.20,5548.80,341.51
10160640.00,1058601143891.83,-1066016828622.57,-21665387358.47,6011.62,5593.60,346.47
10584000.00,1061136641786.07,-1063639306271.34,-21517740053.15,5966.25,5638.39,350.99
11007360.00,1063653178907.24,-1061242829025.88,-21368265610.58,5922.04,5683.14,355.10
11430720.00,1066151233439.01,-1058827417447.09,-21217133714.42,5878.93,5727.83,358.82
11854080.00,1068631260162.21,-1056393100687.55,-21064504442.20,5836.87,5772.44,362.18
12277440.00,1071093691794.07,-1053939915188.32,-20910528963.15,5795.81,5816.96,365.18
12700800.00,1073538940346.02,-1051467903493.57,-20755350186.31,5755.70,5861.38,367.86
13124160.00,1075967398523.86,-1048977113419.95,-20599103406.64,5716.49,5905.67,370.23
13547520.00,1078379440736.54,-1046467597269.28,-20441916856.43,5678.15,5949.84,372.30
13970880.00,1080775424215.15,-1043939410950.14,-20283912200.50,5640.63,5993.87,374.10
14394240.00,1083155690138.21,-1041392613449.51,-20125205039.46,5603.89,6037.76,375.62
14817600.00,1085520564556.93,-1038827266325.60,-19965905352.42,5567.91,6081.50,376.90
15240960.00,1087870359241.81,-1036243433202.26,-19806117895.43,5532.66,6125.09,377.93
15664320.00,1090205372481.79,-1033641179291.35,-19645942567.87,5498.09,6168.52,378.73
16087680.00,1092525889854.12,-1031020570945.01,-19485474750.53,5464.18,6211.79,379.31
16511040.00,1094832185012.33,-1028381675266.77,-19324805620.43,5430.90,6254.91,379.68
16934400.00,1097124520472.81,-1025724559916.29,-19164022456.22,5398.23,6297.87,379.85
17357760.00,1099403148146.32,-1023049292883.76,-19003208916.15,5366.14,6340.66,379.82
17781120.00,1101668309944.58,-1020355942110.26,-18842445280.12,5334.61,6383.29,379.61
18204480.00,1103920238441.93,-1017644575362.72,-18681808692.46,5303.63,6425.77,379.22
18627840.00,1106159157398.75,-1014915260109.08,-18521373385.83,5273.16,6468.08,378.66
19051200.00,1108385282237.54,-1012168063359.54,-18361210885.83,5243.18,6510.24,377.93
19474560.00,1110598820496.51,-1009403051506.02,-18201390201.79,5213.70,6552.24,377.05
19897920.00,1112799972264.94,-1006620290169.25,-18041978005.43,5184.67,6594.09,376.00
20321280.00,1114988930607.10,-1003819844052.42,-17883038797.89,5156.09,6635.79,374.81
20744640.00,1117165881994.38,-1001001776816.03,-17724635064.94,5127.95,6677.34,373.47
21168000.00,1119331006750.46,-998166151039.70,-17566827419.61,5100.22,6718.74,371.99
21591360.00,1121484479377.20,-995313028246.68,-17409674742.34,5072.90,6759.99,370.38
22014720.00,1123626468813.86,-992442468718.16,-17253234319.55,5045.98,6801.11,368.63
22438080.00,1125757138845.96,-989554531416.56,-17097561959.90,5019.43,6842.09,366.75
22861440.00,1127876648430.45,-986649274020.23,-16942712106.58,4993.25,6882.93,364.74
23284800.00,1129985151963.57,-983726752897.55,-16788737948.01,4967.44,6923.64,362.61
23708160.00,1132082799540.33,-980787023057.59,-16635691523.18,4941.97,6964.23,360.36
24131520.00,1134169737210.79,-977830138097.72,-16483623822.01,4916.84,7004.68,357.99
24554880.00,1136246107231.33,-974856150154.56,-16332584881.38,4892.05,7045.02,355.50
24978240.00,1138312048312.22,-971865109856.07,-16182623877.29,4867.58,7085.24,352.90
25401600.00,1140367695868.58,-968857066279.22,-16033789212.04,4843.42,7125.35,350.18
25824960.00,1142413182281.24,-965832066932.77,-15886128593.07,4819.57,7165.34,347.35
26248320.00,1144448637145.88,-962790157801.98,-15739689100.54,4796.03,7205.23,344.41
26671680.00,1146474187426.71,-959731383387.43,-15594517263.17,4772.79,7245.02,341.36
27095040.00,1148489957619.99,-956655786571.21,-15450659154.11,4749.83,7284.70,338.20
27518400.00,1150496070029.88,-953563408602.44,-15308160452.95,4727.16,7324.29,334.94
27941760.00,1152492644964.00,-950454289163.51,-15167066502.55,4704.78,7363.79,331.57
28365120.00,1154479800897.04,-947328466371.73,-15027422376.65,4682.67,7403.20,328.09
28788480.00,1156457654641.27,-944185976759.93,-14889272948.34,4660.83,7442.53,324.50
29211840.00,1158426321521.06,-941026855254.84,-14752662957.17,4639.27,7481.77,320.81
29635200.00,1160385915549.09,-937851135156.21,-14617637075.11,4617.97,7520.94,317.02
30058560.00,1162336549604.05,-934658848116.88,-14484239971.44,4596.94,7560.04,313.12
30481920.00,1164278335610.93,-931450024123.31,-14352516377.04,4576.17,7599.06,309.11
30905280.00,1166211384729.18,-928224691480.02,-14222511146.37,4555.67,7638.02,305.00
