0.00,957531292801.83,-1130439260646.86,-19043700162.23,6649.94,7539.18,-330.37
432000.00,960406113947.47,-1127174836988.38,-19186471313.67,6659.58,7573.96,-330.61
864000.00,963285262963.51,-1123895450583.83,-19329355449.93,6669.98,7608.45,-330.90
1296000.00,966169078097.21,-1120601234520.46,-19472371311.56,6681.19,7642.61,-331.22
1728000.00,969057911632.24,-1117292334536.52,-19615538687.70,6693.22,7676.42,-331.60
2160000.00,971952130498.79,-1113968910254.18,-19758878479.75,6706.13,7709.85,-332.02
2592000.00,974852116784.93,-1110631136586.14,-19902412788.93,6719.93,7742.85,-332.50
3024000.00,977758268356.97,-1107279205246.96,-20046164976.16,6734.68,7775.38,-333.03
3456000.00,980670999345.99,-1103913326418.53,-20190159767.30,6750.40,7807.41,-333.62
3888000.00,983590740729.01,-1100533730620.99,-20334423313.62,6767.15,7838.88,-334.28
4320000.00,986517940726.20,-1097140670711.57,-20478983320.34,6784.95,7869.73,-335.00
4752000.00,989453065313.78,-1093734424138.71,-20623869107.98,6803.84,7899.91,-335.79
5184000.00,992396598489.40,-1090315295355.39,-20769111753.39,6823.88,7929.36,-336.65
5616000.00,995349042656.38,-1086883618541.92,-20914744156.56,6845.11,7957.99,-337.59
6048000.00,998310918598.54,-1083439760547.18,-21060801194.31,6867.56,7985.73,-338.62
6480000.00,1001282765665.43,-1079984124095.91,-21207319807.16,6891.28,8012.50,-339.73
6912000.00,1004265141384.54,-1076517151374.02,-21354339127.87,6916.32,8038.20,-340.94
7344000.00,1007258621228.07,-1073039327798.39,-21501900618.03,6942.70,8062.71,-342.24
7776000.00,1010263797719.08,-1069551186371.43,-21650048138.44,6970.48,8085.94,-343.65
8208000.00,1013281279420.64,-1066053312053.38,-21798828154.84,6999.68,8107.75,-345.17
8640000.00,1016311689542.59,-1062546346865.73,-21948289759.04,7030.34,8128.00,-346.81
9072000.00,1019355663728.70,-1059030995084.25,-22098484849.45,7062.49,8146.54,-348.57
9504000.00,1022413847795.97,-1055508028984.76,-22249468200.08,7096.14,8163.21,-350.46
9936000.00,1025486893996.48,-1051978295003.00,-22401297480.99,7131.30,8177.84,-352.49
10368000.00,1028575457065.02,-1048442719896.60,-22554033442.40,7167.98,8190.22,-354.66
10800000.00,1031680189103.90,-1044902317706.64,-22707739798.14,7206.16,8200.14,-356.98
11232000.00,1034801732900.09,-1041358196424.18,-22862483280.46,7245.81,8207.39,-359.46
11664000.00,1037940714761.57,-1037811565042.09,-23018333613.94,7286.88,8211.71,-362.11
12096000.00,1041097734839.33,-1034263740674.17,-23175363185.06,7329.31,8212.85,-364.92
12528000.00,1044273356222.83,-1030716154749.27,-23333647034.80,7372.99,8210.55,-367.91
12960000.00,1047468092608.46,-1027170359571.23,-23493262453.30,7417.78,8204.50,-371.09
13392000.00,1050682392695.90,-1023628033362.30,-23654288417.59,7463.53,8194.42,-374.45
13824000.00,1053916623507.47,-1020090983919.16,-23816805255.29,7510.02,8180.01,-377.99
14256000.00,1057171051045.15,-1016561151272.61,-23980893691.90,7556.99,8160.95,-381.72
14688000.00,1060445817722.56,-1013040606582.40,-24146633808.16,7604.13,8136.94,-385.64
15120000.00,1063740919424.69,-1009531548703.54,-24314104257.50,7651.06,8107.70,-389.73
15552000.00,1067056179347.62,-1006036297270.12,-24483380586.76,7697.37,8072.96,-394.00
15984000.00,1070391220377.91,-1002557279607.28,-24654533644.27,7742.55,8032.49,-398.42
16416000.00,1073745438186.15,-999097013392.95,-24827628109.22,7786.05,7986.11,-402.98
16848000.00,1077117973085.99,-995658083046.92,-25002720001.89,7827.24,7933.68,-407.66
17280000.00,1080507684213.17,-992243107361.87,-25179854435.98,7865.44,7875.18,-412.43
17712000.00,1083913128398.78,-988854702658.55,-25359063845.30,7899.94,7810.67,-417.26
18144000.00,1087332542187.28,-985495438016.56,-25540365151.80,7929.97,7740.30,-422.11
18576000.00,1090763832321.70,-982167782786.10,-25723757456.89,7954.78,7664.37,-426.94
19008000.00,1094204576354.80,-978874051586.35,-25909220578.17,7973.60,7583.31,-431.69
19440000.00,1097652032136.29,-975616345654.06,-26096712869.78,7985.71,7497.67,-436.32
19872000.00,1101103161367.46,-972396491681.35,-26286169649.62,7990.48,7408.18,-440.78
20304000.00,1104554666490.68,-969215987230.58,-26477503575.21,7987.34,7315.64,-445.00
20736000.00,1108003037836.35,-966075950862.12,-26670604571.39,7975.88,7220.98,-448.95
21168000.00,1111444613682.20,-962977080478.56,-26865340509.18,7955.82,7125.22,-452.56
21600000.00,1114875649384.10,-959919627088.72,-27061559669.18,7927.05,7029.41,-455.81
22032000.00,1118292389402.74,-956903383034.61,-27259093526.14,7889.64,6934.62,-458.64
22464000.00,1121691142570.02,-953927683415.87,-27457759096.16,7843.81,6841.88,-461.04
22896000.00,1125068355208.02,-950991427183.31,-27657363374.24,7789.96,6752.18,-462.98
23328000.00,1128420674884.18,-948093111486.60,-27857707722.61,7728.64,6666.38,-464.46
23760000.00,1131745006383.67,-945230875952.06,-28058591329.44,7660.48,6585.27,-465.48
24192000.00,1135038556374.59,-942402558063.13,-28259814994.74,7586.24,6509.47,-466.04
24624000.00,1138298862777.00,-939605754749.40,-28461185176.01,7506.69,6439.46,-466.16
25056000.00,1141523811259.41,-936837882699.00,-28662516725.37,7422.67,6375.59,-465.86
25488000.00,1144711641531.72,-934096238987.70,-28863634669.73,7334.97,6318.08,-465.17
25920000.00,1147860939798.25,-931378059490.48,-29064376668.12,7244.39,6266.99,-464.13
26352000.00,1150970622834.13,-928680568583.16,-29264594344.71,7151.68,6222.31,-462.75
26784000.00,1154039916927.37,-926001022377.46,-29464153565.14,7057.51,6183.91,-461.08
27216000.00,1157068331154.70,-923336745981.75,-29662934499.25,6962.52,6151.59,-459.15
27648000.00,1160055626541.84,-920685162709.31,-29860831742.11,6867.23,6125.12,-457.00
28080000.00,1163001785672.70,-918043814360.43,-30057753864.39,6772.14,6104.18,-454.64
28512000.00,1165906983315.83,-915410376799.95,-30253622174.77,6677.66,6088.45,-452.12
28944000.00,1168771555877.58,-912782670334.86,-30448370035.59,6584.12,6077.60,-449.46
29376000.00,1171595973836.95,-910158663740.42,-30641942137.75,6491.81,6071.28,-446.68
29808000.00,1174380817556.34,-907536474982.03,-30834293339.98,6400.94,6069.14,-443.81
30240000.00,1177126754956.41,-904914369645.65,-31025387459.98,6311.72,6070.85,-440.86
30672000.00,1179834520968.37,-902290756878.11,-31215196301.22,6224.25,6076.08,-437.86
31104000.00,1182504900175.98,-899664182846.89,-31403698946.74,6138.65,6084.52,-434.82
