0.00,660583729751.00,-385940150323.14,-20800531912.98,6713.74,9410.38,0.10
424800.00,663391347134.55,-381930869454.02,-20787935002.83,6504.31,9466.99,59.26
849600.00,666110297552.34,-377896174993.54,-20750407932.49,6296.33,9530.01,117.45
1274400.00,668741239560.44,-373833386038.76,-20688380951.03,6090.00,9599.25,174.58
1699200.00,671284924330.04,-369739908269.49,-20602328553.19,5885.55,9674.49,230.55
2124000.00,673742190367.82,-365613233636.57,-20492767255.49,5683.17,9755.53,285.25
2548800.00,676113958359.25,-361450940052.56,-20360253272.48,5483.06,9842.17,338.59
2973600.00,678401226550.05,-357250691180.10,-20205380567.33,5285.38,9934.21,390.49
3398400.00,680605066133.72,-353010236024.22,-20028778745.63,5090.30,10031.45,440.87
3823200.00,682726617120.95,-348727408676.04,-19831111307.51,4897.99,10133.69,489.66
4248000.00,684767084221.66,-344400127812.93,-19613073753.57,4708.58,10240.72,536.76
4672800.00,686727733158.01,-340026396249.83,-19375391979.78,4522.23,10352.36,582.13
5097600.00,688609886933.12,-335604300167.71,-19118820535.23,4339.05,10468.41,625.68
5522400.00,690414922727.85,-331132008608.45,-18844141350.06,4159.18,10588.67,667.36
5947200.00,692144268564.20,-326607772266.14,-18552162084.89,3982.73,10712.95,707.11
6372000.00,693799400743.01,-322029922706.16,-18243715047.35,3809.81,10841.07,744.88
6796800.00,695381841249.25,-317396871191.12,-17919656001.70,3640.52,10972.83,780.60
7221600.00,696893155527.44,-312707107203.82,-17580863090.44,3474.97,11108.06,814.23
7646400.00,698334950927.21,-307959197463.02,-17228236214.35,3313.25,11246.57,845.72
8071200.00,699708875032.41,-303151784024.51,-16862696107.07,3155.45,11388.19,875.01
8496000.00,701016615014.80,-298283583437.17,-16485184151.70,3001.67,11532.74,902.07
8920800.00,702259896664.32,-293353384589.80,-16096661808.06,2852.00,11680.06,926.83
9345600.00,703440485014.87,-288360047922.99,-15698110830.99,2706.54,11829.98,949.27
9770400.00,704560184236.86,-283302503869.38,-15290533259.30,2565.36,11982.34,969.32
10195200.00,705620839027.68,-278179751849.39,-14874951858.90,2428.58,12136.97,986.93
10620000.00,706624335978.06,-272990859307.88,-14452410706.59,2296.29,12293.72,1002.07
11044800.00,707572605933.22,-267734961384.79,-14023976100.96,2168.60,12452.42,1014.66
11469600.00,708467626570.69,-262411260594.24,-13590737598.02,2045.62,12612.92,1024.66
11894400.00,709311425919.99,-257019027553.84,-13153809394.55,1927.48,12775.05,1032.01
12319200.00,710106085876.43,-251557601669.53,-12714331849.92,1814.31,12938.66,1036.65
12744000.00,710853747336.34,-246026392763.80,-12273473272.23,1706.25,13103.57,1038.49
13168800.00,711556614904.87,-240424884476.93,-11832431926.94,1603.46,13269.61,1037.48
13593600.00,712216962444.87,-234752636775.53,-11392438212.32,1506.11,13436.59,1033.54
14018400.00,712837139764.69,-229009291506.74,-10954756956.22,1414.39,13604.31,1026.57
14443200.00,713419578442.93,-223194578281.77,-10520689875.61,1328.49,13772.56,1016.50
14868000.00,713966799604.08,-217308321471.58,-10091578162.23,1248.64,13941.11,1003.22
15292800.00,714481420866.23,-211350450650.71,-9668804821.30,1175.07,14109.69,986.63
15717600.00,714966163309.34,-205321010972.75,-9253797234.31,1108.03,14278.01,966.62
16142400.00,715423859398.88,-199220176323.39,-8848029494.74,1047.80,14445.76,943.09
16567200.00,715857459621.44,-193048265925.64,-8453024061.40,994.66,14612.57,915.92
16992000.00,716270038766.28,-186805761825.32,-8070353438.73,948.91,14778.05,884.99
17416800.00,716664801698.72,-180493330568.57,-7701640827.95,910.86,14941.71,850.17
17841600.00,717045086748.17,-174111847504.76,-7348559896.57,880.82,15103.05,811.36
18266400.00,717414367603.85,-167662423722.82,-7012833607.07,859.13,15261.47,768.43
18691200.00,717776252797.39,-161146436545.18,-6696231476.99,846.09,15416.31,721.29
19116000.00,718134481198.24,-154565563793.77,-6400564561.02,841.99,15566.81,669.84
19540800.00,718492912944.97,-147921820356.52,-6127678329.92,847.12,15712.14,614.01
19965600.00,718855515338.18,-141217597305.75,-5879442968.04,861.69,15851.37,553.76
20390400.00,719226342169.90,-134455703167.24,-5657740368.29,885.89,15983.46,489.08
20815200.00,719609504981.58,-127639406095.87,-5464447126.64,919.81,16107.28,420.00
21240000.00,720009135802.07,-120772474762.73,-5301413745.82,963.45,16221.60,346.62
21664800.00,720429340904.35,-113859217771.56,-5170439489.30,1016.68,16325.12,269.08
22089600.00,720874141958.96,-106904518570.68,-5073240909.53,1079.22,16416.44,187.63
22514400.00,721347407754.45,-99913860700.77,-5011417641.65,1150.63,16494.13,102.58
22939200.00,721852775967.09,-92893344356.57,-4986413736.23,1230.27,16556.72,14.35
23364000.00,722393563551.32,-85849688802.17,-4999473953.78,1317.25,16602.78,-76.54
23788800.00,722972669479.15,-78790215399.51,-5051597736.23,1410.49,16630.91,-169.46
24213600.00,723592475248.69,-71722810575.56,-5143494475.10,1508.64,16639.85,-263.67
24638400.00,724254741022.08,-64655867835.65,-5275536527.58,1610.12,16628.50,-358.32
25063200.00,724960506806.93,-57598199787.22,-5447716756.73,1713.13,16595.99,-452.48
25488000.00,725710006701.73,-50558929376.52,-5659615611.98,1815.68,16541.74,-545.14
25912800.00,726502595151.95,-43547359092.96,-5910374164.12,1915.62,16465.49,-635.25
26337600.00,727336693801.26,-36572818380.73,-6198677617.88,2010.72,16367.38,-721.71
26762400.00,728209768926.27,-29644497304.91,-6522754925.39,2098.73,16247.93,-803.48
27187200.00,729118336835.17,-22771280067.23,-6880393742.76,2177.43,16108.07,-879.54
27612000.00,730057994852.42,-15961574547.68,-7268964919.04,2244.73,15949.10,-948.95
28036800.00,731023490842.07,-9223153306.23,-7685465657.31,2298.74,15772.70,-1010.88
28461600.00,732008816559.08,-2563019052.08,-8126574669.41,2337.79,15580.81,-1064.68
28886400.00,733007319505.59,4012709469.13,-8588713670.90,2360.52,15375.64,-1109.79
29311200.00,734011833446.04,10498885622.47,-9068114871.75,2365.89,15159.56,-1145.87
29736000.00,735014823195.94,16891385589.36,-9560893357.53,2353.19,14934.99,-1172.72
30160800.00,736008524657.55,23187125111.88,-10063117714.27,2322.06,14704.39,-1190.32
30585600.00,736985080732.03,29384056709.24,-10570875204.74,2272.42,14470.17,-1198.78
31010400.00,737936674845.86,35481134384.03,-11080332662.93,2204.53,14234.63,-1198.35
