0.00,2205705637819.68,1973142646056.15,-21612617298.63,-4499.32,4169.15,0.00
426082.00,2203781052037.17,1974917508306.03,-21612260424.21,-4534.56,4162.07,1.67
852164.00,2201841452948.62,1976689536094.03,-21611192154.48,-4569.79,4155.85,3.34
1278246.00,2199886840594.91,1978459089915.02,-21609415713.84,-4605.03,4150.46,5.00
1704328.00,2197917207660.68,1980226528784.76,-21606933928.18,-4640.30,4145.92,6.65
2130410.00,2195932539418.86,1981992211902.73,-21603749236.97,-4675.61,4142.22,8.30
2556492.00,2193932813686.76,1983756500320.60,-21599863706.10,-4710.98,4139.37,9.94
2982574.00,2191918000794.22,1985519758634.86,-21595279041.49,-4746.43,4137.39,11.58
3408656.00,2189888063564.72,1987282356723.25,-21589996603.92,-4781.98,4136.28,13.22
3834738.00,2187842957312.64,1989044671544.91,-21584017425.14,-4817.63,4136.06,14.85
4260820.00,2185782629860.08,1990807089024.27,-21577342225.92,-4853.43,4136.76,16.48
4686902.00,2183707021578.90,1992570006045.79,-21569971436.35,-4889.37,4138.41,18.12
5112984.00,2181616065465.48,1994333832579.34,-21561905219.11,-4925.47,4141.04,19.75
5539066.00,2179509687257.52,1996098993968.70,-21553143496.41,-4961.76,4144.68,21.38
5965148.00,2177387805605.59,1997865933412.55,-21543685981.60,-4998.25,4149.39,23.01
6391230.00,2175250332315.17,1999635114674.38,-21533532216.59,-5034.95,4155.22,24.65
6817312.00,2173097172679.40,2001407025061.57,-21522681616.44,-5071.88,4162.21,26.28
7243394.00,2170928225928.80,2003182178720.41,-21511133523.05,-5109.05,4170.45,27.92
7669476.00,2168743385830.42,2004961120300.52,-21498887270.08,-5146.48,4180.01,29.56
8095558.00,2166542541478.89,2006744429050.89,-21485942261.87,-5184.18,4190.97,31.20
8521640.00,2164325578333.03,2008532723419.59,-21472298069.93,-5222.14,4203.43,32.84
8947722.00,2162092379567.09,2010326666241.01,-21457954551.31,-5260.39,4217.50,34.48
9373804.00,2159842827825.40,2012126970607.96,-21442911994.48,-5298.90,4233.31,36.12
9799886.00,2157576807494.97,2013934406542.41,-21427171299.69,-5337.69,4251.00,37.76
10225968.00,2155294207644.55,2015749808596.14,-21410734202.99,-5376.72,4270.73,39.39
10652050.00,2152994925823.04,2017574084534.23,-21393603555.27,-5415.99,4292.68,41.02
11078132.00,2150678872969.46,2019408225275.39,-21375783671.31,-5455.44,4317.07,42.63
11504214.00,2148345979764.70,2021253316287.97,-21357280767.93,-5495.02,4344.13,44.22
11930296.00,2145996204859.95,2023110550662.20,-21338103516.29,-5534.66,4374.12,45.79
12356378.00,2143629545556.38,2024981244096.90,-21318263740.54,-5574.26,4407.36,47.33
12782460.00,2141246051697.52,2026866852046.55,-21297777305.38,-5613.66,4444.19,48.82
13208542.00,2138845843786.82,2028768989255.78,-21276665247.66,-5652.67,4485.02,50.26
13634624.00,2136429136678.43,2030689451850.88,-21254955224.65,-5691.05,4530.29,51.63
14060706.00,2133996270637.06,2032630242018.86,-21232683373.74,-5728.46,4580.52,52.90
14486788.00,2131547752153.44,2034593595034.25,-21209896707.00,-5764.44,4636.30,54.04
14912870.00,2129084307669.27,2036582007896.69,-21186656199.73,-5798.41,4698.27,55.02
15338952.00,2126606954332.94,2038598267961.76,-21163040775.35,-5829.58,4767.14,55.79
15765034.00,2124117093057.59,2040645478448.95,-21139152435.51,-5856.92,4843.68,56.29
16191116.00,2121616630383.63,2042727075208.61,-21115122826.28,-5879.08,4928.67,56.44
16617198.00,2119108136622.49,2044846825075.38,-21091121545.83,-5894.28,5022.88,56.14
17043280.00,2116595047710.05,2047008789783.20,-21067366438.23,-5900.22,5126.91,55.26
17469362.00,2114081915481.41,2049217229969.98,-21044135888.90,-5893.94,5241.04,53.65
17895444.00,2111574702575.02,2051476410918.47,-21021782572.26,-5871.76,5364.96,51.11
18321526.00,2109081098633.95,2053790256928.32,-21000746938.98,-5829.27,5497.29,47.42
18747608.00,2106610796721.19,2056161791106.68,-20981566651.36,-5761.54,5635.08,42.36
19173690.00,2104175607496.44,2058592308378.93,-20964875045.85,-5663.69,5773.06,35.71
19599772.00,2101789211745.90,2061080291840.98,-20951378220.46,-5532.07,5903.25,27.36
20025854.00,2099466303362.95,2063620230623.86,-20941799143.14,-5365.90,6014.99,17.35
20451936.00,2097220951804.29,2066201725580.77,-20936783307.91,-5169.16,6096.33,6.01
20878018.00,2095064319997.89,2068809454042.97,-20936778307.47,-4951.54,6136.65,-6.05
21304100.00,2093002361663.01,2071424454864.87,-20941924369.54,-4727.41,6130.00,-18.02
21730182.00,2091034442968.84,2074026634956.02,-20952004686.65,-4512.67,6077.20,-29.08
22156264.00,2089153562775.29,2076597676906.85,-20966483538.90,-4320.72,5985.46,-38.59
22582346.00,2087348044663.48,2079123266014.86,-20984615666.83,-4159.83,5865.82,-46.20
23008428.00,2085603883898.03,2081594008612.35,-21005578171.84,-4032.76,5729.86,-51.88
23434510.00,2083906862542.24,2084005139704.97,-21028579167.86,-3938.06,5587.44,-55.81
23860592.00,2082243958816.00,2086355544710.73,-21052923030.39,-3871.86,5445.79,-58.24
24286674.00,2080604024112.62,2088646618382.58,-21078035616.97,-3829.44,5309.53,-59.46
24712756.00,2078977930734.04,2090881272229.65,-21103462986.34,-3806.16,5181.25,-59.76
25138838.00,2077358423133.55,2093063197548.74,-21128856845.48,-3797.90,5062.13,-59.34
25564920.00,2075739845094.10,2095196373343.29,-21153955701.37,-3801.28,4952.41,-58.40
25991002.00,2074117843771.55,2097284764654.57,-21178566532.57,-3813.57,4851.84,-57.07
26417084.00,2072489098983.93,2099332153148.33,-21202548996.02,-3832.62,4759.84,-55.46
26843166.00,2070851095101.37,2101342053062.68,-21225802654.78,-3856.79,4675.75,-53.66
27269248.00,2069201937269.56,2103317679223.45,-21248257014.13,-3884.80,4598.84,-51.72
27695330.00,2067540207091.83,2105261945142.61,-21269863908.68,-3915.66,4528.43,-49.69
28121412.00,2065864850927.79,2107177477364.13,-21290591754.43,-3948.65,4463.87,-47.60
28547494.00,2064175094099.07,2109066637667.67,-21310421235.99,-3983.18,4404.55,-45.48
28973576.00,2062470375219.20,2110931548215.83,-21329342079.70,-4018.81,4349.96,-43.34
29399658.00,2060750295960.06,2112774116885.66,-21347350640.94,-4055.23,4299.61,-41.20
29825740.00,2059014582587.49,2114596061325.56,-21364448099.20,-4092.16,4253.08,-39.06
30251822.00,2057263056444.91,2116398931050.30,-21380639106.14,-4129.42,4210.01,-36.94
30677904.00,2055495611241.32,2118184127325.72,-21395930771.61,-4166.86,4170.07,-34.84
31103986.00,2053712195521.21,2119952920843.01,-21410331902.30,-4204.37,4132.97,-32.76
