0.00,2213922382191.07,-4635641481238.12,-144383409889.44,4964.88,1053.44,-1646.46
1200.00,2213928340053.00,-4635640217108.12,-144385385640.77,4964.47,1053.33,-1645.92
2400.00,2213934297420.72,-4635638953107.31,-144387360741.58,4964.06,1053.23,-1645.37
3600.00,2213940254296.29,-4635637689233.14,-144389335191.42,4963.65,1053.13,-1644.83
4800.00,2213946210681.80,-4635636425483.00,-144391308989.84,4963.25,1053.02,-1644.29
6000.00,2213952166579.35,-4635635161854.31,-144393282136.38,4962.84,1052.92,-1643.75
7200.00,2213958121991.08,-4635633898344.45,-144395254630.59,4962.44,1052.83,-1643.20
8400.00,2213964076919.13,-4635632634950.76,-144397226472.03,4962.04,1052.73,-1642.66
9600.00,2213970031365.64,-4635631371670.61,-144399197660.24,4961.64,1052.64,-1642.11
10800.00,2213975985332.80,-4635630108501.31,-144401168194.77,4961.24,1052.55,-1641.57
12000.00,2213981938822.79,-4635628845440.20,-144403138075.19,4960.85,1052.46,-1641.02
13200.00,2213987891837.80,-4635627582484.55,-144405107301.05,4960.45,1052.38,-1640.48
14400.00,2213993844380.06,-4635626319631.67,-144407075871.90,4960.06,1052.29,-1639.93
15600.00,2213999796451.79,-4635625056878.81,-144409043787.30,4959.67,1052.21,-1639.38
16800.00,2214005748055.24,-4635623794223.24,-144411011046.79,4959.28,1052.13,-1638.84
18000.00,2214011699192.64,-4635622531662.20,-144412977649.93,4958.89,1052.06,-1638.29
19200.00,2214017649866.26,-4635621269192.91,-144414943596.28,4958.51,1051.98,-1637.74
20400.00,2214023600078.38,-4635620006812.60,-144416908885.37,4958.13,1051.91,-1637.19
21600.00,2214029549831.28,-4635618744518.48,-144418873516.75,4957.75,1051.84,-1636.64
22800.00,2214035499127.25,-4635617482307.73,-144420837489.97,4957.37,1051.78,-1636.10
24000.00,2214041447968.59,-4635616220177.54,-144422800804.58,4956.99,1051.71,-1635.55
25200.00,2214047396357.60,-4635614958125.08,-144424763460.10,4956.62,1051.65,-1635.00
26400.00,2214053344296.61,-4635613696147.52,-144426725456.08,4956.24,1051.59,-1634.45
27600.00,2214059291787.94,-4635612434242.00,-144428686792.04,4955.87,1051.53,-1633.90
28800.00,2214065238833.92,-4635611172405.67,-144430647467.53,4955.50,1051.48,-1633.35
30000.00,2214071185436.89,-4635609910635.67,-144432607482.07,4955.14,1051.42,-1632.79
31200.00,2214077131599.19,-4635608648929.13,-144434566835.18,4954.77,1051.37,-1632.24
32400.00,2214083077323.18,-4635607387283.15,-144436525526.39,4954.41,1051.32,-1631.69
33600.00,2214089022611.21,-4635606125694.85,-144438483555.22,4954.05,1051.28,-1631.14
34800.00,2214094967465.64,-4635604864161.33,-144440440921.18,4953.69,1051.23,-1630.59
36000.00,2214100911888.84,-4635603602679.69,-144442397623.78,4953.33,1051.19,-1630.03
37200.00,2214106855883.17,-4635602341247.02,-144444353662.55,4952.97,1051.16,-1629.48
38400.00,2214112799451.02,-4635601079860.40,-144446309036.98,4952.62,1051.12,-1628.92
39600.00,2214118742594.75,-4635599818516.90,-144448263746.58,4952.27,1051.09,-1628.37
40800.00,2214124685316.76,-4635598557213.61,-144450217790.85,4951.92,1051.06,-1627.82
42000.00,2214130627619.43,-4635597295947.59,-144452171169.29,4951.57,1051.03,-1627.26
43200.00,2214136569505.14,-4635596034715.90,-144454123881.40,4951.23,1051.00,-1626.70
44400.00,2214142510976.29,-4635594773515.59,-144456075926.67,4950.88,1050.98,-1626.15
45600.00,2214148452035.27,-4635593512343.73,-144458027304.60,4950.54,1050.96,-1625.59
46800.00,2214154392684.48,-4635592251197.35,-144459978014.67,4950.20,1050.94,-1625.03
48000.00,2214160332926.32,-4635590990073.52,-144461928056.37,4949.86,1050.92,-1624.48
49200.00,2214166272763.19,-4635589728969.26,-144463877429.19,4949.53,1050.91,-1623.92
50400.00,2214172212197.49,-4635588467881.62,-144465826132.61,4949.20,1050.89,-1623.36
51600.00,2214178151231.62,-4635587206807.64,-144467774166.12,4948.86,1050.89,-1622.80
52800.00,2214184089868.00,-4635585945744.34,-144469721529.19,4948.53,1050.88,-1622.24
54000.00,2214190028109.03,-4635584684688.77,-144471668221.30,4948.21,1050.88,-1621.68
55200.00,2214195965957.11,-4635583423637.96,-144473614241.94,4947.88,1050.87,-1621.12
56400.00,2214201903414.67,-4635582162588.92,-144475559590.57,4947.56,1050.88,-1620.56
57600.00,2214207840484.10,-4635580901538.69,-144477504266.67,4947.24,1050.88,-1620.00
58800.00,2214213777167.83,-4635579640484.30,-144479448269.73,4946.92,1050.88,-1619.44
60000.00,2214219713468.27,-4635578379422.76,-144481391599.21,4946.60,1050.89,-1618.88
61200.00,2214225649387.82,-4635577118351.11,-144483334254.59,4946.28,1050.90,-1618.32
62400.00,2214231584928.91,-4635575857266.36,-144485276235.34,4945.97,1050.92,-1617.75
63600.00,2214237520093.95,-4635574596165.54,-144487217540.94,4945.66,1050.93,-1617.19
64800.00,2214243454885.35,-4635573335045.66,-144489158170.86,4945.35,1050.95,-1616.63
66000.00,2214249389305.54,-4635572073903.76,-144491098124.58,4945.04,1050.97,-1616.06
67200.00,2214255323356.93,-4635570812736.86,-144493037401.57,4944.74,1051.00,-1615.50
68400.00,2214261257041.93,-4635569551541.97,-144494976001.31,4944.43,1051.02,-1614.93
69600.00,2214267190362.97,-4635568290316.12,-144496913923.28,4944.13,1051.05,-1614.37
70800.00,2214273123322.46,-4635567029056.34,-144498851166.96,4943.83,1051.08,-1613.80
72000.00,2214279055922.83,-4635565767759.64,-144500787731.83,4943.54,1051.11,-1613.24
73200.00,2214284988166.48,-4635564506423.05,-144502723617.36,4943.24,1051.15,-1612.67
74400.00,2214290920055.85,-4635563245043.60,-144504658823.05,4942.95,1051.19,-1612.10
75600.00,2214296851593.35,-4635561983618.32,-144506593348.38,4942.66,1051.23,-1611.54
76800.00,2214302782781.39,-4635560722144.23,-144508527192.83,4942.37,1051.27,-1610.97
78000.00,2214308713622.41,-4635559460618.36,-144510460355.91,4942.08,1051.32,-1610.40
79200.00,2214314644118.81,-4635558199037.74,-144512392837.09,4941.80,1051.37,-1609.83
80400.00,2214320574273.03,-4635556937399.42,-144514324635.88,4941.51,1051.42,-1609.26
81600.00,2214326504087.47,-4635555675700.41,-144516255751.78,4941.23,1051.47,-1608.69
82800.00,2214332433564.57,-4635554413937.76,-144518186184.29,4940.95,1051.52,-1608.12
84000.00,2214338362706.74,-4635553152108.51,-144520115932.91,4940.67,1051.58,-1607.55
85200.00,2214344291516.41,-4635551890209.70,-144522044997.15,4940.40,1051.64,-1606.98
