0.00,-1217548861.54,636046575.59,23261237.15,-8.13,-13.68,-0.00
423360.00,-1220970836.16,630239938.05,23260777.06,-8.03,-13.75,-0.00
846720.00,-1224351025.06,624404822.12,23259395.43,-7.93,-13.82,-0.00
1270080.00,-1227688356.73,618542046.55,23257094.60,-7.83,-13.88,-0.01
1693440.00,-1230981778.82,612652597.50,23253885.77,-7.73,-13.94,-0.01
2116800.00,-1234230289.81,606737687.02,23249795.22,-7.62,-14.00,-0.01
2540160.00,-1237433045.18,600798822.87,23244873.13,-7.51,-14.06,-0.01
2963520.00,-1240589583.73,594837791.02,23239196.92,-7.40,-14.11,-0.01
3386880.00,-1243700050.99,588856372.19,23232850.60,-7.29,-14.15,-0.02
3810240.00,-1246765053.80,582855886.17,23225881.57,-7.19,-14.20,-0.02
4233600.00,-1249785156.72,576837095.12,23218283.10,-7.08,-14.24,-0.02
4656960.00,-1252760603.71,570800546.30,23210020.80,-6.98,-14.28,-0.02
5080320.00,-1255691419.16,564746866.90,23201062.09,-6.87,-14.32,-0.02
5503680.00,-1258577590.38,558676829.75,23191386.69,-6.76,-14.36,-0.02
5927040.00,-1261419174.69,552591308.05,23180985.60,-6.66,-14.39,-0.03
6350400.00,-1264216338.35,546491214.62,23169857.41,-6.55,-14.43,-0.03
6773760.00,-1266969361.09,540377453.87,23158005.13,-6.45,-14.46,-0.03
7197120.00,-1269678625.85,534250887.67,23145433.93,-6.35,-14.49,-0.03
7620480.00,-1272344601.84,528112312.07,23132149.72,-6.25,-14.51,-0.03
8043840.00,-1274967823.91,521962442.22,23118158.37,-6.15,-14.54,-0.03
8467200.00,-1277548868.85,515801905.52,23103465.38,-6.05,-14.56,-0.04
8890560.00,-1280088329.59,509631244.72,23088076.52,-5.95,-14.59,-0.04
9313920.00,-1282586789.98,503450935.68,23071999.45,-5.85,-14.61,-0.04
9737280.00,-1285044809.68,497261427.05,23055247.54,-5.76,-14.63,-0.04
10160640.00,-1287462944.37,491063204.66,23037846.32,-5.66,-14.65,-0.04
10584000.00,-1289841847.49,484856850.75,23019840.92,-5.57,-14.67,-0.04
11007360.00,-1292182467.10,478642984.34,23001294.39,-5.48,-14.69,-0.04
11430720.00,-1294486160.00,472421957.12,22982262.23,-5.40,-14.70,-0.05
11854080.00,-1296754433.10,466193511.35,22962756.13,-5.32,-14.72,-0.05
12277440.00,-1298988488.16,459956833.15,22942739.50,-5.24,-14.74,-0.05
12700800.00,-1301189048.94,453710901.64,22922155.01,-5.16,-14.77,-0.05
13124160.00,-1303356473.10,447454732.32,22900947.86,-5.08,-14.79,-0.05
13547520.00,-1305490897.38,441187436.96,22879073.04,-5.00,-14.82,-0.05
13970880.00,-1307592318.44,434908207.04,22856494.44,-4.92,-14.85,-0.05
14394240.00,-1309660623.83,428616289.56,22833182.19,-4.85,-14.88,-0.06
14817600.00,-1311695600.02,422310973.42,22809110.53,-4.77,-14.91,-0.06
15240960.00,-1313696932.34,415991586.41,22784256.46,-4.69,-14.94,-0.06
15664320.00,-1315664203.09,409657499.18,22758599.02,-4.61,-14.98,-0.06
16087680.00,-1317596889.73,403308134.13,22732119.07,-4.52,-15.02,-0.06
16511040.00,-1319494363.52,396942977.76,22704799.35,-4.44,-15.05,-0.07
16934400.00,-1321355888.50,390561597.59,22676625.17,-4.35,-15.09,-0.07
17357760.00,-1323180621.52,384163665.89,22647585.65,-4.27,-15.13,-0.07
17781120.00,-1324967617.27,377748995.29,22617676.36,-4.18,-15.17,-0.07
18204480.00,-1326715850.59,371317591.78,22586903.84,-4.08,-15.21,-0.07
18627840.00,-1328424284.80,364869720.05,22555292.28,-3.99,-15.25,-0.08
19051200.00,-1330092023.65,358405931.86,22522888.48,-3.89,-15.29,-0.08
19474560.00,-1331718513.19,351926937.59,22489753.80,-3.79,-15.32,-0.08
19897920.00,-1333303573.30,345433280.54,22455935.08,-3.69,-15.36,-0.08
20321280.00,-1334847094.34,338925109.62,22421438.11,-3.60,-15.39,-0.08
20744640.00,-1336348701.31,332402327.99,22386234.55,-3.50,-15.42,-0.08
21168000.00,-1337807710.78,325864886.37,22350287.54,-3.39,-15.46,-0.09
21591360.00,-1339223271.36,319312934.17,22313568.19,-3.29,-15.49,-0.09
22014720.00,-1340594495.25,312746830.49,22276059.25,-3.19,-15.53,-0.09
22438080.00,-1341920531.02,306167105.93,22237753.32,-3.08,-15.56,-0.09
22861440.00,-1343200596.27,299574421.80,22198650.20,-2.97,-15.59,-0.09
23284800.00,-1344433990.70,292969538.00,22158754.63,-2.86,-15.61,-0.10
23708160.00,-1345620100.64,286353288.83,22118074.75,-2.74,-15.64,-0.10
24131520.00,-1346758399.63,279726564.32,22076620.99,-2.63,-15.66,-0.10
24554880.00,-1347848446.46,273090295.36,22034405.38,-2.52,-15.69,-0.10
24978240.00,-1348889881.02,266445441.97,21991441.13,-2.40,-15.70,-0.10
25401600.00,-1349882417.81,259792985.19,21947742.49,-2.29,-15.72,-0.10
25824960.00,-1350825837.30,253133924.66,21903325.23,-2.17,-15.74,-0.11
26248320.00,-1351719977.17,246469285.26,21858207.83,-2.05,-15.75,-0.11
26671680.00,-1352564729.61,239800138.04,21812414.20,-1.94,-15.76,-0.11
27095040.00,-1353360061.66,233127637.99,21765978.26,-1.82,-15.76,-0.11
27518400.00,-1354106089.39,226453061.55,21718949.54,-1.70,-15.77,-0.11
27941760.00,-1354803224.39,219777773.83,21671393.76,-1.59,-15.77,-0.11
28365120.00,-1355452300.35,213103024.03,21623377.47,-1.48,-15.76,-0.11
28788480.00,-1356054460.90,206429640.57,21574938.92,-1.37,-15.76,-0.11
29211840.00,-1356610810.77,199757944.75,21526074.11,-1.26,-15.76,-0.12
29635200.00,-1357122175.80,193087965.35,21476751.90,-1.15,-15.75,-0.12
30058560.00,-1357589118.82,186419672.91,21426935.71,-1.05,-15.75,-0.12
30481920.00,-1358012051.61,179753072.66,21376594.15,-0.95,-15.74,-0.12
30905280.00,-1358391316.06,173088203.70,21325702.51,-0.84,-15.74,-0.12
