0.00,971399951603.35,-1087542690342.48,-18269120936.65,7529.35,6574.52,-0.00
426082.00,974604946689.80,-1084740470555.31,-18269176472.72,7514.65,6578.90,-0.26
852164.00,977803629200.66,-1081936398557.75,-18269342585.22,7499.71,6583.22,-0.52
1278246.00,980995900753.05,-1079130499045.35,-18269618539.23,7484.55,6587.48,-0.78
1704328.00,984181663613.28,-1076322797048.70,-18270003610.42,7469.16,6591.68,-1.03
2130410.00,987360820658.48,-1073513317953.96,-18270497086.38,7453.55,6595.82,-1.28
2556492.00,990533275337.52,-1070702087507.37,-18271098266.33,7437.70,6599.90,-1.54
2982574.00,993698931639.24,-1067889131830.42,-18271806460.85,7421.64,6603.92,-1.79
3408656.00,996857694049.12,-1065074477432.06,-18272620993.06,7405.34,6607.87,-2.04
3834738.00,1000009467516.85,-1062258151214.68,-18273541197.38,7388.83,6611.76,-2.28
4260820.00,1003154157416.56,-1059440180493.08,-18274566420.79,7372.09,6615.59,-2.53
4686902.00,1006291669507.47,-1056620592997.25,-18275696022.26,7355.14,6619.35,-2.77
5112984.00,1009421909900.77,-1053799416886.64,-18276929372.54,7337.96,6623.05,-3.02
5539066.00,1012544785015.18,-1050976680759.55,-18278265855.09,7320.57,6626.67,-3.26
5965148.00,1015660201543.99,-1048152413658.80,-18279704865.00,7302.95,6630.23,-3.50
6391230.00,1018768066413.07,-1045326645089.19,-18281245810.10,7285.12,6633.72,-3.74
6817312.00,1021868286740.68,-1042499405019.62,-18282888110.44,7267.07,6637.14,-3.97
7243394.00,1024960769801.40,-1039670723897.53,-18284631197.97,7248.80,6640.49,-4.21
7669476.00,1028045422979.10,-1036840632656.31,-18286474517.33,7230.32,6643.76,-4.44
8095558.00,1031122153731.45,-1034009162720.60,-18288417524.59,7211.61,6646.96,-4.68
8521640.00,1034190869544.16,-1031176346021.88,-18290459688.33,7192.69,6650.08,-4.91
8947722.00,1037251477888.60,-1028342214999.29,-18292600488.96,7173.56,6653.13,-5.14
9373804.00,1040303886181.87,-1025506802613.89,-18294839418.50,7154.20,6656.09,-5.37
9799886.00,1043348001736.33,-1022670142354.72,-18297175981.25,7134.63,6658.98,-5.60
10225968.00,1046383731719.95,-1019832268244.62,-18299609692.50,7114.84,6661.79,-5.83
10652050.00,1049410983105.07,-1016993214854.52,-18302140079.47,7094.83,6664.52,-6.05
11078132.00,1052429662621.63,-1014153017303.27,-18304766680.41,7074.61,6667.16,-6.28
11504214.00,1055439676711.24,-1011311711271.14,-18307489044.28,7054.16,6669.72,-6.50
11930296.00,1058440931471.46,-1008469333003.55,-18310306731.29,7033.49,6672.19,-6.72
12356378.00,1061433332610.78,-1005625919317.02,-18313219311.55,7012.60,6674.58,-6.95
12782460.00,1064416785390.18,-1002781507612.15,-18316226365.99,6991.49,6676.88,-7.17
13208542.00,1067391194570.18,-999936135872.96,-18319327485.32,6970.15,6679.09,-7.39
13634624.00,1070356464356.61,-997089842680.13,-18322522269.60,6948.59,6681.20,-7.61
14060706.00,1073312498336.80,-994242667212.51,-18325810328.51,6926.80,6683.23,-7.83
14486788.00,1076259199426.24,-991394649252.28,-18329191279.81,6904.78,6685.16,-8.04
14912870.00,1079196469800.56,-988545829195.31,-18332664750.05,6882.53,6686.99,-8.26
15338952.00,1082124210834.40,-985696248048.93,-18336230373.37,6860.05,6688.73,-8.48
15765034.00,1085042323036.37,-982845947444.33,-18339887791.01,6837.33,6690.37,-8.69
16191116.00,1087950705975.02,-979994969635.64,-18343636651.39,6814.38,6691.91,-8.91
16617198.00,1090849258213.87,-977143357504.63,-18347476608.36,6791.19,6693.35,-9.12
17043280.00,1093737877230.22,-974291154568.24,-18351407321.68,6767.75,6694.68,-9.33
17469362.00,1096616459341.74,-971438404973.54,-18355428455.38,6744.07,6695.91,-9.54
17895444.00,1099484899627.04,-968585153507.58,-18359539677.04,6720.15,6697.04,-9.75
18321526.00,1102343091837.89,-965731445592.10,-18363740657.50,6695.97,6698.06,-9.96
18747608.00,1105190928319.21,-962877327286.40,-18368031069.02,6671.54,6698.96,-10.17
19173690.00,1108028299910.78,-960022845290.72,-18372410585.34,6646.85,6699.76,-10.38
19599772.00,1110855095857.30,-957168046937.95,-18376878879.80,6621.90,6700.45,-10.59
20025854.00,1113671203708.98,-954312980199.88,-18381435624.19,6596.68,6701.02,-10.80
20451936.00,1116476509214.45,-951457693675.41,-18386080487.93,6571.19,6701.48,-11.00
20878018.00,1119270896219.89,-948602236588.61,-18390813135.65,6545.43,6701.82,-11.21
21304100.00,1122054246548.39,-945746658784.64,-18395633226.81,6519.38,6702.05,-11.41
21730182.00,1124826439887.57,-942891010714.87,-18400540413.30,6493.06,6702.15,-11.62
22156264.00,1127587353664.89,-940035343436.35,-18405534337.78,6466.44,6702.14,-11.82
22582346.00,1130336862914.30,-937179708592.20,-18410614632.37,6439.52,6702.00,-12.02
23008428.00,1133074840146.83,-934324158400.51,-18415780915.42,6412.31,6701.74,-12.23
23434510.00,1135801155198.80,-931468745639.86,-18421032790.50,6384.78,6701.35,-12.43
23860592.00,1138515675089.05,-928613523622.54,-18426369842.86,6356.94,6700.84,-12.63
24286674.00,1141218263859.15,-925758546181.92,-18431791637.04,6328.77,6700.21,-12.82
24712756.00,1143908782405.74,-922903867636.08,-18437297714.50,6300.28,6699.44,-13.02
25138838.00,1146587088312.86,-920049542764.95,-18442887589.57,6271.45,6698.55,-13.22
25564920.00,1149253035658.66,-917195626776.86,-18448560747.36,6242.27,6697.52,-13.41
25991002.00,1151906474830.40,-914342175263.74,-18454316639.00,6212.73,6696.37,-13.61
26417084.00,1154547252316.41,-911489244168.10,-18460154677.91,6182.83,6695.08,-13.80
26843166.00,1157175210490.50,-908636889720.77,-18466074235.84,6152.56,6693.66,-13.99
27269248.00,1159790187392.30,-905785168393.36,-18472074637.10,6121.90,6692.11,-14.18
27695330.00,1162392016478.04,-902934136833.58,-18478155154.79,6090.84,6690.42,-14.36
28121412.00,1164980526378.64,-900083851789.23,-18484315004.20,6059.38,6688.60,-14.55
28547494.00,1167555540626.82,-897234370040.67,-18490553337.10,6027.49,6686.65,-14.73
28973576.00,1170116877375.86,-894385748297.42,-18496869235.73,5995.17,6684.57,-14.91
29399658.00,1172664349107.13,-891538043108.99,-18503261704.31,5962.41,6682.35,-15.09
29825740.00,1175197762303.96,-888691310748.22,-18509729662.72,5929.18,6680.00,-15.27
30251822.00,1177716917131.00,-885845607080.61,-18516271936.51,5895.48,6677.52,-15.44
30677904.00,1180221607073.56,-883000987436.19,-18522887248.03,5861.28,6674.91,-15.61
31103986.00,1182711618567.50,-880157506436.02,-18529574206.94,5826.58,6672.18,-15.78
