0.00,992601543621.22,-1132849859545.79,-21153496133.08,5727.26,5465.94,0.01
432000.00,995066088591.77,-1130478672102.31,-21152722107.84,5682.47,5512.24,3.60
864000.00,997511409521.21,-1128087284137.03,-21150392618.87,5638.26,5559.46,7.21
1296000.00,999937763128.62,-1125675304479.77,-21146497247.76,5594.67,5607.58,10.85
1728000.00,1002345420235.77,-1123242344572.41,-21141026553.69,5551.72,5656.60,14.51
2160000.00,1004734665986.16,-1120788019043.74,-21133972136.70,5509.44,5706.50,18.18
2592000.00,1007105800038.55,-1118311946109.98,-21125326655.10,5467.88,5757.28,21.87
3024000.00,1009459136787.27,-1115813748133.30,-21115083872.55,5427.06,5808.94,25.58
3456000.00,1011795005644.52,-1113293052229.90,-21103238724.20,5387.02,5861.44,29.29
3888000.00,1014113751096.71,-1110749490921.86,-21089787370.92,5347.79,5914.80,33.01
4320000.00,1016415732860.87,-1108182702562.42,-21074727206.48,5309.42,5968.98,36.74
4752000.00,1018701326082.14,-1105592332094.61,-21058056932.99,5271.93,6023.98,40.46
5184000.00,1020970921434.78,-1102978031612.06,-21039776583.89,5235.37,6079.77,44.19
5616000.00,1023224925282.50,-1100339461240.68,-21019887621.71,5199.76,6136.34,47.91
6048000.00,1025463759568.30,-1097676289785.22,-20998392968.50,5165.15,6193.66,51.62
6480000.00,1027687861884.30,-1094988195258.33,-20975297010.17,5131.57,6251.72,55.32
6912000.00,1029897685618.08,-1092274865822.13,-20950605685.26,5099.06,6310.49,59.01
7344000.00,1032093699770.50,-1089536000453.66,-20924326503.31,5067.65,6369.95,62.67
7776000.00,1034276389060.31,-1086771309810.51,-20896468607.35,5037.38,6430.05,66.32
8208000.00,1036446253723.83,-1083980517192.58,-20867042854.30,5008.29,6490.79,69.93
8640000.00,1038603809260.70,-1081163359221.48,-20836061833.01,4980.41,6552.12,73.52
9072000.00,1040749586327.63,-1078319586508.59,-20803539870.12,4953.78,6614.00,77.07
9504000.00,1042884130715.37,-1075448964698.84,-20769493095.37,4928.42,6676.41,80.57
9936000.00,1045008002882.66,-1072551275440.90,-20733939506.95,4904.38,6739.31,84.04
10368000.00,1047121777742.84,-1069626317031.43,-20696898953.91,4881.69,6802.66,87.46
10800000.00,1049226044359.09,-1066673905618.09,-20658393228.46,4860.38,6866.40,90.82
11232000.00,1051321405378.97,-1063693876089.57,-20618446109.76,4840.47,6930.51,94.13
11664000.00,1053408476531.95,-1060686082814.11,-20577083371.22,4822.01,6994.93,97.38
12096000.00,1055487886210.29,-1057650400407.33,-20534332778.59,4805.02,7059.62,100.55
12528000.00,1057560275099.83,-1054586724758.20,-20490224110.43,4789.52,7124.53,103.66
12960000.00,1059626295444.92,-1051494974297.72,-20444789239.56,4775.55,7189.59,106.69
13392000.00,1061686610189.33,-1048375090542.78,-20398062117.07,4763.12,7254.76,109.64
13824000.00,1063741892500.48,-1045227039051.68,-20350078757.31,4752.26,7319.99,112.51
14256000.00,1065792824803.08,-1042050810591.64,-20300877302.89,4743.00,7385.20,115.28
14688000.00,1067840097791.00,-1038846421873.25,-20250498030.27,4735.34,7450.35,117.96
15120000.00,1069884409517.68,-1035613916232.97,-20198983332.02,4729.30,7515.36,120.54
15552000.00,1071926464509.29,-1032353364362.72,-20146377691.72,4724.90,7580.18,123.01
15984000.00,1073966972854.81,-1029064865189.43,-20092727657.31,4722.15,7644.73,125.37
16416000.00,1076006649051.00,-1025748546992.68,-20038081840.70,4721.06,7708.96,127.62
16848000.00,1078046210437.64,-1022404568188.85,-19982490942.10,4721.63,7772.78,129.74
17280000.00,1080086376085.21,-1019033117473.89,-19926007676.29,4723.87,7836.13,131.75
17712000.00,1082127865642.27,-1015634414776.29,-19868686714.18,4727.77,7898.93,133.62
18144000.00,1084171397634.61,-1012208712001.76,-19810584680.67,4733.34,7961.11,135.36
18576000.00,1086217687934.79,-1008756293342.66,-19751760106.89,4740.55,8022.60,136.96
19008000.00,1088267448306.71,-1005277475556.92,-19692273359.84,4749.41,8083.31,138.42
19440000.00,1090321384939.33,-1001772608271.73,-19632186561.74,4759.90,8143.18,139.74
19872000.00,1092380196917.68,-998242074347.81,-19571563496.65,4771.99,8202.12,140.91
20304000.00,1094444574500.46,-994686290343.03,-19510469509.28,4785.67,8260.06,141.92
20736000.00,1096515197035.28,-991105706865.48,-19448971418.76,4800.91,8316.91,142.77
21168000.00,1098592730852.06,-987500808279.07,-19387137456.13,4817.67,8372.61,143.47
21600000.00,1100677827856.94,-983872112097.55,-19325037149.23,4835.92,8427.06,144.01
22032000.00,1102771123793.75,-980220169153.70,-19262741150.97,4855.63,8480.21,144.38
22464000.00,1104873235878.93,-976545563378.71,-19200321125.68,4876.74,8531.96,144.58
22896000.00,1106984760890.66,-972848911017.50,-19137849631.03,4899.21,8582.25,144.61
23328000.00,1109106273423.50,-969130859847.90,-19075399971.59,4922.98,8631.01,144.48
23760000.00,1111238324132.70,-965392088410.66,-19013046036.13,4948.00,8678.16,144.17
24192000.00,1113381437917.34,-961633305219.80,-18950862119.62,4974.19,8723.63,143.69
24624000.00,1115536111990.90,-957855247931.56,-18888922722.79,5001.51,8767.37,143.04
25056000.00,1117702813747.17,-954058682349.35,-18827302334.97,5029.87,8809.30,142.21
25488000.00,1119881978584.51,-950244400979.14,-18766075238.45,5059.20,8849.36,141.21
25920000.00,1122074008184.68,-946413221096.00,-18705315365.76,5089.42,8887.51,140.05
26352000.00,1124279269429.88,-942565982830.45,-18645096167.45,5120.45,8923.69,138.71
26784000.00,1126498093164.06,-938703547731.50,-18585490388.46,5152.20,8957.84,137.21
27216000.00,1128730772187.09,-934826797085.22,-18526569797.61,5184.59,8989.94,135.54
27648000.00,1130977559847.59,-930936629521.76,-18468405016.10,5217.51,9019.94,133.71
28080000.00,1133238669211.17,-927033958715.02,-18411065357.02,5250.88,9047.81,131.72
28512000.00,1135514272243.48,-923119711202.28,-18354618638.74,5284.60,9073.52,129.57
28944000.00,1137804498996.51,-919194824199.79,-18299130980.63,5318.57,9097.05,127.28
29376000.00,1140109436785.37,-915260243362.24,-18244666573.90,5352.69,9118.38,124.83
29808000.00,1142429129360.77,-911316920374.01,-18191287428.71,5386.86,9137.50,122.25
30240000.00,1144763576249.05,-907365810244.60,-18139053135.29,5420.98,9154.42,119.53
30672000.00,1147112732553.69,-903407868370.04,-18088020696.82,5454.94,9169.12,116.69
31104000.00,1149476509345.51,-899444047663.92,-18038244447.44,5488.65,9181.62,113.72
