0.00,2204544538393.88,1967970618481.50,-25233957450.96,-5212.83,4225.50,0.00
432000.00,2202287000947.39,1969797643190.92,-25231518835.23,-5238.74,4233.12,11.36
864000.00,2200018279610.58,1971628182880.09,-25224091268.98,-5264.60,4241.79,23.10
1296000.00,2197738399928.85,1973462703476.09,-25211505898.48,-5290.39,4251.56,35.24
1728000.00,2195447409015.57,1975301692472.08,-25193592694.21,-5316.04,4262.48,47.77
2160000.00,2193145378119.36,1977145659107.31,-25170181211.27,-5341.49,4274.61,60.69
2592000.00,2190832405390.54,1978995134349.84,-25141101488.57,-5366.68,4287.99,74.01
3024000.00,2188508618843.01,1980850670639.35,-25106185101.38,-5391.54,4302.68,87.71
3456000.00,2186174179502.26,1982712841341.95,-25065266382.70,-5415.98,4318.72,101.79
3888000.00,2183829284722.57,1984582239864.15,-25018183827.73,-5439.93,4336.15,116.25
4320000.00,2181474171647.46,1986459478367.97,-24964781694.90,-5463.27,4355.02,131.05
4752000.00,2179109120776.69,1988345186026.09,-24904911814.91,-5485.92,4375.36,146.19
5184000.00,2176734459590.05,1990240006752.38,-24838435615.79,-5507.75,4397.22,161.63
5616000.00,2174350566163.75,1992144596343.17,-24765226367.89,-5528.64,4420.60,177.35
6048000.00,2171957872698.84,1994059618966.08,-24685171646.54,-5548.47,4445.52,193.32
6480000.00,2169556868863.22,1995985742938.19,-24598176002.59,-5567.09,4471.99,209.48
6912000.00,2167148104830.75,1997923635745.07,-24504163821.48,-5584.37,4500.00,225.79
7344000.00,2164732193881.97,1999873958266.08,-24403082340.30,-5600.15,4529.53,242.20
7776000.00,2162309814414.78,2001837358191.56,-24294904779.13,-5614.29,4560.54,258.63
8208000.00,2159881711198.64,2003814462644.12,-24179633528.58,-5626.62,4592.97,275.03
8640000.00,2157448695696.93,2005805870048.95,-24057303319.86,-5637.00,4626.74,291.30
9072000.00,2155011645279.64,2007812141337.40,-23927984288.25,-5645.28,4661.76,307.37
9504000.00,2152571501155.05,2009833790612.74,-23791784826.15,-5651.30,4697.92,323.14
9936000.00,2150129264867.20,2011871275455.06,-23648854109.40,-5654.94,4735.05,338.51
10368000.00,2147685993236.64,2013924987091.64,-23499384172.21,-5656.08,4773.01,353.39
10800000.00,2145242791666.64,2015995240705.36,-23343611402.52,-5654.60,4811.60,367.67
11232000.00,2142800805795.54,2018082266194.07,-23181817333.78,-5650.43,4850.62,381.25
11664000.00,2140361211546.71,2020186199721.92,-23014328621.00,-5643.52,4889.84,394.02
12096000.00,2137925203707.00,2022307076416.16,-22841516110.08,-5633.83,4929.02,405.88
12528000.00,2135493983248.92,2024444824554.99,-22663792939.45,-5621.36,4967.91,416.74
12960000.00,2133068743693.41,2026599261561.93,-22481611650.88,-5606.14,5006.24,426.51
13392000.00,2130650656883.44,2028770092067.54,-22295460330.55,-5588.26,5043.76,435.11
13824000.00,2128240858595.17,2030956908223.56,-22105857848.22,-5567.79,5080.21,442.47
14256000.00,2125840434447.61,2033159192360.17,-21913348309.04,-5544.88,5115.33,448.56
14688000.00,2123450406578.66,2035376321971.56,-21718494874.54,-5519.69,5148.90,453.32
15120000.00,2121071721532.41,2037607576905.76,-21521873143.16,-5492.40,5180.69,456.74
15552000.00,2118705239751.67,2039852148530.97,-21324064303.24,-5463.23,5210.52,458.82
15984000.00,2116351726992.93,2042109150561.08,-21125648280.53,-5432.40,5238.21,459.56
16416000.00,2114011847886.49,2044377631154.40,-20927197097.69,-5400.15,5263.64,458.98
16848000.00,2111686161759.40,2046656585857.32,-20729268645.16,-5366.73,5286.69,457.14
17280000.00,2109375120731.77,2048944970950.29,-20532401033.81,-5332.39,5307.28,454.08
17712000.00,2107079069997.50,2051241716766.33,-20337107662.74,-5297.37,5325.39,449.87
18144000.00,2104798250114.01,2053545740589.36,-20143873093.69,-5261.91,5340.98,444.56
18576000.00,2102532801058.62,2055855958794.79,-19953149781.23,-5226.25,5354.07,438.25
19008000.00,2100282767762.86,2058171297962.99,-19765355667.14,-5190.58,5364.69,431.01
19440000.00,2098048106812.10,2060490704769.20,-19580872612.21,-5155.11,5372.91,422.94
19872000.00,2095828693993.28,2062813154527.46,-19400045609.28,-5120.01,5378.79,414.10
20304000.00,2093624332386.74,2065137658333.78,-19223182700.07,-5085.45,5382.43,404.60
20736000.00,2091434760723.29,2067463268813.71,-19050555503.95,-5051.56,5383.93,394.51
21168000.00,2089259661763.23,2069789084528.31,-18882400259.70,-5018.47,5383.40,383.91
21600000.00,2087098670493.08,2072114253129.70,-18718919280.06,-4986.27,5380.96,372.88
22032000.00,2084951381977.94,2074437973383.35,-18560282722.53,-4955.04,5376.72,361.49
22464000.00,2082817358746.89,2076759496189.77,-18406630586.89,-4924.86,5370.80,349.81
22896000.00,2080696137626.78,2079078124745.16,-18258074859.39,-4895.78,5363.34,337.91
23328000.00,2078587235971.72,2081393213979.79,-18114701734.49,-4867.83,5354.44,325.83
23760000.00,2076490157264.12,2083704169407.40,-17976573855.83,-4841.05,5344.22,313.63
24192000.00,2074404396084.94,2086010445508.73,-17843732529.43,-4815.44,5332.79,301.36
24624000.00,2072329442468.84,2088311543760.96,-17716199871.97,-4791.01,5320.26,289.06
25056000.00,2070264785672.66,2090607010410.59,-17593980866.52,-4767.77,5306.73,276.77
25488000.00,2068209917394.77,2092896434074.73,-17477065305.79,-4745.70,5292.30,264.51
25920000.00,2066164334488.45,2095179443241.68,-17365429610.20,-4724.78,5277.05,252.33
26352000.00,2064127541215.41,2097455703729.81,-17259038513.20,-4705.00,5261.07,240.24
26784000.00,2062099051086.43,2099724916152.16,-17157846611.27,-4686.33,5244.43,228.26
27216000.00,2060078388335.41,2101986813424.27,-17061799779.34,-4668.76,5227.21,216.42
27648000.00,2058065089070.94,2104241158343.98,-16970836455.00,-4652.24,5209.48,204.73
28080000.00,2056058702147.21,2106487741264.38,-16884888797.08,-4636.75,5191.29,193.20
28512000.00,2054058789792.57,2108726377874.90,-16803883725.17,-4622.26,5172.70,181.85
28944000.00,2052064928030.77,2110956907100.40,-16727743847.83,-4608.73,5153.76,170.68
29376000.00,2050076706926.62,2113179189123.84,-16656388287.48,-4596.14,5134.53,159.70
29808000.00,2048093730683.86,2115393103534.76,-16589733410.23,-4584.45,5115.03,148.92
30240000.00,2046115617620.55,2117598547603.25,-16527693468.78,-4573.62,5095.32,138.33
30672000.00,2044142000043.33,2119795434677.14,-16470181166.32,-4563.63,5075.42,127.96
31104000.00,2042172524039.81,2121983692698.35,-16417108148.98,-4554.44,5055.37,117.78
