0.00,979452371172.34,-1137547549676.78,-23409805609.29,7611.53,6479.85,0.03
423360.00,982670504826.13,-1134791306813.87,-23407821727.70,7591.00,6541.37,9.41
846720.00,985879750797.51,-1132009014386.35,-23401857844.89,7569.54,6602.92,18.84
1270080.00,989079712408.94,-1129200653807.96,-23391893360.12,7547.13,6664.52,28.31
1693440.00,992269985143.58,-1126366192681.71,-23377904633.62,7523.75,6726.22,37.85
2116800.00,995450154834.76,-1123505584629.41,-23359864895.24,7499.39,6788.05,47.45
2540160.00,998619795954.50,-1120618769123.29,-23337744141.85,7474.00,6850.04,57.13
2963520.00,1001778469616.02,-1117705671286.08,-23311509026.53,7447.56,6912.22,66.89
3386880.00,1004925721538.05,-1114766201751.26,-23281122791.45,7420.03,6974.63,76.74
3810240.00,1008061079631.71,-1111800256304.69,-23246545112.57,7391.36,7037.30,86.69
4233600.00,1011184051667.39,-1108807715440.67,-23207731900.33,7361.50,7100.28,96.75
4656960.00,1014294122549.49,-1105788444191.40,-23164635215.21,7330.40,7163.59,106.93
5080320.00,1017390751316.94,-1102742291584.49,-23117203020.85,7297.98,7227.28,117.24
5503680.00,1020473367875.70,-1099669090452.94,-23065379104.64,7264.18,7291.38,127.68
5927040.00,1023541369105.17,-1096568656944.71,-23009102842.93,7228.91,7355.93,138.27
6350400.00,1026594114683.98,-1093440789861.95,-22948308881.95,7192.08,7420.99,149.03
6773760.00,1029630922596.59,-1090285270359.43,-22882926975.26,7153.59,7486.58,159.95
7197120.00,1032651063552.86,-1087101861595.70,-22812881730.57,7113.31,7552.75,171.06
7620480.00,1035653755012.90,-1083890308183.67,-22738092284.48,7071.12,7619.55,182.37
8043840.00,1038638154261.82,-1080650336201.78,-22658472172.94,7026.86,7687.02,193.88
8467200.00,1041603350186.04,-1077381653066.00,-22573929045.24,6980.35,7755.20,205.63
8890560.00,1044548353809.51,-1074083947423.73,-22484364305.74,6931.42,7824.13,217.61
9313920.00,1047472087531.79,-1070756889262.82,-22389672771.42,6879.82,7893.87,229.85
9737280.00,1050373372784.41,-1067400130980.32,-22289742615.75,6825.30,7964.45,242.36
10160640.00,1053250914696.46,-1064013308735.12,-22184455103.12,6767.58,8035.91,255.16
10584000.00,1056103284731.93,-1060596044261.89,-22073684425.95,6706.30,8108.28,268.27
11007360.00,1058928900098.57,-1057147948543.86,-21957297964.39,6641.09,8181.57,281.70
11430720.00,1061725998816.22,-1053668626900.00,-21835156607.08,6571.47,8255.80,295.46
11854080.00,1064492609781.62,-1050157686196.68,-21707115323.81,6496.93,8330.94,309.57
12277440.00,1067226516612.71,-1046614745100.05,-21573024144.20,6416.82,8406.97,324.05
12700800.00,1069925213980.51,-1043039448459.80,-21432729765.90,6330.42,8483.78,338.88
13124160.00,1072585855472.06,-1039431488673.16,-21286078651.93,6236.84,8561.24,354.08
13547520.00,1075205188168.84,-1035790636854.05,-21132921446.05,6135.02,8639.12,369.62
13970880.00,1077779472432.31,-1032116785305.20,-20973119261.76,6023.73,8717.07,385.46
14394240.00,1080304384734.20,-1028410010406.86,-20806554149.36,5901.43,8794.55,401.55
14817600.00,1082774897394.48,-1024670664043.91,-20633144677.56,5766.32,8870.77,417.77
15240960.00,1085185131050.49,-1020899506852.69,-20452869411.96,5616.16,8944.57,433.95
15664320.00,1087528176045.39,-1017097904379.98,-20265802577.09,5448.30,9014.22,449.80
16087680.00,1089795881370.97,-1013268118513.56,-20072168586.29,5259.53,9077.15,464.88
16511040.00,1091978616992.02,-1009413743264.05,-19872425751.33,5046.05,9129.54,478.51
16934400.00,1094065035649.79,-1005540356556.29,-19667395576.65,4803.57,9165.70,489.62
17357760.00,1096041915563.45,-1001656498860.18,-19458464327.28,4527.62,9177.12,496.57
17781120.00,1097894233513.37,-997775124650.96,-19247887272.00,4214.38,9151.20,496.84
18204480.00,1099605829614.18,-993915645747.02,-19039237164.62,3862.80,9069.74,486.64
18627840.00,1101161365267.72,-990106550656.40,-18838013755.71,3478.81,8907.98,460.61
19051200.00,1102550681694.24,-986387977204.80,-18652316166.01,3082.50,8636.35,411.94
19474560.00,1103776677868.32,-982812164630.29,-18493178011.77,2716.89,8229.74,334.05
19897920.00,1104865871122.16,-979437633634.24,-18373670175.50,2449.54,7688.05,224.85
20321280.00,1105875346005.04,-976313341825.07,-18305792539.31,2351.31,7059.59,92.32
20744640.00,1106885297181.63,-973457480465.62,-18295802652.57,2452.82,6437.17,-45.04
21168000.00,1107975184753.54,-970847163208.71,-18341326070.67,2719.59,5912.50,-166.94
21591360.00,1109199979072.13,-968429521545.77,-18432956452.37,3077.73,5530.78,-261.67
22014720.00,1110583128038.78,-966143523803.81,-18558629167.75,3458.31,5288.05,-328.10
22438080.00,1112124255700.53,-963935837593.40,-18707240656.08,3819.12,5155.91,-370.73
22861440.00,1113810324865.80,-961766585480.46,-18869946603.59,4141.14,5102.24,-395.61
23284800.00,1115623675528.65,-959608157146.40,-19040417824.39,4420.14,5101.47,-408.10
23708160.00,1117546456831.13,-957442285561.34,-19214278922.66,4658.52,5135.11,-412.12
24131520.00,1119562457421.47,-955257214491.28,-19388564994.04,4861.15,5190.64,-410.45
24554880.00,1121657646134.05,-953045536271.57,-19561286546.80,5033.26,5259.80,-404.96
24978240.00,1123820137944.53,-950802697016.11,-19731117695.55,5179.67,5337.19,-396.95
25401600.00,1126039950660.41,-948526003122.70,-19897182448.95,5304.54,5419.29,-387.27
25824960.00,1128308714000.57,-946213972095.32,-20058909801.77,5411.32,5503.83,-376.53
26248320.00,1130619394004.92,-943865910415.53,-20215935703.53,5502.88,5589.32,-365.11
26671680.00,1132966053368.20,-941481638417.20,-20368037019.38,5581.56,5674.77,-353.30
27095040.00,1135343650349.80,-939061309666.61,-20515087295.57,5649.25,5759.57,-341.28
27518400.00,1137747875741.67,-936605289499.24,-20657026730.51,5707.52,5843.32,-329.17
27941760.00,1140175023201.68,-934114073426.05,-20793841275.53,5757.67,5925.80,-317.08
28365120.00,1142621884989.81,-931588232824.96,-20925548027.18,5800.77,6006.87,-305.05
28788480.00,1145085667806.39,-929028378594.31,-21052184997.51,5837.71,6086.47,-293.13
29211840.00,1147563924715.58,-926435136801.31,-21173803905.02,5869.23,6164.58,-281.35
29635200.00,1150054499865.82,-923809132458.45,-21290465068.00,5895.96,6241.23,-269.72
30058560.00,1152555483376.93,-921150978861.15,-21402233777.94,5918.45,6316.46,-258.24
30481920.00,1155065174318.79,-918461270765.86,-21509177727.90,5937.14,6390.30,-246.93
30905280.00,1157582050099.80,-915740580266.30,-21611365222.67,5952.43,6462.82,-235.77
