0.00,659020690986.76,-378123810456.01,-11796149567.19,8013.22,9390.19,-0.03
432000.00,662430083426.05,-374070576583.63,-11797846896.25,7769.13,9376.54,-7.84
864000.00,665733780187.42,-370020874744.10,-11802858965.32,7524.04,9373.86,-15.36
1296000.00,668931554170.79,-365970031662.67,-11811053484.90,7278.89,9381.84,-22.56
1728000.00,672023563837.00,-361913530715.64,-11822283648.99,7034.53,9400.06,-29.41
2160000.00,675010318063.69,-357847040181.91,-11836390595.94,6791.73,9428.07,-35.88
2592000.00,677892640104.70,-353766436507.34,-11853205774.92,6551.17,9465.37,-41.94
3024000.00,680671631370.03,-349667821715.43,-11872553171.33,6313.46,9511.42,-47.60
3456000.00,683348635663.64,-345547536221.57,-11894251381.51,6079.11,9565.66,-52.82
3888000.00,685925204647.09,-341402166990.86,-11918115489.85,5848.58,9627.50,-57.62
4320000.00,688403064739.80,-337228551903.67,-11943958783.29,5622.21,9696.37,-61.98
4752000.00,690784085276.29,-333023780065.74,-11971594313.51,5400.32,9771.69,-65.91
5184000.00,693070250106.99,-328785189385.85,-12000836180.15,5183.13,9852.89,-69.42
5616000.00,695263630006.12,-324510361679.90,-12031500729.47,4970.82,9939.40,-72.50
6048000.00,697366358514.93,-320197115017.63,-12063407510.22,4763.50,10030.70,-75.17
6480000.00,699380609656.39,-315843494963.75,-12096380108.85,4561.24,10126.26,-77.43
6912000.00,701308578274.38,-311447763693.42,-12130246808.29,4364.08,10225.60,-79.31
7344000.00,703152463176.22,-307008388965.03,-12164841079.21,4171.99,10328.26,-80.80
7776000.00,704914451797.68,-302524031936.14,-12200001995.00,3984.95,10433.80,-81.93
8208000.00,706596707490.43,-297993534500.35,-12235574489.60,3802.88,10541.82,-82.71
8640000.00,708201358810.49,-293415906625.82,-12271409530.36,3625.69,10651.95,-83.14
9072000.00,709730490798.17,-288790313615.01,-12307364200.25,3453.26,10763.84,-83.26
9504000.00,711186137846.68,-284116063921.72,-12343301681.81,3285.49,10877.17,-83.07
9936000.00,712570278085.96,-279392596819.04,-12379091207.81,3122.22,10991.66,-82.58
10368000.00,713884829422.47,-274619471079.46,-12414607936.01,2963.32,11107.04,-81.80
10800000.00,715131646359.12,-269796353792.74,-12449732783.88,2808.64,11223.07,-80.76
11232000.00,716312518264.51,-264923009668.81,-12484352228.63,2658.02,11339.54,-79.46
11664000.00,717429168806.49,-259999291370.87,-12518358081.52,2511.32,11456.26,-77.92
12096000.00,718483255838.93,-255025130605.70,-12551647231.44,2368.38,11573.04,-76.15
12528000.00,719476371871.39,-250000529291.28,-12584121381.73,2229.04,11689.75,-74.15
12960000.00,720410045674.55,-244925551815.17,-12615686777.87,2093.18,11806.24,-71.94
13392000.00,721285743933.96,-239800318172.11,-12646253928.94,1960.64,11922.40,-69.53
13824000.00,722104873214.61,-234624997081.78,-12675737319.65,1831.28,12038.11,-66.92
14256000.00,722868782743.53,-229399799920.46,-12704055126.98,1704.99,12153.29,-64.13
14688000.00,723578767322.44,-224124975771.39,-12731128951.85,1581.63,12267.85,-61.16
15120000.00,724236070053.06,-218800806437.16,-12756883541.84,1461.09,12381.72,-58.02
15552000.00,724841885758.17,-213427601926.94,-12781246522.34,1343.27,12494.85,-54.72
15984000.00,725397364360.97,-208005697043.59,-12804148148.21,1228.05,12607.17,-51.26
16416000.00,725903614082.36,-202535447948.48,-12825521053.49,1115.36,12718.65,-47.64
16848000.00,726361704889.40,-197017229090.15,-12845300010.15,1005.10,12829.24,-43.88
17280000.00,726772672091.25,-191451430488.92,-12863421691.29,897.20,12938.92,-39.97
17712000.00,727137520092.59,-185838455846.86,-12879824462.87,791.59,13047.64,-35.92
18144000.00,727457225641.65,-180178720924.83,-12894448184.26,688.21,13155.39,-31.73
18576000.00,727732741325.08,-174472651453.94,-12907233986.31,587.01,13262.14,-27.41
19008000.00,727964999538.45,-168720681958.82,-12918124083.48,487.95,13367.88,-22.96
19440000.00,728154916038.91,-162923255339.59,-12927061617.59,390.99,13472.58,-18.37
19872000.00,728303393200.18,-157080822341.71,-12933990496.49,296.11,13576.23,-13.66
20304000.00,728411323359.50,-151193840809.53,-12938855217.48,203.29,13678.82,-8.81
20736000.00,728479592594.17,-145262775153.60,-12941600692.82,112.51,13780.32,-3.84
21168000.00,728509084516.32,-139288096912.68,-12942172131.70,23.78,13880.72,1.25
21600000.00,728500683361.22,-133270285555.68,-12940514940.09,-62.91,13980.00,6.48
22032000.00,728455277233.93,-127209828510.61,-12936574569.50,-147.53,14078.14,11.82
22464000.00,728373761985.84,-121107221671.17,-12930296380.45,-230.06,14175.12,17.30
22896000.00,728257044837.94,-114962970863.53,-12921625561.47,-310.48,14270.92,22.90
23328000.00,728106047673.74,-108777593456.54,-12910507057.58,-388.74,14365.51,28.63
23760000.00,727921710326.05,-102551619995.00,-12896885498.65,-464.81,14458.85,34.49
24192000.00,727704993923.31,-96285595930.47,-12880705127.16,-538.62,14550.91,40.48
24624000.00,727456884401.07,-89980083643.45,-12861909729.68,-610.12,14641.65,46.60
25056000.00,727178395952.60,-83635665156.59,-12840442608.46,-679.24,14731.02,52.85
25488000.00,726870574057.33,-77252945172.72,-12816246583.89,-745.89,14818.95,59.23
25920000.00,726534498635.00,-70832553903.86,-12789263968.20,-810.01,14905.40,65.75
26352000.00,726171287468.98,-64375150470.82,-12759436560.81,-871.49,14990.28,72.41
26784000.00,725782099293.48,-57881427113.61,-12726705703.69,-930.24,15073.52,79.19
27216000.00,725368136469.34,-51352113742.86,-12691012364.21,-986.15,15155.02,86.12
27648000.00,724930647566.30,-44787982726.82,-12652297228.27,-1039.12,15234.69,93.19
28080000.00,724470929830.85,-38189854102.32,-12610500818.90,-1089.02,15312.39,100.39
28512000.00,723990331478.10,-31558601362.05,-12565563649.52,-1135.74,15388.00,107.73
28944000.00,723490253509.93,-24895158085.00,-12517426443.94,-1179.16,15461.38,115.20
29376000.00,722972150640.33,-18200525212.13,-12466030437.94,-1219.15,15532.35,122.81
29808000.00,722437531585.93,-11475778317.50,-12411317699.32,-1255.58,15600.74,130.56
30240000.00,721887959465.02,-4722074941.98,-12353231412.40,-1288.33,15666.36,138.43
30672000.00,721325051901.37,2059336927.54,-12291716233.79,-1317.27,15728.97,146.43
31104000.00,720750479583.73,8867109209.41,-12226718805.65,-1342.29,15788.33,154.55
