0.00,977619335708.49,-1118635020430.22,-19589528846.32,-3011.91,1546.28,247.22
423360.00,979953491364.20,-1116196952711.62,-19577883949.92,6914.45,-360.52,2694.10
846720.00,983818701531.35,-1112672235046.11,-19732835775.58,1416.29,9042.33,-1944.73
1270080.00,985566610766.25,-1111303816624.00,-19386934534.41,10940.72,2070.94,2423.52
1693440.00,989992335222.65,-1107441347121.79,-19574248846.83,4166.73,11327.44,-2361.15
2116800.00,990987969123.03,-1104596045708.53,-19928764434.70,3532.87,2670.22,967.84
2540160.00,994448949791.61,-1103564234513.20,-19149069085.25,12792.94,5514.85,1401.90
2963520.00,998630407978.47,-1099203046178.83,-19561268156.62,4693.22,11185.42,-2184.51
3386880.00,999772250613.04,-1095815038709.58,-20092097083.31,2467.37,4856.23,-42.18
3810240.00,1001734543038.73,-1094567224507.51,-19634625876.08,7734.96,2044.72,1961.17
4233600.00,1006383707966.93,-1092604397233.75,-19006506572.85,12221.72,9108.04,-73.12
4656960.00,1009847879870.28,-1087894487038.80,-19658929705.08,4220.00,10534.03,-1964.06
5080320.00,1011055161470.59,-1084458158746.93,-20180003730.93,2527.60,5745.44,-341.07
5503680.00,1012611358821.46,-1082764603042.57,-19948484223.18,5426.53,2676.11,1368.90
5927040.00,1016047993815.99,-1081570759164.93,-19200751221.76,11006.10,4184.68,1711.65
6350400.00,1020930443123.98,-1078235143580.20,-19057529808.65,9639.17,11227.00,-1301.79
6773760.00,1023556892567.52,-1073551009825.23,-19819882713.90,3602.79,9726.96,-1685.68
7197120.00,1024750817914.65,-1070243894248.64,-20262705021.37,2673.59,5972.95,-333.62
7620480.00,1026216963941.26,-1068316623439.27,-20108322821.78,4644.30,3375.27,1029.92
8043840.00,1028967356491.65,-1067064917000.45,-19472731246.75,8665.07,3105.93,1796.91
8467200.00,1033486226576.07,-1064958803967.62,-18887602056.32,11825.37,7828.29,437.69
8890560.00,1037663075052.09,-1060575372468.17,-19259008798.13,6964.84,11495.43,-1793.15
9313920.00,1039664311049.90,-1056151859902.50,-19992183071.87,3195.70,8994.38,-1394.63
9737280.00,1040855093596.77,-1052989103891.58,-20349881865.15,2824.56,6029.60,-264.30
10160640.00,1042312077524.93,-1050919699905.74,-20225017161.00,4322.93,3901.11,835.36
10584000.00,1044713925729.02,-1049494079394.29,-19687215082.75,7277.51,3142.59,1622.89
11007360.00,1048589765024.63,-1047838948306.15,-18999655012.34,10945.26,5416.93,1316.38
11430720.00,1053306676077.27,-1044406867842.93,-18880297704.90,9955.09,10669.04,-923.57
11854080.00,1056427440826.58,-1039650442031.08,-19540043025.56,5019.95,10845.48,-1775.35
12277440.00,1058016689948.40,-1035576321220.18,-20169414475.80,2948.27,8314.02,-1089.25
12700800.00,1059217618011.18,-1032566889500.69,-20432724515.73,2972.62,5976.91,-144.37
13124160.00,1060701171210.15,-1030422073032.66,-20302046349.67,4219.48,4260.55,749.39
13547520.00,1062930667575.47,-1028832239945.19,-19826353692.72,6502.33,3440.64,1452.38
13970880.00,1066329779108.70,-1027255203781.54,-19153595973.73,9651.61,4466.15,1559.43
14394240.00,1070888449994.81,-1024571038406.05,-18731340757.58,11114.78,8706.43,116.08
14817600.00,1074892387522.96,-1020112215497.24,-19100207422.33,7237.23,11465.29,-1593.57
15240960.00,1077159016183.43,-1015492167035.33,-19807364300.04,3897.30,10004.20,-1536.84
15664320.00,1078526154639.13,-1011721452250.54,-20316145519.84,2840.65,7817.16,-825.06
16087680.00,1079744895499.77,-1008818583989.20,-20498787185.40,3079.74,5955.11,-35.00
16511040.00,1081248153408.95,-1006609498471.12,-20355219527.94,4154.47,4555.31,704.90
16934400.00,1083364960735.60,-1004872239158.82,-19921124144.61,5988.86,3778.38,1318.38
17357760.00,1086422844497.87,-1003245950993.26,-19287766396.56,8581.77,4192.75,1578.89
17781120.00,1090603788568.26,-1000976842346.47,-18726220652.52,10881.48,7045.75,821.20
18204480.00,1095024825773.02,-997094484195.68,-18764293599.74,9115.71,10968.58,-1013.21
18627840.00,1098030583097.75,-992297077971.77,-19388912884.79,5252.58,11083.65,-1667.07
19051200.00,1099772434506.18,-987961771851.18,-20027461273.76,3285.67,9301.87,-1262.08
19474560.00,1101022614120.90,-984413681333.58,-20426870505.77,2794.75,7489.40,-608.61
19897920.00,1102255264428.75,-981571625368.15,-20543578805.05,3141.23,5982.04,57.37
20321280.00,1103763640050.34,-979295803488.35,-20386330425.57,4083.72,4823.61,679.76
20744640.00,1105789900358.01,-977422122347.12,-19981737058.96,5599.22,4116.35,1214.11
21168000.00,1108588352772.84,-975697991706.77,-19389731884.57,7736.92,4218.82,1525.43
21591360.00,1112376890373.37,-973613557854.55,-18778586992.31,10099.96,6026.40,1193.44
22014720.00,1116817708982.54,-970291176815.82,-18552003850.12,10167.34,9810.93,-293.36
22438080.00,1120447565085.92,-965634741220.33,-18982276896.28,6739.80,11539.37,-1519.86
22861440.00,1122668919240.66,-960930137699.60,-19652640703.90,4042.62,10443.78,-1504.43
23284800.00,1124103100290.02,-956857273782.82,-20192852032.63,2930.98,8787.12,-1011.91
23708160.00,1125283173435.81,-953460678040.32,-20499928856.62,2758.68,7289.49,-432.56
24131520.00,1126517984986.96,-950644778118.65,-20562566415.80,3156.55,6048.11,135.87
24554880.00,1128015833159.05,-948298683635.76,-20391650319.89,3995.93,5076.15,667.49
24978240.00,1129960551410.99,-946297252021.35,-20007674152.23,5278.29,4443.31,1134.74
25401600.00,1132552000361.52,-944455826626.32,-19452315195.59,7063.01,4387.01,1452.40
25824960.00,1135992949064.10,-942419230162.36,-18834772024.17,9219.92,5517.42,1356.49
26248320.00,1140222348855.55,-939505819637.62,-18436442436.10,10350.15,8562.68,333.61
26671680.00,1144241249363.97,-935199515903.04,-18622514692.80,8098.88,11371.59,-1135.29
27095040.00,1146981327418.86,-930327309397.49,-19234164684.87,5008.00,11252.25,-1571.59
27518400.00,1148699252675.52,-925837255466.53,-19852615962.79,3324.25,9886.71,-1286.45
27941760.00,1149948891989.78,-921956890967.72,-20298682828.03,2706.69,8458.09,-805.76
28365120.00,1151077830032.61,-918644991148.50,-20533237100.36,2706.06,7213.73,-299.89
28788480.00,1152296257644.59,-915816544509.12,-20556559048.61,3111.45,6175.01,188.92
29211840.00,1153757780685.23,-913384473660.82,-20378800755.07,3852.98,5345.50,648.08
29635200.00,1155604744449.55,-911252531143.78,-20015579881.02,4941.43,4773.39,1060.05
30058560.00,1157994941991.62,-909284197394.69,-19496139917.74,6431.89,4616.50,1370.52
30481920.00,1161102727684.50,-907231134408.88,-18891782731.33,8308.61,5276.24,1416.68
30905280.00,1164996593916.77,-904604062123.73,-18386718447.33,9915.50,7448.26,817.02
