0.00,977923137532.66,-1118660493951.20,-19598823102.82,-2811.16,12037.64,0.09
426082.00,980921330604.26,-1116274745145.20,-19502263357.95,9742.10,15422.08,-4400.92
852164.00,983468183489.39,-1113718867710.40,-19363902306.30,17918.25,3614.85,-1595.27
1278246.00,986098029295.38,-1110652268944.96,-19450163457.92,3410.71,-4678.19,5271.59
1704328.00,989304099144.41,-1107776888919.05,-19597115917.36,-3642.47,10814.46,712.86
2130410.00,992314346986.03,-1105373823357.51,-19503609782.43,9429.21,15549.17,-4359.52
2556492.00,994798254782.24,-1102782126405.95,-19357444847.97,17660.33,2521.33,-1078.33
2982574.00,997458208807.33,-1099625947587.84,-19480897173.27,242.78,-2925.24,5348.20
3408656.00,1000700050970.99,-1096842626328.77,-19592320512.63,-1228.40,13890.15,-1097.90
3834738.00,1003514107060.84,-1094459763279.13,-19436859679.24,14064.04,12780.10,-4348.89
4260820.00,1005876103582.38,-1091589714321.73,-19367133960.37,12687.86,-3960.90,2763.60
4686902.00,1008881257429.50,-1088425230301.70,-19570777243.79,-4780.37,6376.71,2814.85
5112984.00,1011975386813.10,-1085950435398.48,-19515561472.25,7572.44,16068.87,-4093.96
5539066.00,1014372046433.38,-1083338582328.87,-19344609238.93,17250.78,1771.47,-647.94
5965148.00,1017073167443.22,-1080061849053.72,-19515935957.72,-3048.44,643.72,4733.14
6391230.00,1020278773831.80,-1077428366395.94,-19546859516.49,3877.61,16193.01,-3246.05
6817312.00,1022737673926.20,-1074912661892.17,-19347510567.77,17586.67,4852.70,-1970.04
7243394.00,1025294933943.98,-1071620946795.04,-19485327153.61,-1533.36,-1260.25,5151.56
7669476.00,1028512018511.70,-1068900013127.59,-19549851405.62,2718.92,16012.79,-2882.43
8095558.00,1030972800146.98,-1066393555189.20,-19342818022.88,17500.19,5497.90,-2201.24
8521640.00,1033497252403.72,-1063068347001.57,-19481467965.76,-1852.17,-892.67,5090.42
8947722.00,1036696532441.34,-1060360244243.92,-19532207920.69,3791.17,16251.69,-3228.96
9373804.00,1039066190882.30,-1057789779278.50,-19324541122.64,17372.51,3385.33,-1303.89
9799886.00,1041692383492.30,-1054406437455.98,-19506918968.38,-3894.53,2176.73,4352.48
10225968.00,1044810602881.55,-1051810789164.38,-19488319980.72,7115.17,16238.14,-4019.23
10652050.00,1047023902856.53,-1049057116782.23,-19312211547.32,15173.20,-1310.03,1147.85
11078132.00,1049916528172.07,-1045698887286.65,-19545269499.31,-4739.94,8703.99,1921.23
11504214.00,1052775797983.36,-1043253839190.30,-19398250404.41,13085.56,13523.42,-4362.87
11930296.00,1054937657308.51,-1040100736960.88,-19367468200.56,5729.11,-4704.09,4829.10
12356378.00,1058115536616.53,-1037075457171.15,-19530722868.32,379.77,15353.95,-2012.13
12782460.00,1060490035815.29,-1034542620201.93,-19297173914.80,17245.39,4612.17,-1746.64
13208542.00,1063072594032.63,-1031067816483.58,-19495993500.11,-4677.98,4337.34,3696.08
13634624.00,1066052609390.55,-1028532572148.12,-19406887446.20,10882.18,15004.73,-4430.64
14060706.00,1068133104887.09,-1025424637770.93,-19331917083.02,7161.16,-4656.37,4507.10
14486788.00,1071279054944.17,-1022334131714.76,-19507234410.04,579.34,15536.35,-2143.70
14912870.00,1073555877615.08,-1019742460642.64,-19266446172.32,16887.40,2803.07,-893.40
15338952.00,1076245314710.08,-1016235505324.10,-19498267729.78,-4982.03,8000.41,2290.47
15765034.00,1079008249754.78,-1013757254705.38,-19326787072.94,14402.81,12128.11,-4094.22
16191116.00,1081184683820.96,-1010345354670.80,-19392564596.58,-1007.40,-1537.46,5229.61
16617198.00,1084283226223.21,-1007584559062.76,-19415400827.61,7348.53,16308.00,-4084.34
17043280.00,1086284492721.06,-1004570502434.69,-19273775276.34,9562.43,-4200.49,3755.99
17469362.00,1089366687167.82,-1001366695679.93,-19470819122.61,450.12,15603.87,-2114.84
17895444.00,1091533475991.06,-998701178121.18,-19224894064.94,16062.16,1030.56,46.07
18321526.00,1094324115273.29,-995190967719.77,-19473663607.37,-3937.59,11638.67,576.94
18747608.00,1096782421058.72,-992676192489.72,-19234574261.39,16691.65,7280.71,-2654.25
19173690.00,1099233606892.70,-989074608806.10,-19435919515.21,-5129.94,6450.75,2990.74
19599772.00,1101953514420.13,-986544969113.47,-19263920354.96,14695.52,11606.31,-3929.30
20025854.00,1104147276026.70,-982989471758.27,-19381858945.67,-3843.89,1996.67,4504.64
20451936.00,1107036723795.25,-980363442953.84,-19287939488.51,12373.21,13981.40,-4331.07
20878018.00,1109078869103.03,-976891420030.01,-19332601925.65,-1773.62,-745.55,5125.55
21304100.00,1112051342754.92,-974158570976.90,-19300512871.32,10543.92,15183.01,-4371.16
21730182.00,1114010431778.09,-970756633754.67,-19293809553.35,-4.80,-2168.38,5281.15
22156264.00,1117012204188.31,-967942620452.78,-19300124114.52,9491.63,15694.44,-4318.32
22582346.00,1118930801742.40,-964568892569.52,-19269748312.80,698.10,-2580.49,5283.13
23008428.00,1121927123632.55,-961721967937.47,-19286014879.42,9372.55,15747.58,-4306.92
23434510.00,1123833735178.20,-958323269951.11,-19260951036.67,116.99,-2205.60,5276.30
23860592.00,1126796799589.84,-955497691681.84,-19258153451.68,10188.13,15366.78,-4344.27
24286674.00,1128723753190.55,-952022930890.11,-19267228293.61,-1580.71,-880.45,5153.16
24712756.00,1131612981689.37,-949265738459.89,-19216518894.89,11833.24,14336.19,-4319.02
25138838.00,1133614119134.55,-945681032958.73,-19286377663.30,-3776.54,1800.67,4598.12
25564920.00,1136361381002.48,-943014314616.92,-19162501240.58,14008.98,12229.52,-3985.06
25991002.00,1138515921283.72,-939325179618.33,-19310075779.62,-5271.94,5961.40,3270.86
26417084.00,1141027771436.73,-936717879027.34,-19103026136.70,15967.18,8534.36,-2951.66
26843166.00,1143421134056.58,-932992021115.81,-19321770632.90,-4708.20,10882.49,1132.76
27269248.00,1145613128408.89,-930333252214.14,-19055832572.32,16076.49,3066.46,-746.82
27695330.00,1148291716603.86,-926709858560.08,-19300722406.97,-1370.77,15066.14,-1380.53
28121412.00,1150166793206.27,-923811983172.51,-19052991361.56,11670.86,-2553.54,2621.49
28547494.00,1153063598685.69,-920475160889.16,-19232764487.24,4373.30,16840.27,-3499.67
28973576.00,1154809357739.94,-917166906450.05,-19118920520.59,2155.38,-3082.57,5161.16
29399658.00,1157669810540.42,-914235617755.71,-19122806276.63,11148.67,14761.29,-4301.80
29825740.00,1159628822849.38,-910551660498.11,-19212559980.33,-5070.18,4575.30,3808.06
30251822.00,1162080300584.69,-907879748766.10,-19009199100.93,15960.99,7806.13,-2638.22
30677904.00,1164505503245.87,-904126661912.71,-19239419407.59,-3315.36,13506.07,-253.60
31103986.00,1166397171609.42,-901264864316.49,-18975143054.23,12586.44,-1682.57,2053.90
