0.00,4424769551887.76,-662829030197.84,-88309097402.16,-10267.90,4172.68,-528.11
424800.00,4425927982778.41,-660558792483.52,-88303702862.28,370.26,6635.20,344.21
849600.00,4425656544345.97,-658791148686.56,-88464327596.65,4953.74,1785.20,-969.17
1274400.00,4427429459933.06,-657533695849.95,-88738668490.13,3799.90,3380.84,-531.49
1699200.00,4428983402447.36,-656044908254.98,-88950365082.97,3552.85,3592.38,-474.95
2124000.00,4430465456818.86,-654497673023.37,-89146497979.87,3435.82,3682.62,-451.02
2548800.00,4431908999928.08,-652921596234.86,-89335002059.38,3365.34,3733.80,-437.52
2973600.00,4433327856437.51,-651327968500.20,-89518886084.43,3317.32,3767.17,-428.75
3398400.00,4434729231224.44,-649722407916.19,-89699642045.84,3282.00,3790.82,-422.57
3823200.00,4436117398891.99,-648108147026.17,-89878126308.10,3254.60,3808.56,-417.95
4248000.00,4437495119785.57,-646487227585.48,-90054878754.17,3232.50,3822.41,-414.35
4672800.00,4438864286995.24,-644861026554.20,-90230262940.40,3214.14,3833.57,-411.47
5097600.00,4440226258879.45,-643230518945.92,-90404535963.66,3198.50,3842.78,-409.09
5522400.00,4441582045077.30,-641596421721.15,-90577886657.69,3184.93,3850.53,-407.11
5947200.00,4442932417573.59,-639959278224.56,-90750457980.69,3172.95,3857.16,-405.41
6372000.00,4444277980542.20,-638319510537.75,-90922360876.59,3162.24,3862.91,-403.95
6796800.00,4445619216139.02,-636677453362.95,-91093683236.57,3152.55,3867.96,-402.67
7221600.00,4446956515574.13,-635033376787.19,-91264495915.90,3143.69,3872.44,-401.55
7646400.00,4448290200826.60,-633387502044.68,-91434856897.53,3135.51,3876.44,-400.54
8071200.00,4449620540206.84,-631740012733.12,-91604814254.06,3127.92,3880.05,-399.64
8496000.00,4450947759762.46,-630091062970.00,-91774408297.10,3120.81,3883.33,-398.83
8920800.00,4452272051786.75,-628440783438.07,-91943673172.56,3114.13,3886.32,-398.09
9345600.00,4453593581279.58,-626789285952.98,-92112638063.32,3107.80,3889.07,-397.42
9770400.00,4454912490923.12,-625136666962.01,-92281328111.49,3101.79,3891.60,-396.80
10195200.00,4456228904968.06,-623483010267.12,-92449765135.97,3096.04,3893.95,-396.23
10620000.00,4457542932307.62,-621828389168.25,-92617968195.84,3090.54,3896.15,-395.70
11044800.00,4458854668932.69,-620172868166.94,-92785954038.76,3085.26,3898.19,-395.20
11469600.00,4460164199912.25,-618516504337.68,-92953737462.04,3080.16,3900.12,-394.74
11894400.00,4461471601007.24,-616859348440.66,-93121331604.74,3075.23,3901.92,-394.31
12319200.00,4462776939994.29,-615201445832.54,-93288748187.63,3070.45,3903.63,-393.91
12744000.00,4464080277761.99,-613542837219.04,-93455997711.03,3065.80,3905.25,-393.52
13168800.00,4465381669225.00,-611883559280.47,-93623089618.98,3061.28,3906.79,-393.16
13593600.00,4466681164090.80,-610223645194.43,-93790032436.49,3056.87,3908.25,-392.82
14018400.00,4467978807506.15,-608563125076.03,-93956833885.47,3052.56,3909.64,-392.50
14443200.00,4469274640606.46,-606902026351.34,-94123500982.56,3048.35,3910.97,-392.19
14868000.00,4470568700984.11,-605240374074.71,-94290040122.48,3044.22,3912.25,-391.89
15292800.00,4471861023090.11,-603578191200.92,-94456457149.65,3040.16,3913.47,-391.61
15717600.00,4473151638580.31,-601915498819.28,-94622757419.63,3036.18,3914.65,-391.35
16142400.00,4474440576615.34,-600252316356.02,-94788945852.14,3032.26,3915.78,-391.09
16567200.00,4475727864121.05,-598588661749.54,-94955026977.01,3028.41,3916.87,-390.84
16992000.00,4477013526015.69,-596924551602.99,-95121004974.34,3024.61,3917.92,-390.60
17416800.00,4478297585408.78,-595260001318.13,-95286883709.57,3020.86,3918.94,-390.37
17841600.00,4479580063776.06,-593595025212.37,-95452666764.13,3017.17,3919.93,-390.15
18266400.00,4480860981113.43,-591929636621.99,-95618357462.55,3013.51,3920.88,-389.94
18691200.00,4482140356073.23,-590263847993.38,-95783958896.47,3009.90,3921.81,-389.73
19116000.00,4483418206085.22,-588597670963.91,-95949473945.79,3006.33,3922.71,-389.53
19540800.00,4484694547464.14,-586931116433.81,-96114905297.51,3002.80,3923.59,-389.34
19965600.00,4485969395505.87,-585264194630.09,-96280255462.47,2999.30,3924.44,-389.15
20390400.00,4487242764573.09,-583596915163.67,-96445526790.34,2995.84,3925.27,-388.97
20815200.00,4488514668172.30,-581929287080.58,-96610721483.09,2992.40,3926.08,-388.79
21240000.00,4489785119022.95,-580261318907.96,-96775841606.98,2989.00,3926.87,-388.61
21664800.00,4491054129119.74,-578593018695.38,-96940889103.40,2985.62,3927.65,-388.45
22089600.00,4492321709788.80,-576924394052.15,-97105865798.68,2982.27,3928.40,-388.28
22514400.00,4493587871738.51,-575255452181.09,-97270773412.95,2978.94,3929.14,-388.12
22939200.00,4494852625105.67,-573586199909.06,-97435613568.12,2975.64,3929.86,-387.96
23364000.00,4496115979497.32,-571916643714.73,-97600387795.14,2972.35,3930.57,-387.81
23788800.00,4497377944028.95,-570246789753.79,-97765097540.64,2969.09,3931.26,-387.66
24213600.00,4498638527359.14,-568576643881.85,-97929744172.86,2965.85,3931.95,-387.51
24638400.00,4499897737721.25,-566906211675.34,-98094328987.21,2962.63,3932.61,-387.37
25063200.00,4501155582952.46,-565235498450.75,-98258853211.29,2959.42,3933.27,-387.23
25488000.00,4502412070520.30,-563564509282.06,-98423318009.38,2956.24,3933.91,-387.09
25912800.00,4503667207546.99,-561893249016.82,-98587724486.74,2953.06,3934.54,-386.95
26337600.00,4504921000831.77,-560221722290.89,-98752073693.45,2949.91,3935.17,-386.82
26762400.00,4506173456871.57,-558549933541.99,-98916366627.92,2946.77,3935.78,-386.69
27187200.00,4507424581879.87,-556877887022.24,-99080604240.24,2943.64,3936.38,-386.56
27612000.00,4508674381804.32,-555205586809.63,-99244787435.13,2940.53,3936.97,-386.43
28036800.00,4509922862342.85,-553533036818.68,-99408917074.76,2937.43,3937.56,-386.31
28461600.00,4511170028958.62,-551860240810.29,-99572993981.29,2934.34,3938.13,-386.18
28886400.00,4512415886893.91,-550187202400.74,-99737018939.25,2931.27,3938.70,-386.06
29311200.00,4513660441182.92,-548513925070.19,-99900992697.80,2928.21,3939.26,-385.94
29736000.00,4514903696663.67,-546840412170.45,-100064915972.71,2925.15,3939.81,-385.82
30160800.00,4516145657989.12,-545166666932.32,-100228789448.28,2922.11,3940.35,-385.71
30585600.00,4517386329637.41,-543492692472.23,-100392613779.14,2919.08,3940.89,-385.59
31010400.00,4518625715921.47,-541818491798.60,-100556389591.85,2916.06,3941.42,-385.48
