0.00,650641142549.94,-362557759590.70,-9581967869.55,8305.61,11622.05,-0.00
432000.00,654202972675.51,-357544892168.97,-9584309414.63,8183.89,11585.86,-10.80
864000.00,657711697192.85,-352547398966.95,-9591264903.41,8059.76,11550.86,-21.37
1296000.00,661166289997.73,-347564788157.43,-9602734830.96,7933.29,11516.94,-31.70
1728000.00,664565752850.39,-342596609639.97,-9618625000.13,7804.53,11484.03,-41.83
2160000.00,667909108574.68,-337642451352.31,-9638846161.24,7673.54,11452.02,-51.76
2592000.00,671195394813.85,-332701935629.59,-9663313639.94,7540.33,11420.86,-61.49
3024000.00,674423658136.17,-327774715601.54,-9691946967.20,7404.91,11390.46,-71.04
3456000.00,677592948490.50,-322860471701.89,-9724669515.12,7267.30,11360.77,-80.42
3888000.00,680702313945.98,-317958908107.07,-9761408111.40,7127.48,11331.75,-89.64
4320000.00,683750795567.46,-313069749244.73,-9802092668.44,6985.43,11303.34,-98.69
4752000.00,686737422516.06,-308192736226.58,-9846655787.14,6841.11,11275.51,-107.60
5184000.00,689661207178.43,-303327623192.14,-9895032352.73,6694.48,11248.24,-116.35
5616000.00,692521140378.66,-298474173608.41,-9947159118.82,6545.49,11221.51,-124.96
6048000.00,695316186606.39,-293632156324.69,-10002974256.92,6394.07,11195.31,-133.43
6480000.00,698045279162.55,-288801341519.21,-10062416894.42,6240.13,11169.65,-141.75
6912000.00,700707315325.80,-283981496320.16,-10125426598.78,6083.60,11144.53,-149.94
7344000.00,703301151311.79,-279172380143.37,-10191942837.39,5924.37,11119.98,-157.99
7776000.00,705825597191.95,-274373739661.42,-10261904376.00,5762.33,11096.04,-165.89
8208000.00,708279411619.42,-269585303222.98,-10335248611.96,5597.35,11072.75,-173.65
8640000.00,710661296360.40,-264806774884.01,-10411910850.34,5429.30,11050.18,-181.25
9072000.00,712969890595.43,-260037827625.30,-10491823480.94,5258.02,11028.41,-188.69
9504000.00,715203764947.58,-255278095848.10,-10574915061.04,5083.34,11007.54,-195.96
9936000.00,717361415420.73,-250527166878.64,-10661109255.72,4905.10,10987.68,-203.05
10368000.00,719441256948.38,-245784571411.32,-10750323652.98,4723.08,10968.98,-209.94
10800000.00,721441616847.35,-241049772691.44,-10842468395.32,4537.09,10951.61,-216.62
11232000.00,723360727981.01,-236322154089.94,-10937444610.67,4346.89,10935.78,-223.05
11664000.00,725196721793.70,-231601005021.98,-11035142609.90,4152.24,10921.71,-229.21
12096000.00,726947621302.34,-226885504607.82,-11135439790.18,3952.89,10909.68,-235.08
12528000.00,728611334044.96,-222174703017.83,-11238198216.46,3748.55,10900.01,-240.60
12960000.00,730185645415.96,-217467499745.28,-11343261785.97,3538.94,10893.09,-245.74
13392000.00,731668212226.65,-212762618613.93,-11450452949.17,3323.75,10889.34,-250.44
13824000.00,733056557421.38,-208058578667.04,-11559568846.49,3102.67,10889.28,-254.64
14256000.00,734348065740.59,-203353660404.33,-11670376817.22,2875.38,10893.51,-258.26
14688000.00,735539981708.16,-198645866618.28,-11782609114.31,2641.54,10902.72,-261.22
15120000.00,736629410177.99,-193932876589.66,-11895956727.39,2400.84,10917.72,-263.40
15552000.00,737613321365.95,-189211993267.86,-12010062127.03,2152.98,10939.44,-264.70
15984000.00,738488561697.35,-184480081496.59,-12124510772.45,1897.69,10968.98,-264.97
16416000.00,739251872814.21,-179733497182.57,-12238821201.08,1634.76,11007.60,-264.03
16848000.00,739899922156.23,-174968005474.22,-12352433511.37,1364.06,11056.78,-261.70
17280000.00,740429348293.22,-170178688051.27,-12464696065.05,1085.59,11118.21,-257.74
17712000.00,740836827627.35,-165359838429.62,-12574850311.48,799.53,11193.85,-251.89
18144000.00,741119167790.37,-160504846744.45,-12682013674.70,506.34,11285.94,-243.84
18576000.00,741273438012.88,-155606075925.21,-12785160757.37,206.78,11396.99,-233.23
19008000.00,741297145830.17,-150654734857.13,-12883103332.01,-97.86,11529.82,-219.67
19440000.00,741188473594.07,-145640758047.29,-12974470299.04,-405.71,11687.51,-202.71
19872000.00,740946587934.38,-140552707923.30,-13057689469.21,-714.06,11873.32,-181.87
20304000.00,740572034337.66,-135377724892.51,-13130974408.08,-1019.20,12090.53,-156.63
20736000.00,740067226410.76,-130101562789.95,-13192321347.68,-1316.15,12342.23,-126.52
21168000.00,739437022745.29,-124708760105.97,-13239522841.51,-1598.54,12630.89,-91.08
21600000.00,738689369724.41,-119183011587.85,-13270207527.58,-1858.45,12957.83,-50.01
22032000.00,737835943789.05,-113507808897.84,-13281915910.38,-2086.55,13322.54,-3.23
22464000.00,736892690226.23,-107667409783.72,-13272222568.41,-2272.53,13721.85,49.00
22896000.00,735880085704.78,-101648145536.11,-13238907802.67,-2405.91,14149.22,105.97
23328000.00,734822934703.89,-95439991741.61,-13180172769.27,-2477.37,14594.30,166.43
23760000.00,733749514227.04,-89038200351.19,-13094873062.11,-2480.44,15043.11,228.61
24192000.00,732689995843.46,-82444668584.31,-12982728835.72,-2413.08,15479.10,290.32
24624000.00,731674271292.53,-75668665723.22,-12844457641.82,-2278.72,15885.06,349.18
25056000.00,730729524561.44,-68726625839.69,-12681785736.10,-2086.36,16245.44,402.94
25488000.00,729878053605.54,-61640946269.65,-12497321259.14,-1849.37,16548.48,449.82
25920000.00,729135788880.09,-54438022296.13,-12294313660.41,-1583.46,16787.56,488.65
26352000.00,728511767589.80,-47145957879.08,-12076353411.04,-1304.48,16961.33,519.02
26784000.00,728008517818.29,-39792425689.44,-11847077594.92,-1026.45,17072.94,541.12
27216000.00,727623115891.74,-32403013973.78,-11609927999.70,-760.45,17128.61,555.61
27648000.00,727348540881.44,-25000271303.85,-11368001098.02,-514.50,17136.00,563.39
28080000.00,727174911751.80,-17603243944.17,-11123977274.55,-293.70,17103.53,565.50
28512000.00,727090782681.51,-10227398801.93,-10880079551.03,-100.39,17039.17,562.97
28944000.00,727084093941.71,-2884957259.71,-10638101827.48,64.84,16949.96,556.75
29376000.00,727142821656.90,4414677645.22,-10399457922.81,202.64,16841.90,547.66
29808000.00,727255411751.58,11664458506.94,-10165237329.42,314.47,16719.89,536.38
30240000.00,727411039187.68,18859247504.83,-9936261235.41,402.21,16587.88,523.46
30672000.00,727599735587.42,25995421149.45,-9713133720.73,467.91,16448.97,509.36
31104000.00,727812432713.54,33070534267.26,-9496286536.49,513.66,16305.54,494.44
