0.00,990652528262.74,-1108070192574.85,-14246756451.03,8046.02,5469.78,-0.00
432000.00,994116286720.09,-1105709917083.49,-14250055607.36,7989.80,5457.76,-15.19
864000.00,997555663177.60,-1103354393296.93,-14259809903.98,7933.16,5447.77,-29.89
1296000.00,1000970502411.24,-1101002764114.18,-14275804521.24,7876.21,5439.72,-44.08
1728000.00,1004360690731.36,-1098654202230.11,-14297825320.06,7819.05,5433.56,-57.79
2160000.00,1007726152201.32,-1096307910503.37,-14325659610.21,7761.75,5429.20,-71.00
2592000.00,1011066845010.20,-1093963122181.86,-14359096862.20,7704.39,5426.58,-83.73
3024000.00,1014382758086.17,-1091619100748.49,-14397929282.77,7647.04,5425.64,-95.98
3456000.00,1017673908028.23,-1089275139644.95,-14441952273.12,7589.76,5426.29,-107.76
3888000.00,1020940336146.50,-1086930561827.96,-14490964850.05,7532.60,5428.48,-119.08
4320000.00,1024182105862.35,-1084584719111.66,-14544769927.22,7475.61,5432.14,-129.95
4752000.00,1027399300231.15,-1082236991531.42,-14603174581.84,7418.83,5437.20,-140.38
5184000.00,1030592019665.08,-1079886786516.84,-14665990252.29,7362.30,5443.60,-150.37
5616000.00,1033760379954.03,-1077533538043.68,-14733032847.12,7306.06,5451.28,-159.95
6048000.00,1036904510330.16,-1075176705773.67,-14804122864.28,7250.13,5460.18,-169.11
6480000.00,1040024551798.25,-1072815774076.85,-14879085432.12,7194.54,5470.25,-177.88
6912000.00,1043120655618.65,-1070450251140.97,-14957750323.01,7139.31,5481.43,-186.25
7344000.00,1046192981854.15,-1068079668023.63,-15039951966.69,7084.46,5493.67,-194.25
7776000.00,1049241698176.92,-1065703577674.21,-15125529399.06,7030.01,5506.92,-201.88
8208000.00,1052266978700.28,-1063321554055.33,-15214326222.49,6975.97,5521.13,-209.16
8640000.00,1055269002922.12,-1060933191201.79,-15306190550.93,6922.34,5536.26,-216.09
9072000.00,1058247954882.60,-1058538102315.27,-15400974910.01,6869.15,5552.26,-222.68
9504000.00,1061204022279.82,-1056135918925.41,-15498536163.24,6816.40,5569.10,-228.94
9936000.00,1064137395724.12,-1053726290012.36,-15598735416.83,6764.09,5586.73,-234.89
10368000.00,1067048268150.66,-1051308881203.83,-15701437897.23,6712.23,5605.11,-240.53
10800000.00,1069936834161.80,-1048883374004.06,-15806512858.42,6660.82,5624.21,-245.88
11232000.00,1072803289504.99,-1046449465005.75,-15913833471.10,6609.86,5644.00,-250.93
11664000.00,1075647830667.13,-1044006865187.30,-16023276694.92,6559.36,5664.44,-255.71
12096000.00,1078470654396.37,-1041555299217.08,-16134723175.58,6509.32,5685.51,-260.21
12528000.00,1081271957345.84,-1039094504761.62,-16248057128.47,6459.73,5707.16,-264.45
12960000.00,1084051935808.23,-1036624231879.00,-16363166212.22,6410.60,5729.39,-268.43
13392000.00,1086810785368.11,-1034144242407.59,-16479941424.42,6361.91,5752.14,-272.16
13824000.00,1089548700661.92,-1031654309365.74,-16598276988.55,6313.68,5775.42,-275.65
14256000.00,1092265875215.97,-1029154216430.22,-16718070234.61,6265.89,5799.18,-278.91
14688000.00,1094962501193.79,-1026643757405.37,-16839221498.06,6218.54,5823.40,-281.94
15120000.00,1097638769237.86,-1024122735705.82,-16961634013.50,6171.64,5848.08,-284.75
15552000.00,1100294868386.38,-1021590963903.94,-17085213805.09,6125.17,5873.17,-287.34
15984000.00,1102930985894.05,-1019048263279.35,-17209869589.63,6079.13,5898.67,-289.73
16416000.00,1105547307133.21,-1016494463374.30,-17335512677.95,6033.52,5924.55,-291.92
16848000.00,1108144015562.93,-1013929401600.66,-17462056876.73,5988.33,5950.80,-293.90
17280000.00,1110721292604.73,-1011352922867.57,-17589418398.03,5943.56,5977.41,-295.70
17712000.00,1113279317583.90,-1008764879193.13,-17717515770.28,5899.20,6004.34,-297.31
18144000.00,1115818267722.89,-1006165129356.13,-17846269751.39,5855.25,6031.60,-298.74
18576000.00,1118338318082.20,-1003553538597.97,-17975603244.34,5811.70,6059.16,-300.00
19008000.00,1120839641521.80,-1000929978280.00,-18105441216.63,5768.55,6087.01,-301.08
19440000.00,1123322408701.01,-998294325580.19,-18235710622.35,5725.79,6115.14,-301.99
19872000.00,1125786788085.17,-995646463253.08,-18366340327.22,5683.42,6143.54,-302.75
20304000.00,1128232945902.11,-992986279328.89,-18497261035.22,5641.43,6172.18,-303.34
20736000.00,1130661046153.11,-990313666854.00,-18628405218.09,5599.82,6201.07,-303.78
21168000.00,1133071250662.02,-987628523676.97,-18759707050.84,5558.58,6230.19,-304.07
21600000.00,1135463719033.19,-984930752207.43,-18891102344.29,5517.71,6259.54,-304.22
22032000.00,1137838608680.78,-982220259185.68,-19022528481.65,5477.20,6289.09,-304.22
22464000.00,1140196074876.51,-979496955478.57,-19153924360.37,5437.04,6318.84,-304.08
22896000.00,1142536270751.57,-976760755912.77,-19285230334.00,5397.24,6348.79,-303.80
23328000.00,1144859347312.28,-974011579051.97,-19416388153.29,5357.79,6378.92,-303.39
23760000.00,1147165453474.33,-971249347017.44,-19547340912.28,5318.67,6409.23,-302.85
24192000.00,1149454736121.44,-968473985352.18,-19678033001.60,5279.90,6439.71,-302.18
24624000.00,1151727340091.53,-965685422831.92,-19808410052.58,5241.46,6470.34,-301.39
25056000.00,1153983408228.03,-962883591309.02,-19938418888.50,5203.34,6501.14,-300.48
25488000.00,1156223081436.47,-960068425568.48,-20068007480.70,5165.55,6532.08,-299.45
25920000.00,1158446498700.21,-957239863214.89,-20197124904.74,5128.08,6563.16,-298.30
26352000.00,1160653797112.57,-954397844501.94,-20325721291.57,5090.93,6594.37,-297.04
26784000.00,1162845111919.48,-951542312207.78,-20453747785.12,5054.08,6625.72,-295.66
27216000.00,1165020576587.41,-948673211541.96,-20581156509.56,5017.55,6657.19,-294.18
27648000.00,1167180322797.25,-945790490009.85,-20707900522.60,4981.31,6688.78,-292.58
28080000.00,1169324480507.47,-942894097292.37,-20833933777.24,4945.38,6720.48,-290.89
28512000.00,1171453178002.57,-939983985138.06,-20959211085.32,4909.74,6752.29,-289.08
28944000.00,1173566541937.33,-937060107298.40,-21083688088.94,4874.39,6784.21,-287.18
29376000.00,1175664697354.43,-934122419387.64,-21207321215.29,4839.33,6816.23,-285.18
29808000.00,1177747767742.47,-931170878799.82,-21330067645.10,4804.55,6848.34,-283.08
30240000.00,1179815875095.92,-928205444623.07,-21451885283.75,4770.05,6880.55,-280.88
30672000.00,1181869139933.35,-925226077571.09,-21572732730.81,4735.83,6912.85,-278.58
31104000.00,1183907681347.19,-922232739864.78,-21692569241.77,4701.89,6945.23,-276.20
