0.00,999569673261.05,-1109592038004.07,-21681359983.11,7546.83,5544.58,0.01
432000.00,1002820522120.44,-1107195053581.00,-21680702366.60,7503.13,5552.72,3.04
864000.00,1006052528842.07,-1104794422389.78,-21678747679.13,7459.60,5561.47,6.02
1296000.00,1009265764101.78,-1102389889728.14,-21675522555.61,7416.23,5570.79,8.93
1728000.00,1012460298542.71,-1099981211562.88,-21671052844.67,7373.02,5580.66,11.78
2160000.00,1015636202591.16,-1097568153862.89,-21665363650.94,7329.98,5591.06,14.57
2592000.00,1018793546303.55,-1095150492049.40,-21658479360.86,7287.10,5601.97,17.31
3024000.00,1021932399205.68,-1092728010439.02,-21650423670.28,7244.37,5613.38,19.99
3456000.00,1025052830129.14,-1090300501736.31,-21641219605.94,7201.81,5625.25,22.63
3888000.00,1028154907159.03,-1087867766493.84,-21630889571.54,7159.40,5637.57,25.21
4320000.00,1031238697560.67,-1085429612712.31,-21619455367.71,7117.15,5650.33,27.74
4752000.00,1034304267652.89,-1082985855390.99,-21606938210.70,7075.05,5663.51,30.22
5184000.00,1037351682771.44,-1080536316147.32,-21593358759.41,7033.10,5677.10,32.66
5616000.00,1040381007166.59,-1078080822803.84,-21578737135.48,6991.30,5691.08,35.05
6048000.00,1043392304039.25,-1075619209004.71,-21563092963.91,6949.64,5705.44,37.39
6480000.00,1046385635521.73,-1073151313927.98,-21546445390.58,6908.12,5720.16,39.69
6912000.00,1049361062575.56,-1070676981963.45,-21528813088.22,6866.75,5735.24,41.95
7344000.00,1052318645033.83,-1068196062391.98,-21510214290.56,6825.51,5750.66,44.16
7776000.00,1055258441537.98,-1065708409135.03,-21490666799.41,6784.41,5766.41,46.34
8208000.00,1058180509536.70,-1063213880433.55,-21470188011.29,6743.43,5782.49,48.48
8640000.00,1061084905345.76,-1060712338597.07,-21448794946.90,6702.59,5798.88,50.57
9072000.00,1063971684161.52,-1058203649800.40,-21426504266.99,6661.87,5815.58,52.63
9504000.00,1066840900004.00,-1055687683874.30,-21403332274.89,6621.28,5832.57,54.65
9936000.00,1069692605727.35,-1053164314039.17,-21379294936.55,6580.81,5849.86,56.64
10368000.00,1072526853078.43,-1050633416743.91,-21354407901.64,6540.46,5867.42,58.59
10800000.00,1075343692641.38,-1048094871460.27,-21328686506.91,6500.22,5885.27,60.50
11232000.00,1078143173890.97,-1045548560464.47,-21302145801.19,6460.09,5903.38,62.38
11664000.00,1080925345252.48,-1042994368673.86,-21274800566.40,6420.08,5921.75,64.23
12096000.00,1083690254132.48,-1040432183505.47,-21246665331.25,6380.18,5940.38,66.04
12528000.00,1086437946913.35,-1037861894740.55,-21217754377.35,6340.38,5959.27,67.82
12960000.00,1089168468920.78,-1035283394352.59,-21188081741.56,6300.68,5978.40,69.56
13392000.00,1091881864506.06,-1032696576333.47,-21157661240.30,6261.09,5997.78,71.28
13824000.00,1094578177068.21,-1030101336613.72,-21126506478.06,6221.59,6017.39,72.96
14256000.00,1097257449026.91,-1027497572896.93,-21094630851.08,6182.20,6037.24,74.62
14688000.00,1099919721889.19,-1024885184514.61,-21062047567.41,6142.89,6057.32,76.24
15120000.00,1102565036307.25,-1022264072319.15,-21028769662.70,6103.69,6077.63,77.83
15552000.00,1105193432115.18,-1019634138587.24,-20994810011.36,6064.57,6098.16,79.39
15984000.00,1107804948348.29,-1016995286926.38,-20960181334.52,6025.54,6118.92,80.93
16416000.00,1110399623239.93,-1014347422175.90,-20924896203.78,5986.60,6139.89,82.43
16848000.00,1112977494216.03,-1011690450273.65,-20888967044.20,5947.74,6161.08,83.91
17280000.00,1115538597989.13,-1009024278144.45,-20852406154.61,5908.97,6182.49,85.36
17712000.00,1118082970576.35,-1006348813661.45,-20815225713.95,5870.29,6204.10,86.78
18144000.00,1120610647278.90,-1003663965519.47,-20777437782.02,5831.68,6225.93,88.17
18576000.00,1123121662746.73,-1000969643130.00,-20739054314.99,5793.15,6247.97,89.54
19008000.00,1125616051035.88,-998265756547.91,-20700087178.38,5754.70,6270.21,90.87
19440000.00,1128093845648.06,-995552216403.93,-20660548156.39,5716.33,6292.66,92.18
19872000.00,1130555079559.96,-992828933837.05,-20620448959.75,5678.03,6315.31,93.47
20304000.00,1132999785243.46,-990095820426.31,-20579801231.77,5639.81,6338.17,94.72
20736000.00,1135427994673.11,-987352788116.14,-20538616552.24,5601.66,6361.24,95.95
21168000.00,1137839739330.01,-984599749118.10,-20496906439.67,5563.58,6384.50,97.15
21600000.00,1140235050277.01,-981836615814.82,-20454682364.53,5525.58,6407.97,98.33
22032000.00,1142613958219.51,-979063300749.23,-20411955762.52,5487.64,6431.64,99.48
22464000.00,1144976493465.12,-976279716538.64,-20368738030.25,5449.78,6455.51,100.60
22896000.00,1147322685976.72,-973485775774.14,-20325040535.33,5411.98,6479.59,101.70
23328000.00,1149652565438.67,-970681390964.03,-20280874629.07,5374.26,6503.87,102.77
23760000.00,1151966161303.41,-967866474484.33,-20236251655.83,5336.60,6528.35,103.82
24192000.00,1154263502826.47,-965040938526.23,-20191182960.39,5299.00,6553.03,104.84
24624000.00,1156544619097.15,-962204695040.77,-20145679894.53,5261.48,6577.92,105.83
25056000.00,1158809539064.65,-959357655681.45,-20099753823.04,5224.02,6603.02,106.79
25488000.00,1161058291557.99,-956499731741.44,-20053416128.99,5186.63,6628.32,107.73
25920000.00,1163290905301.70,-953630834077.92,-20006678217.65,5149.31,6653.82,108.65
26352000.00,1165507408953.59,-950750873018.57,-19959551521.46,5112.05,6679.54,109.53
26784000.00,1167707831208.10,-947859758314.97,-19912047515.68,5074.86,6705.46,110.39
27216000.00,1169892200810.76,-944957399136.51,-19864177725.46,5037.73,6731.60,111.23
27648000.00,1172060546544.76,-942043703959.73,-19815953724.19,5000.67,6757.94,112.03
28080000.00,1174212897310.83,-939118580492.21,-19767387145.05,4963.68,6784.51,112.81
28512000.00,1176349282195.53,-936181935629.38,-19718489692.50,4926.76,6811.29,113.56
28944000.00,1178469730521.41,-933233675407.63,-19669273151.20,4889.90,6838.28,114.29
29376000.00,1180574271891.00,-930273704951.48,-19619749394.06,4853.11,6865.50,114.99
29808000.00,1182662936228.97,-927301928416.36,-19569930389.88,4816.40,6892.94,115.66
30240000.00,1184735753824.24,-924318248928.22,-19519828211.14,4779.75,6920.61,116.30
30672000.00,1186792755370.67,-921322568519.96,-19469455041.51,4743.17,6948.50,116.91
31104000.00,1188833972005.27,-918314788059.76,-19418823182.85,4706.67,6976.63,117.50
