0.00,662565921334.80,-378680291860.21,-25657332979.65,7402.32,9971.47,72.25
1200.00,662574804118.94,-378668326093.39,-25657246279.08,7401.88,9971.54,72.39
2400.00,662583686375.56,-378656360245.11,-25657159409.55,7401.44,9971.61,72.53
3600.00,662592568104.66,-378644394315.33,-25657072371.07,7401.00,9971.68,72.67
4800.00,662601449306.20,-378632428304.04,-25656985163.65,7400.56,9971.74,72.81
6000.00,662610329980.19,-378620462211.22,-25656897787.28,7400.12,9971.81,72.95
7200.00,662619210126.61,-378608496036.84,-25656810241.98,7399.68,9971.88,73.10
8400.00,662628089745.45,-378596529780.89,-25656722527.74,7399.24,9971.95,73.24
9600.00,662636968836.70,-378584563443.34,-25656634644.58,7398.80,9972.02,73.38
10800.00,662645847400.33,-378572597024.17,-25656546592.50,7398.36,9972.08,73.52
12000.00,662654725436.35,-378560630523.35,-25656458371.50,7397.92,9972.15,73.66
13200.00,662663602944.74,-378548663940.88,-25656369981.60,7397.48,9972.22,73.80
14400.00,662672479925.48,-378536697276.72,-25656281422.79,7397.04,9972.29,73.94
15600.00,662681356378.56,-378524730530.85,-25656192695.07,7396.60,9972.36,74.08
16800.00,662690232303.98,-378512763703.25,-25656103798.47,7396.16,9972.42,74.22
18000.00,662699107701.71,-378500796793.91,-25656014732.97,7395.73,9972.49,74.36
19200.00,662707982571.75,-378488829802.79,-25655925498.59,7395.29,9972.56,74.50
20400.00,662716856914.08,-378476862729.88,-25655836095.33,7394.85,9972.63,74.64
21600.00,662725730728.69,-378464895575.16,-25655746523.20,7394.41,9972.70,74.78
22800.00,662734604015.58,-378452928338.60,-25655656782.20,7393.97,9972.77,74.92
24000.00,662743476774.71,-378440961020.19,-25655566872.34,7393.53,9972.83,75.07
25200.00,662752349006.09,-378428993619.90,-25655476793.61,7393.09,9972.90,75.21
26400.00,662761220709.70,-378417026137.70,-25655386546.04,7392.65,9972.97,75.35
27600.00,662770091885.53,-378405058573.58,-25655296129.61,7392.21,9973.04,75.49
28800.00,662778962533.56,-378393090927.53,-25655205544.35,7391.77,9973.11,75.63
30000.00,662787832653.79,-378381123199.50,-25655114790.24,7391.33,9973.18,75.77
31200.00,662796702246.20,-378369155389.49,-25655023867.31,7390.89,9973.24,75.91
32400.00,662805571310.78,-378357187497.47,-25654932775.54,7390.45,9973.31,76.05
33600.00,662814439847.51,-378345219523.42,-25654841514.96,7390.01,9973.38,76.19
34800.00,662823307856.39,-378333251467.32,-25654750085.56,7389.57,9973.45,76.33
36000.00,662832175337.39,-378321283329.15,-25654658487.34,7389.13,9973.52,76.47
37200.00,662841042290.52,-378309315108.88,-25654566720.32,7388.69,9973.59,76.61
38400.00,662849908715.75,-378297346806.49,-25654474784.50,7388.25,9973.65,76.75
39600.00,662858774613.08,-378285378421.97,-25654382679.89,7387.81,9973.72,76.89
40800.00,662867639982.48,-378273409955.29,-25654290406.48,7387.37,9973.79,77.04
42000.00,662876504823.96,-378261441406.43,-25654197964.29,7386.93,9973.86,77.18
43200.00,662885369137.49,-378249472775.36,-25654105353.32,7386.49,9973.93,77.32
44400.00,662894232923.07,-378237504062.08,-25654012573.57,7386.05,9974.00,77.46
45600.00,662903096180.67,-378225535266.54,-25653919625.06,7385.61,9974.06,77.60
46800.00,662911958910.30,-378213566388.74,-25653826507.78,7385.17,9974.13,77.74
48000.00,662920821111.93,-378201597428.65,-25653733221.74,7384.73,9974.20,77.88
49200.00,662929682785.56,-378189628386.25,-25653639766.94,7384.29,9974.27,78.02
50400.00,662938543931.16,-378177659261.52,-25653546143.40,7383.85,9974.34,78.16
51600.00,662947404548.74,-378165690054.43,-25653452351.11,7383.41,9974.41,78.30
52800.00,662956264638.27,-378153720764.97,-25653358390.09,7382.97,9974.48,78.44
54000.00,662965124199.75,-378141751393.12,-25653264260.33,7382.53,9974.55,78.58
55200.00,662973983233.16,-378129781938.84,-25653169961.85,7382.09,9974.61,78.72
56400.00,662982841738.49,-378117812402.13,-25653075494.64,7381.65,9974.68,78.86
57600.00,662991699715.72,-378105842782.95,-25652980858.71,7381.21,9974.75,79.00
58800.00,663000557164.85,-378093873081.29,-25652886054.08,7380.77,9974.82,79.14
60000.00,663009414085.87,-378081903297.13,-25652791080.73,7380.33,9974.89,79.29
61200.00,663018270478.75,-378069933430.44,-25652695938.68,7379.89,9974.96,79.43
62400.00,663027126343.49,-378057963481.20,-25652600627.94,7379.45,9975.03,79.57
63600.00,663035981680.07,-378045993449.39,-25652505148.51,7379.01,9975.10,79.71
64800.00,663044836488.48,-378034023334.99,-25652409500.39,7378.57,9975.16,79.85
66000.00,663053690768.72,-378022053137.98,-25652313683.59,7378.13,9975.23,79.99
67200.00,663062544520.76,-378010082858.34,-25652217698.11,7377.69,9975.30,80.13
68400.00,663071397744.60,-377998112496.04,-25652121543.96,7377.25,9975.37,80.27
69600.00,663080250440.22,-377986142051.06,-25652025221.15,7376.81,9975.44,80.41
70800.00,663089102607.61,-377974171523.39,-25651928729.68,7376.37,9975.51,80.55
72000.00,663097954246.76,-377962200912.99,-25651832069.56,7375.93,9975.58,80.69
73200.00,663106805357.66,-377950230219.85,-25651735240.78,7375.49,9975.65,80.83
74400.00,663115655940.28,-377938259443.95,-25651638243.36,7375.05,9975.72,80.97
75600.00,663124505994.63,-377926288585.27,-25651541077.30,7374.61,9975.78,81.11
76800.00,663133355520.69,-377914317643.77,-25651443742.61,7374.16,9975.85,81.25
78000.00,663142204518.44,-377902346619.45,-25651346239.29,7373.72,9975.92,81.39
79200.00,663151052987.87,-377890375512.28,-25651248567.35,7373.28,9975.99,81.53
80400.00,663159900928.98,-377878404322.24,-25651150726.78,7372.84,9976.06,81.67
81600.00,663168748341.74,-377866433049.30,-25651052717.61,7372.40,9976.13,81.81
82800.00,663177595226.15,-377854461693.45,-25650954539.83,7371.96,9976.20,81.96
84000.00,663186441582.20,-377842490254.66,-25650856193.45,7371.52,9976.27,82.10
85200.00,663195287409.86,-377830518732.92,-25650757678.46,7371.08,9976.34,82.24
