0.00,976663400920.50,-1118315204438.91,-19648234529.91,4273.26,2149.84,4.81
432000.00,980573659757.33,-1117104672262.98,-19416176097.30,13050.59,6926.18,724.80
864000.00,983812090127.76,-1112208495451.13,-19529688154.81,1540.81,8954.56,-808.97
1296000.00,984974148608.88,-1110052003155.96,-19694770755.94,5030.82,2573.53,77.31
1728000.00,988467859598.26,-1108893017780.96,-19504361604.34,11199.57,4200.18,709.34
2160000.00,993260490435.10,-1104944447330.94,-19356665798.89,6599.68,13231.57,-494.76
2592000.00,994505224715.14,-1100741542561.06,-19654505725.05,2154.01,6053.74,-510.11
3024000.00,996087206916.31,-1098939830673.97,-19736583044.45,5478.35,2971.94,118.02
3456000.00,999356380053.84,-1097657743923.03,-19575556581.42,9768.32,3632.25,592.72
3888000.00,1004263869864.92,-1094899586041.49,-19321408669.04,11407.92,10561.69,294.49
4320000.00,1007084617743.40,-1089715997428.84,-19492917832.74,2500.11,10060.88,-742.17
4752000.00,1008098823328.27,-1086568678710.17,-19734104392.39,3000.02,5171.34,-324.88
5184000.00,1009926273539.21,-1084795236104.44,-19776135967.37,5587.02,3386.57,120.53
5616000.00,1012986573615.72,-1083365786655.89,-19642650371.12,8672.48,3579.32,483.40
6048000.00,1017415377007.50,-1081259205337.38,-19390981016.26,11603.08,7026.29,592.60
6480000.00,1021829704056.30,-1076700277704.55,-19316459869.34,6440.00,12890.65,-451.00
6912000.00,1023324236047.75,-1072081750097.23,-19597467422.16,2238.73,8119.30,-610.39
7344000.00,1024489896713.18,-1069315372839.68,-19782806425.43,3431.97,5080.96,-242.88
7776000.00,1026384010409.72,-1067435286298.28,-19814420451.66,5405.91,3825.68,90.24
8208000.00,1029195438267.53,-1065847102113.41,-19712402809.04,7674.62,3717.82,376.12
8640000.00,1033048865186.47,-1064007071253.36,-19500957918.91,10199.06,5181.40,579.40
9072000.00,1037810854251.62,-1060856250177.59,-19272699286.94,10972.48,10220.97,312.78
9504000.00,1041118686454.89,-1055616176952.74,-19369401076.89,3942.01,11787.03,-646.11
9936000.00,1042289718506.33,-1051487055438.88,-19642422613.57,2398.99,7589.24,-525.49
10368000.00,1043530180566.46,-1048742683150.58,-19805347022.61,3486.15,5368.63,-229.80
10800000.00,1045353040189.44,-1046679278543.64,-19847005980.12,4996.71,4317.69,32.60
11232000.00,1047867681666.99,-1044906924009.50,-19782342028.72,6687.21,3998.60,263.87
11664000.00,1051157132521.33,-1043113603541.11,-19623865167.62,8594.96,4470.28,464.25
12096000.00,1055307855135.01,-1040834904012.35,-19394686752.63,10589.41,6476.85,564.20
12528000.00,1059964266242.05,-1037044315153.96,-19211952050.90,9820.67,11551.53,108.54
12960000.00,1062754253339.47,-1031708535634.79,-19364717610.21,3464.08,11379.89,-643.29
13392000.00,1063889024769.38,-1027610016005.51,-19626417764.15,2425.31,7848.62,-509.77
13824000.00,1065092739996.09,-1024677519492.04,-19793847227.04,3257.20,5922.79,-266.15
14256000.00,1066743349781.09,-1022359625137.85,-19861151870.43,4416.83,4910.17,-48.87
14688000.00,1068921325030.37,-1020357216199.56,-19840213581.34,5692.55,4432.61,143.77
15120000.00,1071676021756.11,-1018465027993.79,-19739902269.44,7095.83,4407.20,319.15
15552000.00,1075074312211.90,-1016464339015.38,-19567947858.57,8680.48,4992.02,472.33
15984000.00,1079185438406.59,-1013980054686.48,-19343100174.18,10323.69,6834.45,541.67
16416000.00,1083733722990.12,-1010173589275.93,-19159298452.28,9875.58,11245.98,172.55
16848000.00,1086755673549.96,-1004802443886.89,-19271358252.43,4032.70,12046.14,-587.45
17280000.00,1087987374774.26,-1000334860357.00,-19532740750.93,2358.77,8761.73,-548.35
17712000.00,1089080968638.21,-997017990589.22,-19725914857.21,2836.62,6779.96,-343.37
18144000.00,1090488679279.13,-994348261458.07,-19832629362.07,3713.18,5675.27,-153.60
18576000.00,1092300043481.50,-992044137949.69,-19862414705.05,4690.21,5049.98,13.65
19008000.00,1094547577041.69,-989937297657.46,-19823510688.60,5734.64,4751.26,165.43
19440000.00,1097265360374.44,-987895159598.75,-19721387189.69,6875.10,4758.28,306.71
19872000.00,1100504928261.43,-985768220094.34,-19560632021.61,8158.86,5179.54,435.33
20304000.00,1104331548475.54,-983311762155.44,-19351063069.66,9573.45,6390.93,522.59
20736000.00,1108702505097.31,-979994186584.49,-19136298422.42,10368.12,9410.98,404.12
21168000.00,1112593271200.73,-975018375407.65,-19097787435.15,6539.83,12965.03,-311.54
21600000.00,1114395395532.20,-969815473555.90,-19326342162.87,2659.45,10589.74,-604.58
22032000.00,1115419865088.87,-965809530078.38,-19560547951.93,2362.50,8154.71,-460.32
22464000.00,1116550227668.16,-962614400300.44,-19721578565.58,2929.74,6754.45,-286.48
22896000.00,1117973170587.78,-959890262515.35,-19811456239.64,3676.26,5920.34,-131.94
23328000.00,1119731563197.11,-957450620040.29,-19838490469.51,4476.21,5414.65,5.31
23760000.00,1121844133301.29,-955178061594.72,-19808911943.72,5317.88,5139.13,130.94
24192000.00,1124332559630.01,-952980514696.59,-19726764347.07,6221.53,5069.72,249.15
24624000.00,1127230705906.21,-950762996557.57,-19594833640.76,7221.98,5246.38,361.22
25056000.00,1130588587036.70,-948393354324.79,-19416649731.26,8354.78,5815.17,460.89
25488000.00,1134458661237.93,-945629118276.80,-19203438009.84,9558.12,7185.46,511.02
25920000.00,1138736322159.73,-941938092641.47,-19006375443.71,9870.77,10297.21,327.45
26352000.00,1142294622850.72,-936717240502.79,-19005256428.67,5769.26,13061.89,-364.17
26784000.00,1143921659508.06,-931507504729.89,-19234881424.57,2505.89,10712.00,-584.18
27216000.00,1144891979711.89,-927385556083.43,-19463325616.25,2217.54,8539.46,-457.66
27648000.00,1145935153302.16,-923996477988.95,-19628157350.36,2664.31,7251.27,-306.38
28080000.00,1147214018983.59,-921047537233.64,-19730900253.21,3272.19,6455.93,-171.31
28512000.00,1148766320708.09,-918376162274.02,-19778766340.34,3922.96,5945.41,-51.69
28944000.00,1150604853492.37,-915882449780.27,-19777445686.31,4597.44,5624.48,57.07
29376000.00,1152741060718.51,-913494426838.80,-19730770897.57,5303.80,5453.79,158.78
29808000.00,1155192602574.96,-911149110517.00,-19641174687.35,6061.64,5429.98,256.07
30240000.00,1157987378817.40,-908777270193.15,-19510308247.61,6898.53,5587.64,349.73
30672000.00,1161166251317.78,-906282268075.45,-19340246282.94,7845.04,6027.62,436.16
31104000.00,1164778237000.78,-903495285112.61,-19137313811.44,8892.45,7009.13,495.50
