0.00,2203764977622.20,1971480689315.23,-21873081570.71,-4606.59,3794.84,0.01
424800.00,2201796794140.10,1973093105382.71,-21871979555.76,-4659.84,3797.02,5.18
849600.00,2199806193048.06,1974707009395.14,-21868701574.16,-4712.10,3801.84,10.25
1274400.00,2197793630496.56,1976323493542.12,-21863294876.06,-4763.21,3809.16,15.20
1699200.00,2195759621839.09,1977943594404.07,-21855813014.83,-4813.05,3818.85,20.02
2124000.00,2193704734873.98,1979568290356.77,-21846315134.41,-4861.49,3830.78,24.69
2548800.00,2191629583191.66,1981198499793.97,-21834865267.09,-4908.43,3844.79,29.21
2973600.00,2189534819717.63,1982835080100.87,-21821531651.47,-4953.80,3860.75,33.56
3398400.00,2187421130525.53,1984478827304.48,-21806386078.45,-4997.52,3878.52,37.73
3823200.00,2185289228977.97,1986130476322.50,-21789503271.38,-5039.53,3897.94,41.73
4248000.00,2183139850238.25,1987790701731.64,-21770960305.01,-5079.79,3918.88,45.55
4672800.00,2180973746181.98,1989460118977.39,-21750836066.47,-5118.27,3941.20,49.18
5097600.00,2178791680725.48,1991139285950.20,-21729210759.91,-5154.93,3964.76,52.62
5522400.00,2176594425577.57,1992828704857.98,-21706165455.78,-5189.77,3989.45,55.86
5947200.00,2174382756412.05,1994528824329.67,-21681781684.37,-5222.79,4015.13,58.92
6372000.00,2172157449451.49,1996240041691.31,-21656141072.68,-5253.98,4041.68,61.78
6796800.00,2169919278446.83,1997962705362.10,-21629325023.10,-5283.35,4069.00,64.45
7221600.00,2167669012033.46,1999697117324.25,-21601414431.85,-5310.92,4096.98,66.93
7646400.00,2165407411440.91,2001443535627.10,-21572489444.67,-5336.71,4125.51,69.23
8071200.00,2163135228531.89,2003202176891.51,-21542629247.51,-5360.74,4154.51,71.34
8496000.00,2160853204144.68,2004973218786.33,-21511911889.15,-5383.04,4183.88,73.26
8920800.00,2158562066713.09,2006756802453.77,-21480414133.34,-5403.65,4213.55,75.01
9345600.00,2156262531138.13,2008553034865.02,-21448211337.52,-5422.58,4243.42,76.58
9770400.00,2153955297886.25,2010361991091.73,-21415377355.62,-5439.89,4273.44,77.98
10195200.00,2151641052290.11,2012183716482.19,-21381984462.33,-5455.60,4303.53,79.21
10620000.00,2149320464029.20,2014018228734.53,-21348103296.47,-5469.75,4333.63,80.28
11044800.00,2146994186768.71,2015865519861.49,-21313802821.17,-5482.38,4363.69,81.19
11469600.00,2144662857937.14,2017725558043.88,-21279150298.83,-5493.54,4393.64,81.94
11894400.00,2142327098624.15,2019598289371.40,-21244211278.88,-5503.24,4423.44,82.54
12319200.00,2139987513582.11,2021483639471.16,-21209049596.54,-5511.55,4453.04,82.99
12744000.00,2137644691316.15,2023381515025.47,-21173727381.16,-5518.49,4482.40,83.29
13168800.00,2135299204249.02,2025291805181.14,-21138305072.39,-5524.10,4511.48,83.46
13593600.00,2132951608948.47,2027214382853.73,-21102841443.16,-5528.41,4540.24,83.49
14018400.00,2130602446406.29,2029149105930.31,-21067393628.17,-5531.48,4568.66,83.38
14443200.00,2128252242358.96,2031095818374.81,-21032017156.87,-5533.32,4596.69,83.15
14868000.00,2125901507641.64,2033054351240.42,-20996765989.99,-5533.98,4624.30,82.79
15292800.00,2123550738567.52,2035024523593.47,-20961692558.91,-5533.48,4651.48,82.31
15717600.00,2121200417326.01,2037006143353.35,-20926847807.00,-5531.87,4678.19,81.72
16142400.00,2118851012393.85,2038999008052.87,-20892281232.48,-5529.17,4704.42,81.00
16567200.00,2116502978954.02,2041002905523.78,-20858040932.05,-5525.41,4730.13,80.18
16992000.00,2114156759317.85,2043017614511.41,-20824173645.05,-5520.63,4755.31,79.25
17416800.00,2111812783346.70,2045042905222.95,-20790724797.54,-5514.85,4779.94,78.21
17841600.00,2109471468869.51,2047078539813.06,-20757738546.00,-5508.10,4804.01,77.07
18266400.00,2107133222093.60,2049124272810.87,-20725257820.42,-5500.41,4827.48,75.83
18691200.00,2104798438005.94,2051179851491.72,-20693324366.35,-5491.80,4850.36,74.49
19116000.00,2102467500762.89,2053245016197.22,-20661978785.85,-5482.30,4872.61,73.06
19540800.00,2100140784066.36,2055319500606.75,-20631260576.97,-5471.93,4894.23,71.54
19965600.00,2097818651524.81,2057403031963.22,-20601208171.75,-5460.72,4915.20,69.93
20390400.00,2095501456997.54,2059495331256.19,-20571858972.40,-5448.68,4935.51,68.23
20815200.00,2093189544921.08,2061596113364.53,-20543249385.70,-5435.85,4955.13,66.45
21240000.00,2090883250616.42,2063705087161.30,-20515414855.35,-5422.24,4974.07,64.58
21664800.00,2088582900576.06,2065821955582.94,-20488389892.24,-5407.86,4992.30,62.64
22089600.00,2086288812729.87,2067946415664.84,-20462208102.50,-5392.75,5009.81,60.61
22514400.00,2084001296688.86,2070078158545.16,-20436902213.28,-5376.92,5026.58,58.51
22939200.00,2081720653965.92,2072216869438.68,-20412504096.04,-5360.39,5042.61,56.34
23364000.00,2079447178172.59,2074362227582.33,-20389044787.43,-5343.18,5057.87,54.09
23788800.00,2077181155191.08,2076513906153.86,-20366554507.48,-5325.31,5072.36,51.78
24213600.00,2074922863320.46,2078671572165.09,-20345062675.19,-5306.78,5086.06,49.39
24638400.00,2072672573396.12,2080834886331.15,-20324597921.19,-5287.63,5098.95,46.94
25063200.00,2070430548881.39,2083003502916.78,-20305188097.60,-5267.87,5111.02,44.42
25488000.00,2068197045930.37,2085177069561.17,-20286860284.79,-5247.51,5122.25,41.85
25912800.00,2065972313420.52,2087355227082.29,-20269640794.96,-5226.58,5132.62,39.21
26337600.00,2063756592953.94,2089537609261.99,-20253555172.53,-5205.08,5142.13,36.51
26762400.00,2061550118825.84,2091723842613.05,-20238628190.91,-5183.05,5150.75,33.75
27187200.00,2059353117958.64,2093913546129.29,-20224883845.84,-5160.49,5158.46,30.94
27612000.00,2057165809800.13,2096106331020.04,-20212345344.80,-5137.41,5165.25,28.07
28036800.00,2054988406183.90,2098301800430.30,-20201035092.54,-5113.85,5171.10,25.16
28461600.00,2052821111149.96,2100499549147.86,-20190974672.40,-5089.82,5175.98,22.19
28886400.00,2050664120723.69,2102699163299.10,-20182184823.19,-5065.34,5179.87,19.18
29311200.00,2048517622650.69,2104900220034.98,-20174685411.51,-5040.43,5182.76,16.11
29736000.00,2046381796085.21,2107102287209.17,-20168495399.11,-5015.10,5184.62,13.01
30160800.00,2044256811229.50,2109304923050.42,-20163632805.12,-4989.39,5185.43,9.87
30585600.00,2042142828921.57,2111507675831.40,-20160114662.80,-4963.30,5185.16,6.68
31010400.00,2040040000168.14,2113710083536.91,-20157956970.57,-4936.88,5183.80,3.46
