0.00,4424805401873.64,-663133368098.11,-88574182777.73,-2979.36,3574.87,0.19
7200.00,4424783868181.08,-663106644947.64,-88573201190.60,-2997.23,3848.22,270.12
14400.00,4424762310371.82,-663077963633.12,-88570334538.78,-2986.53,4118.59,523.84
21600.00,4424740923516.05,-663047349768.91,-88565698613.63,-2950.15,4384.88,761.62
28800.00,4424719883437.91,-663014835813.86,-88559406751.10,-2890.56,4646.27,983.87
36000.00,4424699349379.79,-662980459288.87,-88551569372.73,-2809.89,4902.16,1190.99
43200.00,4424679466377.11,-662944261442.51,-88542293819.56,-2709.96,5152.12,1383.41
50400.00,4424660367355.79,-662906286271.48,-88531684396.24,-2592.33,5395.81,1561.55
57600.00,4424642174974.39,-662866579822.67,-88519842565.04,-2458.29,5632.99,1725.79
64800.00,4424625003236.15,-662825189719.61,-88506867247.18,-2308.96,5863.45,1876.44
72000.00,4424608958897.44,-662782164870.03,-88492855201.85,-2145.24,6087.05,2013.79
79200.00,4424594142696.52,-662737555321.80,-88477901463.25,-1967.91,6303.61,2138.03
86400.00,4424580650424.49,-662691412243.36,-88462099822.98,-1777.56,6512.99,2249.31
93600.00,4424568573856.99,-662643788011.66,-88445543350.36,-1574.71,6715.00,2347.69
100800.00,4424558001562.14,-662594736396.57,-88428324947.00,-1359.75,6909.44,2433.16
108000.00,4424549019596.92,-662544312835.65,-88410537935.50,-1132.98,7096.04,2505.60
115200.00,4424541712099.86,-662492574797.78,-88392276684.69,-894.64,7274.50,2564.83
122400.00,4424536161784.29,-662439582237.30,-88373637275.05,-644.88,7444.44,2610.57
129600.00,4424532450332.45,-662385398144.20,-88354718209.70,-383.84,7605.38,2642.42
136800.00,4424530658685.96,-662330089198.97,-88335621177.20,-111.60,7756.78,2659.89
144000.00,4424530867222.72,-662273726544.97,-88316451873.30,171.77,7897.94,2662.36
151200.00,4424533155803.08,-662216386693.73,-88297320888.86,466.19,8028.06,2649.09
158400.00,4424537603660.09,-662158152582.51,-88278344670.55,771.56,8146.15,2619.19
165600.00,4424544289098.84,-662099114805.84,-88259646559.03,1087.72,8251.07,2571.63
172800.00,4424553288957.58,-662039373047.01,-88241357906.80,1414.42,8341.44,2505.21
180000.00,4424564677765.20,-661979037737.38,-88223619271.76,1751.25,8415.63,2418.57
187200.00,4424578526510.17,-661918231971.24,-88206581673.61,2097.63,8471.75,2310.18
194400.00,4424594900910.62,-661857093701.51,-88190407885.70,2452.66,8507.56,2178.29
201600.00,4424613859044.26,-661795778233.64,-88175273712.69,2815.09,8520.47,2021.03
208800.00,4424635448160.18,-661734461018.20,-88161369171.50,3183.15,8507.48,1836.34
216000.00,4424659700454.29,-661673340712.16,-88148899444.16,3554.40,8465.12,1622.06
223200.00,4424686627548.93,-661612642424.94,-88138085400.82,3925.52,8389.51,1376.02
230400.00,4424716213388.35,-661552620979.37,-88129163396.05,4292.09,8276.30,1096.12
237600.00,4424748405258.73,-661493563886.96,-88122383914.78,4648.30,8120.77,780.56
244800.00,4424783102696.00,-661435793544.85,-88118008484.43,4986.64,7917.98,428.14
252000.00,4424820144208.48,-661379667894.90,-88116304092.76,5297.63,7663.05,38.63
259200.00,4424859292084.77,-661325578453.62,-88117534193.48,5569.55,7351.63,-386.66
266400.00,4424900216161.59,-661273944260.31,-88121945319.10,5788.44,6980.57,-844.22
273600.00,4424942478365.37,-661225200011.23,-88129748492.01,5938.37,6548.85,-1327.57
280800.00,4424985521095.45,-661179776659.65,-88141095223.06,6002.26,6058.74,-1826.54
288000.00,4425028663870.13,-661138073387.28,-88156049118.40,5963.37,5516.99,-2326.83
295200.00,4425071113551.58,-661100421437.83,-88174556051.61,5807.58,4935.84,-2810.12
302400.00,4425111992984.47,-661067042979.03,-88196418195.79,5526.16,4333.35,-3255.06
309600.00,4425150390078.96,-661038011450.78,-88221279043.71,5118.57,3732.53,-3639.35
316800.00,4425185424011.33,-661013222432.31,-88248626504.32,4594.23,3159.31,-3942.61
324000.00,4425216318679.91,-660992384058.27,-88277818102.31,3972.65,2639.25,-4149.48
331200.00,4425242468863.52,-660975032228.61,-88308126491.36,3281.28,2194.06,-4252.05
338400.00,4425263484764.29,-660960569116.19,-88338797148.82,2551.80,1838.81,-4250.71
345600.00,4425279206478.18,-660948316726.48,-88369106403.97,1815.68,1580.62,-4153.38
352800.00,4425289688772.40,-660937573765.90,-88398408739.69,1100.57,1419.02,-3973.44
360000.00,4425295164086.10,-660927665128.47,-88426166837.91,427.93,1347.52,-3727.15
367200.00,4425295994978.86,-660917977572.33,-88451963470.99,-187.58,1355.78,-3431.26
374400.00,4425292626265.01,-660907980075.77,-88475498586.19,-737.62,1431.62,-3101.33
381600.00,4425285543623.59,-660897230963.44,-88496576757.90,-1218.95,1562.62,-2750.77
388800.00,4425275241708.71,-660885375525.43,-88515089986.95,-1632.09,1737.16,-2390.44
396000.00,4425262201966.46,-660872137930.78,-88530999581.56,-1980.01,1945.02,-2028.75
403200.00,4425246878793.77,-660857310489.69,-88544319404.50,-2267.10,2177.51,-1671.94
410400.00,4425229692111.76,-660840742348.49,-88555101578.99,-2498.44,2427.50,-1324.47
417600.00,4425211024470.42,-660822328844.42,-88563424946.51,-2679.28,2689.28,-989.36
424800.00,4425191221121.41,-660802002120.21,-88569386119.15,-2814.68,2958.30,-668.58
432000.00,4425170591882.83,-660779723195.34,-88573092764.19,-2909.39,3231.04,-363.27
439200.00,4425149413972.40,-660755475461.66,-88574658704.67,-2967.72,3504.80,-74.02
446400.00,4425127935262.25,-660729259459.36,-88574200443.18,-2993.50,3777.48,198.98
453600.00,4425106377613.79,-660701088748.07,-88571834771.03,-2990.13,4047.54,455.83
460800.00,4425084940091.69,-660670986685.12,-88567677188.88,-2960.55,4313.80,696.77
468000.00,4425063801950.32,-660638983940.40,-88561840925.78,-2907.33,4575.38,922.17
475200.00,4425043125344.54,-660605116601.52,-88554436394.26,-2832.66,4831.64,1132.45
482400.00,4425023057753.27,-660569424748.52,-88545570960.27,-2738.42,5082.11,1328.03
489600.00,4425003734124.54,-660531951400.55,-88535348939.08,-2626.22,5326.44,1509.33
496800.00,4424985278762.06,-660492741757.52,-88523871752.39,-2497.42,5564.37,1676.73
504000.00,4424967806978.24,-660451842676.51,-88511238200.58,-2353.16,5795.69,1830.57
511200.00,4424951426539.18,-660409302337.05,-88497544818.45,-2194.40,6020.24,1971.15
518400.00,4424936238926.11,-660365170060.31,-88482886292.44,-2021.92,6237.86,2098.68
