0.00,2196614363797.58,1972276668598.33,-20943224850.66,-1202.57,4454.73,3294.39
432000.00,2194531010331.97,1974349275375.65,-20905021608.02,-2158.36,4670.90,3389.46
864000.00,2192585055411.97,1976313871793.76,-21413374382.55,-7650.76,5664.29,1951.31
1296000.00,2191223425501.71,1978285455903.91,-20933662672.16,-3689.38,4043.71,-3473.02
1728000.00,2188350845070.16,1980499940425.17,-21062766441.37,-4896.17,5259.29,3444.89
2160000.00,2187303994580.67,1982350707230.37,-20925525819.96,-4264.48,4176.88,-3337.92
2592000.00,2184358945679.69,1984553529880.98,-21218758219.10,-6151.38,5430.23,2781.43
3024000.00,2183099964098.74,1986533546401.52,-20447917046.01,-1812.79,3874.62,-1579.38
3456000.00,2180876611179.23,1988475067461.73,-21457150364.05,-7597.26,5292.00,-415.21
3888000.00,2178301754217.19,1990753424812.61,-20570175085.32,-3114.33,4751.62,2783.83
4320000.00,2177366309179.77,1992543528056.87,-20609758756.05,-3607.42,4072.47,-2858.21
4752000.00,2174678367260.60,1994606897785.87,-21419274652.10,-7432.65,5359.42,450.50
5184000.00,2172225805209.45,1996863307977.62,-20446542808.68,-3189.74,4734.85,2663.51
5616000.00,2171300068658.38,1998664544223.33,-20338781578.67,-2942.64,3977.58,-2376.78
6048000.00,2168937949443.28,2000622791840.91,-21342578282.67,-7282.91,5131.82,-837.78
6480000.00,2166047624457.32,2002909563336.70,-20788464722.06,-5097.46,5150.67,2781.18
6912000.00,2164733395676.77,2004893142898.32,-19923975484.81,-1763.91,4042.43,68.39
7344000.00,2163374822439.65,2006649819077.09,-20750889593.93,-5325.20,4429.79,-2704.20
7776000.00,2160461136704.89,2008784155940.15,-21282706067.05,-7183.96,5299.25,687.34
8208000.00,2157913952171.87,2011034510180.84,-20381890964.23,-4089.91,4900.17,2719.32
8640000.00,2156801095914.69,2012930632921.81,-19762626092.21,-1957.10,3972.77,-578.80
9072000.00,2155302417768.98,2014697108999.69,-20670241382.40,-5460.38,4455.18,-2573.41
9504000.00,2152404564916.03,2016816660739.81,-21214607586.08,-7175.08,5238.30,421.62
9936000.00,2149719958359.25,2019070397654.97,-20436488921.84,-4754.86,5013.69,2652.32
10368000.00,2148357578834.96,2021044705040.31,-19576205366.57,-2017.01,4121.60,562.45
10800000.00,2147214082117.09,2022773363355.56,-20127972772.83,-4088.74,4134.90,-2565.04
11232000.00,2144723232567.65,2024742061640.48,-21051222660.04,-6983.18,4971.16,-1044.56
11664000.00,2141721645839.72,2026976320126.01,-20843597282.86,-6328.88,5224.91,1859.32
12096000.00,2139592788708.92,2029132200257.66,-19809745515.94,-3393.68,4641.09,2306.99
12528000.00,2138536503813.44,2030966651637.08,-19390335417.32,-2203.27,3953.50,-743.57
12960000.00,2137052796198.01,2032714683829.82,-20251050277.43,-5036.34,4318.59,-2529.47
13392000.00,2134331414151.56,2034746580936.21,-20993851354.15,-7080.85,5037.93,-514.29
13824000.00,2131383661199.44,2036977329479.95,-20639520128.82,-6114.74,5165.98,1973.13
14256000.00,2129300541030.51,2039109657879.53,-19616402339.04,-3438.67,4613.77,2240.97
14688000.00,2128202462604.17,2040946395693.92,-19158949513.47,-2218.36,3965.97,-475.03
15120000.00,2126823719751.67,2042673492906.27,-19918100083.58,-4580.42,4196.63,-2489.72
15552000.00,2124276207992.37,2044638331049.79,-20783864810.52,-6866.17,4884.16,-1084.21
15984000.00,2121269200268.72,2046830275797.15,-20715602568.05,-6638.33,5165.43,1347.06
16416000.00,2118819888365.34,2049013081499.78,-19817162791.74,-4493.25,4845.02,2452.83
16848000.00,2117385537979.23,2050962933238.34,-18984766546.60,-2396.02,4172.44,939.48
17280000.00,2116317615249.27,2052684369865.67,-19207379386.59,-3138.44,3942.68,-1849.10
17712000.00,2114382769113.80,2054486817278.38,-20193081670.97,-5812.14,4476.73,-2163.18
18144000.00,2111525453435.91,2056548828232.85,-20739643582.59,-7044.82,5014.34,-181.25
18576000.00,2108607725957.73,2058750727987.45,-20353312677.83,-6152.97,5092.67,1830.49
19008000.00,2106395617901.50,2060877171711.30,-19382681004.14,-3981.67,4679.90,2310.64
19440000.00,2105091516724.43,2062763485278.25,-18698370381.55,-2357.22,4068.82,496.81
19872000.00,2103951060377.16,2064467257656.44,-19057149925.51,-3410.13,3951.42,-1969.23
20304000.00,2101937160227.15,2066273533774.68,-20033980878.79,-5872.04,4466.80,-2084.39
20736000.00,2099084921726.95,2068320310183.61,-20576729039.49,-7014.69,4961.79,-268.17
21168000.00,2096145100478.92,2070502630626.12,-20260675273.98,-6322.95,5067.88,1629.00
21600000.00,2093797138258.10,2072636548911.07,-19344043190.29,-4420.71,4745.11,2335.51
22032000.00,2092312993551.36,2074565155985.92,-18531775471.63,-2624.67,4173.74,1079.02
22464000.00,2091222523208.80,2076284220302.63,-18595175457.77,-2877.82,3884.57,-1367.66
22896000.00,2089531527255.57,2078018121609.36,-19479835521.53,-5079.76,4228.41,-2312.15
23328000.00,2086922060187.50,2079962784691.59,-20271397780.27,-6765.00,4758.16,-1099.57
23760000.00,2083925945697.01,2082089769837.87,-20337350084.94,-6839.04,5030.47,792.03
24192000.00,2081209922250.01,2084254368096.16,-19672502536.71,-5551.10,4927.52,2118.82
24624000.00,2079221470858.44,2086298810879.58,-18711472641.76,-3634.31,4492.88,2040.33
25056000.00,2077960218070.88,2088124846398.39,-18164593766.77,-2479.65,3986.98,246.36
25488000.00,2076754749599.45,2089807559170.57,-18547353071.40,-3470.94,3906.10,-1858.61
25920000.00,2074793164724.21,2091575325885.86,-19489223682.57,-5608.80,4328.38,-2135.28
26352000.00,2072044901454.08,2093551035299.49,-20150606721.72,-6885.28,4791.63,-758.74
26784000.00,2069053091867.90,2095676152031.92,-20098561578.70,-6741.57,4994.29,973.07
27216000.00,2066382807103.36,2097818468298.50,-19397786676.52,-5469.02,4869.27,2116.44
27648000.00,2064401492519.86,2099841835117.01,-18452847650.15,-3689.53,4459.72,2003.09
28080000.00,2063100514497.26,2101661164609.17,-17892023460.82,-2566.59,3982.96,369.66
28512000.00,2061900800958.40,2103336286301.39,-18195519507.68,-3328.40,3861.45,-1667.03
28944000.00,2060044074034.38,2105068970717.49,-19100503772.79,-5312.66,4215.65,-2193.33
29376000.00,2057402564161.81,2106991509311.45,-19852586245.46,-6729.97,4670.06,-1102.29
29808000.00,2054413430045.97,2109073839236.92,-19980103034.12,-6903.08,4926.93,522.21
30240000.00,2051595137706.43,2111207160067.44,-19452093531.74,-5989.17,4901.20,1817.96
30672000.00,2049334328059.98,2113268983298.16,-18544206209.61,-4410.43,4602.41,2188.68
31104000.00,2047769363483.53,2115159794860.78,-17757339207.19,-2942.22,4141.81,1216.18
