0.00,2196792292617.74,1972205961858.15,-21135009464.58,-4599.53,4750.22,0.00
7200.00,2196759175739.46,1972240163143.83,-21135009461.75,-4599.61,4750.14,0.00
14400.00,2196726058273.35,1972274363901.94,-21135009453.27,-4599.69,4750.07,0.00
21600.00,2196692940219.41,1972308564132.48,-21135009439.13,-4599.77,4750.00,0.00
28800.00,2196659821577.66,1972342763835.42,-21135009419.33,-4599.85,4749.92,0.00
36000.00,2196626702348.10,1972376963010.76,-21135009393.87,-4599.93,4749.85,0.00
43200.00,2196593582530.74,1972411161658.49,-21135009362.76,-4600.02,4749.78,0.00
50400.00,2196560462125.59,1972445359778.60,-21135009325.99,-4600.10,4749.70,0.01
57600.00,2196527341132.66,1972479557371.08,-21135009283.57,-4600.18,4749.63,0.01
64800.00,2196494219551.96,1972513754435.92,-21135009235.48,-4600.26,4749.56,0.01
72000.00,2196461097383.48,1972547950973.11,-21135009181.75,-4600.34,4749.48,0.01
79200.00,2196427974627.25,1972582146982.64,-21135009122.35,-4600.42,4749.41,0.01
86400.00,2196394851283.26,1972616342464.50,-21135009057.30,-4600.51,4749.34,0.01
93600.00,2196361727351.53,1972650537418.67,-21135008986.59,-4600.59,4749.26,0.01
100800.00,2196328602832.07,1972684731845.16,-21135008910.22,-4600.67,4749.19,0.01
108000.00,2196295477724.87,1972718925743.94,-21135008828.20,-4600.75,4749.12,0.01
115200.00,2196262352029.95,1972753119115.01,-21135008740.52,-4600.83,4749.04,0.01
122400.00,2196229225747.32,1972787311958.36,-21135008647.18,-4600.91,4748.97,0.01
129600.00,2196196098876.99,1972821504273.98,-21135008548.19,-4601.00,4748.90,0.01
136800.00,2196162971418.96,1972855696061.86,-21135008443.54,-4601.08,4748.82,0.01
144000.00,2196129843373.24,1972889887321.98,-21135008333.23,-4601.16,4748.75,0.02
151200.00,2196096714739.83,1972924078054.35,-21135008217.27,-4601.24,4748.68,0.02
158400.00,2196063585518.75,1972958268258.94,-21135008095.65,-4601.32,4748.60,0.02
165600.00,2196030455710.01,1972992457935.74,-21135007968.37,-4601.40,4748.53,0.02
172800.00,2195997325313.61,1973026647084.76,-21135007835.44,-4601.48,4748.46,0.02
180000.00,2195964194329.55,1973060835705.97,-21135007696.85,-4601.57,4748.38,0.02
187200.00,2195931062757.86,1973095023799.37,-21135007552.60,-4601.65,4748.31,0.02
194400.00,2195897930598.52,1973129211364.95,-21135007402.69,-4601.73,4748.24,0.02
201600.00,2195864797851.57,1973163398402.69,-21135007247.13,-4601.81,4748.16,0.02
208800.00,2195831664516.99,1973197584912.59,-21135007085.91,-4601.89,4748.09,0.02
216000.00,2195798530594.80,1973231770894.64,-21135006919.04,-4601.97,4748.02,0.02
223200.00,2195765396085.01,1973265956348.83,-21135006746.50,-4602.06,4747.94,0.02
230400.00,2195732260987.61,1973300141275.14,-21135006568.31,-4602.14,4747.87,0.03
237600.00,2195699125302.64,1973334325673.57,-21135006384.47,-4602.22,4747.80,0.03
244800.00,2195665989030.08,1973368509544.10,-21135006194.96,-4602.30,4747.72,0.03
252000.00,2195632852169.95,1973402692886.73,-21135005999.80,-4602.38,4747.65,0.03
259200.00,2195599714722.25,1973436875701.44,-21135005798.99,-4602.46,4747.58,0.03
266400.00,2195566576687.00,1973471057988.24,-21135005592.51,-4602.55,4747.50,0.03
273600.00,2195533438064.20,1973505239747.09,-21135005380.38,-4602.63,4747.43,0.03
280800.00,2195500298853.85,1973539420978.00,-21135005162.59,-4602.71,4747.36,0.03
288000.00,2195467159055.98,1973573601680.96,-21135004939.14,-4602.79,4747.28,0.03
295200.00,2195434018670.57,1973607781855.96,-21135004710.04,-4602.87,4747.21,0.03
302400.00,2195400877697.65,1973641961502.98,-21135004475.28,-4602.95,4747.14,0.03
309600.00,2195367736137.22,1973676140622.01,-21135004234.86,-4603.04,4747.06,0.03
316800.00,2195334593989.29,1973710319213.05,-21135003988.79,-4603.12,4746.99,0.03
324000.00,2195301451253.86,1973744497276.08,-21135003737.06,-4603.20,4746.92,0.04
331200.00,2195268307930.94,1973778674811.10,-21135003479.67,-4603.28,4746.84,0.04
338400.00,2195235164020.55,1973812851818.10,-21135003216.62,-4603.36,4746.77,0.04
345600.00,2195202019522.68,1973847028297.05,-21135002947.92,-4603.44,4746.70,0.04
352800.00,2195168874437.35,1973881204247.97,-21135002673.56,-4603.52,4746.62,0.04
360000.00,2195135728764.57,1973915379670.82,-21135002393.54,-4603.61,4746.55,0.04
367200.00,2195102582504.34,1973949554565.61,-21135002107.87,-4603.69,4746.48,0.04
374400.00,2195069435656.67,1973983728932.33,-21135001816.54,-4603.77,4746.40,0.04
381600.00,2195036288221.56,1974017902770.96,-21135001519.55,-4603.85,4746.33,0.04
388800.00,2195003140199.03,1974052076081.49,-21135001216.90,-4603.93,4746.26,0.04
396000.00,2194969991589.09,1974086248863.92,-21135000908.60,-4604.01,4746.18,0.04
403200.00,2194936842391.73,1974120421118.23,-21135000594.64,-4604.10,4746.11,0.04
410400.00,2194903692606.98,1974154592844.41,-21135000275.02,-4604.18,4746.04,0.04
417600.00,2194870542234.83,1974188764042.45,-21134999949.75,-4604.26,4745.96,0.05
424800.00,2194837391275.30,1974222934712.35,-21134999618.82,-4604.34,4745.89,0.05
432000.00,2194804239728.39,1974257104854.10,-21134999282.23,-4604.42,4745.82,0.05
439200.00,2194771087594.11,1974291274467.67,-21134998939.98,-4604.50,4745.74,0.05
446400.00,2194737934872.46,1974325443553.07,-21134998592.08,-4604.59,4745.67,0.05
453600.00,2194704781563.47,1974359612110.28,-21134998238.52,-4604.67,4745.60,0.05
460800.00,2194671627667.12,1974393780139.29,-21134997879.30,-4604.75,4745.52,0.05
468000.00,2194638473183.44,1974427947640.10,-21134997514.42,-4604.83,4745.45,0.05
475200.00,2194605318112.43,1974462114612.69,-21134997143.89,-4604.91,4745.38,0.05
482400.00,2194572162454.10,1974496281057.05,-21134996767.70,-4604.99,4745.30,0.05
489600.00,2194539006208.45,1974530446973.17,-21134996385.85,-4605.07,4745.23,0.05
496800.00,2194505849375.49,1974564612361.05,-21134995998.35,-4605.16,4745.16,0.05
504000.00,2194472691955.23,1974598777220.66,-21134995605.19,-4605.24,4745.08,0.05
511200.00,2194439533947.69,1974632941552.01,-21134995206.37,-4605.32,4745.01,0.06
518400.00,2194406375352.85,1974667105355.08,-21134994801.89,-4605.40,4744.94,0.06
