0.00,654212616939.79,-388445142093.13,-5748377499.13,7704.76,14950.30,-823.83
432000.00,657471226703.09,-381963671747.15,-6134668217.12,7378.51,15052.11,-964.09
864000.00,660586840381.55,-375444397983.12,-6580190411.68,7043.36,15125.11,-1097.65
1296000.00,663556463913.55,-368899843826.77,-7081585106.73,6703.28,15169.09,-1222.40
1728000.00,666378830099.23,-362342445632.86,-7634643557.52,6362.27,15184.65,-1336.53
2160000.00,669054374933.83,-355784203575.63,-8234454867.88,6024.18,15173.19,-1438.61
2592000.00,671585129894.76,-349236374577.62,-8875580942.60,5692.52,15136.74,-1527.63
3024000.00,673974547628.99,-342709225573.00,-9552241041.26,5370.33,15077.83,-1603.01
3456000.00,676227279427.74,-336211860477.21,-10258493231.55,5060.12,14999.28,-1664.58
3888000.00,678348928776.97,-329752119859.93,-10988398897.00,4763.79,14904.09,-1712.53
4320000.00,680345800747.21,-323336550433.73,-11736163045.50,4482.67,14795.23,-1747.32
4752000.00,682224663698.96,-316970431369.91,-12496245731.50,4217.60,14675.58,-1769.65
5184000.00,683992536974.73,-310657845400.56,-13263443502.24,3968.91,14547.79,-1780.37
5616000.00,685656508187.65,-304401779510.10,-14032943208.76,3736.59,14414.27,-1780.43
6048000.00,687223587632.36,-298204243521.53,-14800351325.55,3520.32,14277.13,-1770.82
6480000.00,688700593270.96,-292066396196.93,-15561703617.14,3319.53,14138.20,-1752.53
6912000.00,690094067840.56,-285988670004.81,-16313459385.78,3133.52,13999.03,-1726.53
7344000.00,691410222794.91,-279970888750.03,-17052485005.76,2961.47,13860.88,-1693.72
7776000.00,692654902874.27,-274012377313.69,-17776029543.40,2802.51,13724.79,-1654.97
8208000.00,693833569599.85,-268112056775.42,-18481696850.83,2655.75,13591.60,-1611.06
8640000.00,694951297136.20,-262268530458.81,-19167414431.43,2520.28,13461.96,-1562.71
9072000.00,696012778227.11,-256480154426.57,-19831403297.69,2395.24,13336.36,-1510.56
9504000.00,697022338174.98,-250745099301.42,-20472147570.95,2279.80,13215.17,-1455.18
9936000.00,697983951859.30,-245061400772.83,-21088366012.95,2173.17,13098.65,-1397.08
10368000.00,698901264779.57,-239427000929.84,-21678985813.02,2074.61,12986.98,-1336.73
10800000.00,699777614948.59,-233839782168.51,-22243118368.36,1983.44,12880.25,-1274.51
11232000.00,700616055568.21,-228297593999.46,-22780037694.99,1899.02,12778.52,-1210.79
11664000.00,701419377114.71,-222798274662.55,-23289160800.39,1820.78,12681.80,-1145.87
12096000.00,702190129057.58,-217339667515.17,-23770030691.32,1748.17,12590.05,-1080.03
12528000.00,702930640192.65,-211919634373.40,-24222300709.03,1680.71,12503.22,-1013.50
12960000.00,703643037335.35,-206536064829.05,-24645721700.12,1617.96,12421.24,-946.50
13392000.00,704329263626.17,-201186883179.70,-25040130366.31,1559.50,12344.02,-879.21
13824000.00,704991094594.04,-195870053947.99,-25405438651.03,1504.97,12271.46,-811.80
14256000.00,705630152913.48,-190583584814.11,-25741625514.25,1454.03,12203.46,-744.41
14688000.00,706247922400.45,-185325528684.96,-26048729071.13,1406.38,12139.91,-677.18
15120000.00,706845760151.46,-180093985039.58,-26326839759.29,1361.72,12080.71,-610.20
15552000.00,707424907423.96,-174887099862.73,-26576095225.11,1319.81,12025.75,-543.60
15984000.00,707986500137.31,-169703065082.62,-26796675233.32,1280.42,11974.92,-477.46
16416000.00,708531577745.24,-164540117988.38,-26988797272.42,1243.33,11928.12,-411.87
16848000.00,709061091238.53,-159396539843.24,-27152713255.13,1208.34,11885.25,-346.89
17280000.00,709575910566.62,-154270654304.00,-27288706394.28,1175.28,11846.21,-282.61
17712000.00,710076831133.45,-149160825904.57,-27397088472.38,1143.97,11810.91,-219.08
18144000.00,710564579576.14,-144065458182.02,-27478197777.54,1114.28,11779.26,-156.36
18576000.00,711039819045.33,-138982991937.15,-27532397068.26,1086.04,11751.17,-94.51
19008000.00,711503153699.87,-133911903304.17,-27560072221.83,1059.15,11726.58,-33.57
19440000.00,711955133000.40,-128850701754.66,-27561630757.88,1033.46,11705.40,26.39
19872000.00,712396255419.70,-123797928416.58,-27537500567.86,1008.87,11687.56,85.35
20304000.00,712826971578.90,-118752154390.84,-27488129111.85,985.27,11673.00,143.24
20736000.00,713247687023.64,-113711978741.72,-27413982948.54,962.55,11661.64,200.03
21168000.00,713658765151.20,-108676026671.76,-27315546713.36,940.64,11653.44,255.68
21600000.00,714060529445.07,-103642948355.14,-27193322525.57,919.42,11648.34,310.15
22032000.00,714453265122.05,-98611417185.13,-27047830117.25,898.83,11646.28,363.40
22464000.00,714837221124.86,-93580127890.02,-26879606315.28,878.76,11647.22,415.38
22896000.00,715212611969.39,-88547795413.79,-26689204429.91,859.16,11651.11,466.06
23328000.00,715579618761.77,-83513153806.69,-26477194489.10,839.94,11657.92,515.40
23760000.00,715938390127.39,-78474954463.70,-26244163453.89,821.02,11667.59,563.37
24192000.00,716289043640.06,-73431964707.75,-25990714765.34,802.34,11680.10,609.92
24624000.00,716631666726.74,-68382966942.09,-25717468375.24,783.83,11695.41,655.01
25056000.00,716966317033.09,-63326757418.83,-25425061192.33,765.42,11713.49,698.62
25488000.00,717293022982.43,-58262144783.71,-25114147215.21,747.04,11734.32,740.68
25920000.00,717611784598.89,-53187948913.09,-24785397430.30,728.63,11757.86,781.18
26352000.00,717922573788.37,-48103000199.41,-24439500196.33,710.12,11784.10,820.06
26784000.00,718225334053.65,-43006138298.07,-24077161904.93,691.45,11813.02,857.28
27216000.00,718519980848.50,-37896210697.21,-23699107108.93,672.55,11844.60,892.81
27648000.00,718806401780.68,-32772071897.81,-23306078880.12,653.36,11878.82,926.59
28080000.00,719084456032.97,-27632582455.14,-22898839597.01,633.80,11915.67,958.58
28512000.00,719353973997.69,-22476607552.63,-22478171489.15,613.82,11955.15,988.74
28944000.00,719614757178.36,-17303015852.38,-22044877130.06,593.35,11997.24,1017.02
29376000.00,719866577602.08,-12110678577.79,-21599780242.74,572.32,12041.94,1043.37
29808000.00,720109176735.25,-6898468488.40,-21143726692.59,550.64,12089.25,1067.73
30240000.00,720342264432.18,-1665258419.06,-20677585401.88,528.27,12139.17,1090.06
30672000.00,720565518231.75,3590080044.24,-20202249255.79,505.10,12191.71,1110.29
31104000.00,720778581984.80,8868677388.05,-19718636371.08,481.07,12246.86,1128.36
