0.00,17753287188.70,-106498210410.07,-2541783011.53,34241.31,5969.73,0.00
426082.00,32120545918.53,-102963153495.97,-2517855292.34,33092.70,10597.17,112.13
852164.00,45866051962.34,-97496095061.98,-2446536484.74,31327.36,15024.70,222.11
1278246.00,58733536928.12,-90199466354.67,-2329165712.48,28977.56,19172.04,327.96
1704328.00,70482642265.69,-81208923802.20,-2167918267.26,26085.61,22963.70,427.75
2130410.00,80893068092.05,-70691060176.09,-1965769285.17,22703.26,26330.14,519.66
2556492.00,89768435992.97,-58840633329.54,-1726445058.93,18890.91,29208.89,601.98
2982574.00,96939817544.72,-45877336253.20,-1454362340.93,14716.84,31545.54,673.18
3408656.00,102268878414.77,-32042135192.38,-1154556055.23,10256.22,33294.80,731.91
3834738.00,105650585705.12,-17593207255.37,-832595936.15,5590.01,34421.32,777.00
4260820.00,107015424273.11,-2801515501.27,-494492756.26,803.75,34900.55,807.55
4686902.00,106331066754.93,12053932027.18,-146594998.97,-4013.79,34719.38,822.89
5112984.00,103603442609.23,26691082594.82,204522929.20,-8772.05,33876.71,822.62
5539066.00,98877154356.96,40830029933.31,552179567.40,-13380.33,32383.76,806.64
5965148.00,92235194932.45,54198315160.13,889710653.86,-17749.43,30264.27,775.15
6391230.00,83797929185.64,66536243504.72,1210596732.14,-21793.43,27554.38,728.62
6817312.00,73721315404.85,77602110775.79,1508591744.56,-25431.46,24302.31,667.86
7243394.00,62194359331.11,87177223191.06,1777849940.92,-28589.57,20567.73,593.94
7669476.00,49435813263.16,95070586824.19,2013048177.37,-31202.37,16420.81,508.23
8095558.00,35690155909.85,101123139631.13,2209500510.44,-33214.75,11941.03,412.36
8521640.00,21222913674.61,105211400797.01,2363261931.25,-34583.24,7215.66,308.17
8947722.00,6315409761.67,107250419738.82,2471218156.49,-35277.34,2337.97,197.70
9373804.00,-8740947677.01,107195920880.20,2531158612.64,-35280.36,-2594.73,83.16
9799886.00,-23650704879.19,105045560194.57,2541830120.91,-34590.06,-7483.30,-33.17
10225968.00,-38120577823.59,100839234885.05,2502969306.86,-33218.86,-12228.99,-148.95
10652050.00,-51865679897.28,94658417316.65,2415312399.83,-31193.70,-16735.77,-261.83
11078132.00,-64615592882.71,86624516874.88,2280581821.78,-28555.44,-20912.58,-369.54
11504214.00,-76120114567.81,76896306906.79,2101449751.65,-25357.91,-24675.44,-469.90
11930296.00,-86154526262.57,65666486260.71,1881479643.15,-21666.66,-27949.39,-560.91
12356378.00,-94524240636.64,53157474175.38,1625047423.13,-17557.29,-30670.13,-640.77
12782460.00,-101068713484.71,39616561631.89,1337244757.70,-13113.65,-32785.41,-707.92
13208542.00,-105664530735.72,25310560434.31,1023767307.59,-8425.85,-34255.99,-761.10
13634624.00,-108227612402.75,10520102412.75,690791275.37,-3588.06,-35056.31,-799.31
14060706.00,-108714506272.35,-4466254992.63,344841763.13,1303.56,-35174.75,-821.91
14486788.00,-107122774089.00,-19357963568.47,-7343490.48,6152.99,-34613.55,-828.55
14912870.00,-103490500187.41,-33868315550.30,-358951527.18,10866.36,-33388.39,-819.22
15338952.00,-97894975718.75,-47720041264.94,-703229506.20,15353.80,-31527.76,-794.22
15765034.00,-90450630003.58,-60650560799.56,-1033615061.19,19531.12,-29071.96,-754.14
16191116.00,-81306293777.72,-72416796895.06,-1343859177.60,23321.26,-26072.03,-699.85
16617198.00,-70641887250.49,-82799476466.66,-1628139527.86,26655.53,-22588.44,-632.47
17043280.00,-58664629396.09,-91606867739.09,-1881162641.54,29474.63,-18689.75,-553.37
17469362.00,-45604864435.80,-98677917967.00,-2098253708.02,31729.44,-14451.18,-464.08
17895444.00,-31711597892.37,-103884772394.85,-2275433187.07,33381.55,-9953.10,-366.32
18321526.00,-17247828828.90,-107134668090.37,-2409479728.25,34403.73,-5279.60,-261.94
18747608.00,-2485757832.85,-108371206426.02,-2497979164.00,34780.06,-517.04,-152.86
19173690.00,12298057194.60,-107575015385.40,-2539359544.15,34505.99,4247.36,-41.10
19599772.00,26827532615.00,-104763817835.08,-2532912324.09,33588.26,8926.93,71.30
20025854.00,40831819560.72,-99991924851.04,-2478799912.80,32044.65,13436.82,182.30
20451936.00,54049940091.07,-93349174637.19,-2378049840.85,29903.66,17695.31,289.88
20878018.00,66235249374.31,-84959338093.39,-2232535835.89,27203.98,21625.05,392.10
21304100.00,77159676358.01,-74978012280.89,-2044946106.12,23993.99,25154.20,487.08
21730182.00,86617695965.38,-63590023466.96,-1818739144.70,20331.03,28217.58,573.08
22156264.00,94429985129.08,-51006362637.96,-1558087393.51,16280.60,30757.73,648.51
22582346.00,100446713286.70,-37460678810.48,-1267809153.99,11915.46,32725.91,711.93
23008428.00,104550415769.11,-23205359510.22,-953289218.40,7314.60,34083.04,762.11
23434510.00,106658396369.73,-8507233672.29,-620388822.11,2562.04,34800.56,798.06
23860592.00,106724603922.53,6357059955.16,-275345694.01,-2254.47,34861.10,819.00
24286674.00,104740927618.34,21105986122.84,75334793.52,-7044.85,34259.12,824.46
24712756.00,100737857738.77,35458244018.51,424996102.92,-11718.25,33001.32,814.21
25138838.00,94784463133.21,49138039293.75,766953058.24,-16184.72,31106.86,788.33
25564920.00,86987644653.68,61880407725.89,1094618508.54,-20356.92,28607.40,747.21
25991002.00,77490635280.74,73436488547.10,1401631878.86,-24151.94,25546.81,691.53
26417084.00,66470732976.90,83578634383.78,1681987039.64,-27493.10,21980.69,622.27
26843166.00,54136271251.34,92105236206.38,1930156650.04,-30311.70,17975.49,540.69
27269248.00,40722854536.65,98845136832.21,2141209927.94,-32548.69,13607.48,448.32
27695330.00,26488909938.07,103661506408.88,2310920698.44,-34156.23,8961.28,346.94
28121412.00,11710632544.61,106455058777.12,2435862595.79,-35098.96,4128.19,238.53
28547494.00,-3323573189.10,107166499177.97,2513488459.17,-35355.07,-795.71,125.21
28973576.00,-18319030126.98,105778111509.13,2542191280.16,-34917.03,-5711.70,9.27
29399658.00,-32980957654.01,102314416831.11,2521344524.79,-33791.91,-10520.62,-106.98
29825740.00,-47020713418.70,96841863140.01,2451320252.86,-32001.41,-15125.21,-221.18
30251822.00,-60161939759.50,89467538147.42,2333484161.40,-29581.40,-19432.35,-331.02
30677904.00,-72146446488.58,80336930151.37,2170167451.94,-26581.11,-23355.26,-434.30
31103986.00,-82739668942.67,69630795043.69,1964616215.89,-23061.98,-26815.48,-528.94
