0.00,-244231456602.29,-214402601608.60,36020910898.12,14418.81,-15095.66,-1304.17
1200.00,-244214154033.80,-214420716400.74,36019345896.17,14419.92,-15094.68,-1304.33
2400.00,-244196850130.61,-214438830012.07,36017780696.53,14421.03,-15093.69,-1304.50
3600.00,-244179544892.80,-214456942442.48,36016215299.21,14422.14,-15092.71,-1304.66
4800.00,-244162238320.46,-214475053691.86,36014649704.21,14423.26,-15091.72,-1304.83
6000.00,-244144930413.68,-214493163760.08,36013083911.55,14424.37,-15090.74,-1304.99
7200.00,-244127621172.52,-214511272647.05,36011517921.22,14425.48,-15089.75,-1305.16
8400.00,-244110310597.07,-214529380352.65,36009951733.24,14426.59,-15088.77,-1305.32
9600.00,-244092998687.41,-214547486876.76,36008385347.61,14427.70,-15087.79,-1305.49
10800.00,-244075685443.63,-214565592219.28,36006818764.34,14428.81,-15086.80,-1305.65
12000.00,-244058370865.80,-214583696380.09,36005251983.43,14429.93,-15085.82,-1305.82
13200.00,-244041054954.00,-214601799359.09,36003685004.90,14431.04,-15084.83,-1305.98
14400.00,-244023737708.33,-214619901156.16,36002117828.74,14432.15,-15083.85,-1306.14
15600.00,-244006419128.85,-214638001771.19,36000550454.96,14433.26,-15082.86,-1306.31
16800.00,-243989099215.65,-214656101204.06,35998982883.58,14434.37,-15081.88,-1306.47
18000.00,-243971777968.81,-214674199454.67,35997415114.59,14435.48,-15080.89,-1306.64
19200.00,-243954455388.41,-214692296522.90,35995847148.01,14436.59,-15079.90,-1306.80
20400.00,-243937131474.54,-214710392408.65,35994278983.83,14437.71,-15078.92,-1306.97
21600.00,-243919806227.27,-214728487111.80,35992710622.08,14438.82,-15077.93,-1307.13
22800.00,-243902479646.68,-214746580632.24,35991142062.74,14439.93,-15076.95,-1307.30
24000.00,-243885151732.86,-214764672969.85,35989573305.84,14441.04,-15075.96,-1307.46
25200.00,-243867822485.89,-214782764124.53,35988004351.37,14442.15,-15074.98,-1307.63
26400.00,-243850491905.85,-214800854096.17,35986435199.34,14443.26,-15073.99,-1307.79
27600.00,-243833159992.82,-214818942884.64,35984865849.77,14444.37,-15073.00,-1307.96
28800.00,-243815826746.88,-214837030489.85,35983296302.65,14445.48,-15072.02,-1308.12
30000.00,-243798492168.12,-214855116911.68,35981726557.99,14446.59,-15071.03,-1308.29
31200.00,-243781156256.61,-214873202150.02,35980156615.80,14447.70,-15070.05,-1308.45
32400.00,-243763819012.43,-214891286204.75,35978586476.09,14448.81,-15069.06,-1308.61
33600.00,-243746480435.68,-214909369075.77,35977016138.86,14449.92,-15068.07,-1308.78
34800.00,-243729140526.42,-214927450762.96,35975445604.12,14451.03,-15067.09,-1308.94
36000.00,-243711799284.74,-214945531266.21,35973874871.88,14452.15,-15066.10,-1309.11
37200.00,-243694456710.73,-214963610585.41,35972303942.13,14453.26,-15065.11,-1309.27
38400.00,-243677112804.45,-214981688720.45,35970732814.90,14454.37,-15064.13,-1309.44
39600.00,-243659767566.00,-214999765671.22,35969161490.18,14455.48,-15063.14,-1309.60
40800.00,-243642420995.46,-215017841437.60,35967589967.98,14456.59,-15062.15,-1309.77
42000.00,-243625073092.91,-215035916019.49,35966018248.31,14457.70,-15061.16,-1309.93
43200.00,-243607723858.42,-215053989416.76,35964446331.17,14458.81,-15060.18,-1310.10
44400.00,-243590373292.09,-215072061629.32,35962874216.58,14459.92,-15059.19,-1310.26
45600.00,-243573021393.99,-215090132657.05,35961301904.53,14461.02,-15058.20,-1310.42
46800.00,-243555668164.20,-215108202499.84,35959729395.04,14462.13,-15057.21,-1310.59
48000.00,-243538313602.80,-215126271157.57,35958156688.11,14463.24,-15056.23,-1310.75
49200.00,-243520957709.88,-215144338630.14,35956583783.75,14464.35,-15055.24,-1310.92
50400.00,-243503600485.52,-215162404917.43,35955010681.96,14465.46,-15054.25,-1311.08
51600.00,-243486241929.80,-215180470019.33,35953437382.75,14466.57,-15053.26,-1311.25
52800.00,-243468882042.80,-215198533935.73,35951863886.14,14467.68,-15052.28,-1311.41
54000.00,-243451520824.61,-215216596666.52,35950290192.11,14468.79,-15051.29,-1311.58
55200.00,-243434158275.30,-215234658211.58,35948716300.69,14469.90,-15050.30,-1311.74
56400.00,-243416794394.95,-215252718570.82,35947142211.87,14471.01,-15049.31,-1311.91
57600.00,-243399429183.65,-215270777744.10,35945567925.67,14472.12,-15048.32,-1312.07
58800.00,-243382062641.48,-215288835731.33,35943993442.08,14473.23,-15047.33,-1312.23
60000.00,-243364694768.52,-215306892532.39,35942418761.13,14474.34,-15046.35,-1312.40
61200.00,-243347325564.85,-215324948147.17,35940843882.81,14475.45,-15045.36,-1312.56
62400.00,-243329955030.56,-215343002575.56,35939268807.12,14476.55,-15044.37,-1312.73
63600.00,-243312583165.72,-215361055817.44,35937693534.09,14477.66,-15043.38,-1312.89
64800.00,-243295209970.42,-215379107872.72,35936118063.71,14478.77,-15042.39,-1313.06
66000.00,-243277835444.74,-215397158741.26,35934542395.99,14479.88,-15041.40,-1313.22
67200.00,-243260459588.76,-215415208422.97,35932966530.93,14480.99,-15040.41,-1313.39
68400.00,-243243082402.56,-215433256917.72,35931390468.55,14482.10,-15039.42,-1313.55
69600.00,-243225703886.23,-215451304225.42,35929814208.85,14483.21,-15038.43,-1313.71
70800.00,-243208324039.84,-215469350345.95,35928237751.84,14484.31,-15037.44,-1313.88
72000.00,-243190942863.48,-215487395279.19,35926661097.51,14485.42,-15036.45,-1314.04
73200.00,-243173560357.22,-215505439025.04,35925084245.89,14486.53,-15035.47,-1314.21
74400.00,-243156176521.16,-215523481583.38,35923507196.98,14487.64,-15034.48,-1314.37
75600.00,-243138791355.37,-215541522954.11,35921929950.78,14488.75,-15033.49,-1314.54
76800.00,-243121404859.94,-215559563137.10,35920352507.29,14489.85,-15032.50,-1314.70
78000.00,-243104017034.94,-215577602132.26,35918774866.54,14490.96,-15031.51,-1314.87
79200.00,-243086627880.46,-215595639939.46,35917197028.51,14492.07,-15030.52,-1315.03
80400.00,-243069237396.58,-215613676558.60,35915618993.23,14493.18,-15029.53,-1315.19
81600.00,-243051845583.38,-215631711989.57,35914040760.69,14494.29,-15028.54,-1315.36
82800.00,-243034452440.95,-215649746232.25,35912462330.91,14495.39,-15027.55,-1315.52
84000.00,-243017057969.36,-215667779286.54,35910883703.88,14496.50,-15026.55,-1315.69
85200.00,-242999662168.69,-215685811152.32,35909304879.62,14497.61,-15025.56,-1315.85
