0.00,997148104619.84,-1138323812658.60,-23154624748.49,5830.18,5781.02,0.01
432000.00,999660003683.75,-1135819123047.87,-23153926765.16,5798.79,5815.05,3.25
864000.00,1002158362648.84,-1133299664548.89,-23151823547.87,5767.49,5849.40,6.52
1296000.00,1004643221827.25,-1130765295497.04,-23148301193.65,5736.29,5884.08,9.82
1728000.00,1007114624442.97,-1128215872095.32,-23143345805.65,5705.20,5919.10,13.15
2160000.00,1009572616758.24,-1125651248419.37,-23136943508.72,5674.21,5954.45,16.52
2592000.00,1012017248202.34,-1123071276365.50,-23129080446.90,5643.34,5990.16,19.91
3024000.00,1014448571517.44,-1120475805640.51,-23119742793.46,5612.60,6026.21,23.34
3456000.00,1016866642935.81,-1117864683756.68,-23108916769.48,5581.99,6062.62,26.81
3888000.00,1019271522303.12,-1115237756045.40,-23096588658.28,5551.53,6099.39,30.30
4320000.00,1021663273233.42,-1112594865591.20,-23082744799.57,5521.22,6136.52,33.82
4752000.00,1024041963301.69,-1109935853260.12,-23067371614.01,5491.06,6174.03,37.38
5184000.00,1026407664210.12,-1107260557665.23,-23050455605.67,5461.08,6211.91,40.97
5616000.00,1028760452006.99,-1104568815222.57,-23031983399.08,5431.28,6250.18,44.58
6048000.00,1031100407226.27,-1101860460155.71,-23011941748.98,5401.68,6288.83,48.23
6480000.00,1033427615080.23,-1099135324441.48,-22990317536.79,5372.27,6327.87,51.91
6912000.00,1035742165723.23,-1096393237864.42,-22967097805.50,5343.08,6367.31,55.62
7344000.00,1038044154416.52,-1093634028026.07,-22942269768.63,5314.12,6407.15,59.36
7776000.00,1040333681806.72,-1090857520365.56,-22915820835.28,5285.39,6447.39,63.12
8208000.00,1042610854153.72,-1088063538257.82,-22887738652.83,5256.92,6488.05,66.92
8640000.00,1044875783527.43,-1085251903030.62,-22858011120.43,5228.72,6529.12,70.74
9072000.00,1047128588056.96,-1082422433951.17,-22826626395.42,5200.79,6570.62,74.59
9504000.00,1049369392266.36,-1079574948295.15,-22793572927.14,5173.17,6612.54,78.47
9936000.00,1051598327321.57,-1076709261485.97,-22758839504.67,5145.85,6654.89,82.37
10368000.00,1053815531300.48,-1073825187080.97,-22722415257.86,5118.86,6697.67,86.29
10800000.00,1056021149556.80,-1070922536933.80,-22684289717.91,5092.22,6740.89,90.24
11232000.00,1058215334992.45,-1068001121337.73,-22644452865.45,5065.94,6784.55,94.22
11664000.00,1060398248342.46,-1065060749109.83,-22602895158.99,5040.04,6828.65,98.21
12096000.00,1062570058504.99,-1062101227666.53,-22559607559.58,5014.54,6873.21,102.23
12528000.00,1064730942945.25,-1059122363144.54,-22514581566.25,4989.46,6918.21,106.26
12960000.00,1066881088108.89,-1056123960675.74,-22467809293.91,4964.83,6963.66,110.31
13392000.00,1069020689693.21,-1053105824558.58,-22419283518.05,4940.66,7009.57,114.38
13824000.00,1071149953098.08,-1050067758379.66,-22368997700.26,4916.97,7055.93,118.46
14256000.00,1073269093859.10,-1047009565370.03,-22316946083.39,4893.80,7102.75,122.55
14688000.00,1075378338006.70,-1043931048682.67,-22263123761.33,4871.16,7150.03,126.66
15120000.00,1077477922460.89,-1040832011639.22,-22207526735.71,4849.09,7197.76,130.77
15552000.00,1079568095468.34,-1037712257994.54,-22150151972.97,4827.60,7245.94,134.89
15984000.00,1081649117090.93,-1034571592247.15,-22090997466.86,4806.73,7294.58,139.01
16416000.00,1083721259744.28,-1031409820068.90,-22030062323.06,4786.50,7343.66,143.13
16848000.00,1085784808649.26,-1028226748883.60,-21967346883.73,4766.95,7393.19,147.25
17280000.00,1087840062191.50,-1025022188221.67,-21902852797.03,4748.11,7443.15,151.36
17712000.00,1089887332530.33,-1021795950161.74,-21836583082.68,4730.00,7493.55,155.47
18144000.00,1091926946091.81,-1018547850059.52,-21768542276.44,4712.67,7544.36,159.56
18576000.00,1093959243993.97,-1015277707174.19,-21698736549.13,4696.14,7595.60,163.64
19008000.00,1095984582511.09,-1011985345292.13,-21627173814.32,4680.46,7647.23,167.69
19440000.00,1098003333566.86,-1008670593403.99,-21553863839.45,4665.66,7699.25,171.73
19872000.00,1100015885250.72,-1005333286456.10,-21478818362.66,4651.77,7751.65,175.73
20304000.00,1102022642357.91,-1001973266212.31,-21402051219.56,4638.85,7804.41,179.70
20736000.00,1104024026910.05,-998590382301.34,-21323578496.29,4626.91,7857.50,183.62
21168000.00,1106020478502.87,-995184493413.19,-21243418720.87,4616.02,7910.91,187.50
21600000.00,1108012454564.18,-991755468235.02,-21161593012.02,4606.21,7964.61,191.33
22032000.00,1110000430912.74,-988303186472.40,-21078125185.47,4597.52,8018.58,195.11
22464000.00,1111984902083.96,-984827540384.83,-20993041963.94,4590.00,8072.78,198.81
22896000.00,1113966381474.18,-981328436182.48,-20906373178.34,4583.68,8127.17,202.44
23328000.00,1115945401511.71,-977805795407.03,-20818151945.18,4578.63,8181.74,206.00
23760000.00,1117922513801.81,-974259556414.62,-20728414843.16,4574.87,8236.42,209.46
24192000.00,1119898289209.33,-970689675985.24,-20637202095.71,4572.45,8291.18,212.83
24624000.00,1121873317859.89,-967096131062.12,-20544557758.24,4571.43,8345.97,216.09
25056000.00,1123848209034.82,-963478920662.52,-20450529909.91,4571.83,8400.73,219.23
25488000.00,1125823590865.78,-959838068004.46,-20355170858.31,4573.72,8455.41,222.25
25920000.00,1127800109688.95,-956173622746.91,-20258537364.53,4577.11,8509.95,225.13
26352000.00,1129778429174.76,-952485662975.32,-20160690859.41,4582.07,8564.26,227.86
26784000.00,1131759229730.94,-948774297016.05,-20061697585.34,4588.62,8618.29,230.43
27216000.00,1133743207642.76,-945039665957.10,-19961628745.93,4596.79,8671.96,232.84
27648000.00,1135731073503.51,-941281946183.03,-19860560709.64,4606.63,8725.17,235.06
28080000.00,1137723550601.92,-937501351567.89,-19758575167.52,4618.16,8777.84,237.08
28512000.00,1139721373177.95,-933698135698.91,-19655759254.93,4631.40,8829.88,238.90
28944000.00,1141725284413.72,-929872594141.11,-19552205648.85,4646.36,8881.18,240.49
29376000.00,1143736034129.91,-926025066703.39,-19448012636.44,4663.07,8931.64,241.85
29808000.00,1145754376157.21,-922155939690.94,-19343284147.26,4681.52,8981.15,242.97
30240000.00,1147781065321.16,-918265648131.13,-19238129739.49,4701.72,9029.60,243.82
30672000.00,1149816853931.53,-914354677914.54,-19132664533.01,4723.66,9076.86,244.40
31104000.00,1151862487713.25,-910423567616.77,-19027009099.25,4747.31,9122.81,244.70
