0.00,623276038193.17,-379682630167.72,-24963974075.71,6863.70,14008.03,0.00
50000.00,623618957910.13,-378982067130.58,-24963963408.70,6853.08,14014.50,0.43
100000.00,623961346232.01,-378281181122.11,-24963931402.70,6842.44,14020.95,0.85
150000.00,624303202712.57,-377579972646.69,-24963878050.36,6831.80,14027.39,1.28
200000.00,624644526906.10,-376878442209.64,-24963803344.37,6821.15,14033.83,1.71
250000.00,624985318367.35,-376176590317.18,-24963707277.55,6810.49,14040.25,2.14
300000.00,625325576651.54,-375474417476.49,-24963589842.77,6799.83,14046.67,2.56
350000.00,625665301314.38,-374771924195.59,-24963451033.04,6789.15,14053.07,2.99
400000.00,626004491912.05,-374069110983.44,-24963290841.43,6778.46,14059.46,3.42
450000.00,626343148001.24,-373365978349.82,-24963109261.15,6767.77,14065.85,3.85
500000.00,626681269139.13,-372662526805.36,-24962906285.50,6757.06,14072.22,4.27
550000.00,627018854883.41,-371958756861.52,-24962681907.91,6746.35,14078.58,4.70
600000.00,627355904792.29,-371254669030.56,-24962436121.91,6735.63,14084.94,5.13
650000.00,627692418424.51,-370550263825.50,-24962168921.15,6724.90,14091.28,5.56
700000.00,628028395339.38,-369845541760.16,-24961880299.40,6714.16,14097.61,5.99
750000.00,628363835096.78,-369140503349.05,-24961570250.53,6703.42,14103.93,6.42
800000.00,628698737257.16,-368435149107.44,-24961238768.53,6692.66,14110.24,6.84
850000.00,629033101381.60,-367729479551.30,-24960885847.49,6681.89,14116.54,7.27
900000.00,629366927031.78,-367023495197.30,-24960511481.59,6671.12,14122.83,7.70
950000.00,629700213770.08,-366317196562.79,-24960115665.12,6660.34,14129.12,8.13
1000000.00,630032961159.48,-365610584165.79,-24959698392.43,6649.55,14135.39,8.56
1050000.00,630365168763.70,-364903658525.01,-24959259657.96,6638.75,14141.64,8.99
1100000.00,630696836147.11,-364196420159.84,-24958799456.22,6627.94,14147.89,9.42
1150000.00,631027962874.85,-363488869590.29,-24958317781.76,6617.12,14154.13,9.85
1200000.00,631358548512.74,-362781007337.10,-24957814629.19,6606.29,14160.36,10.28
1250000.00,631688592627.38,-362072833921.62,-24957289993.16,6595.46,14166.58,10.71
1300000.00,632018094786.10,-361364349865.93,-24956743868.36,6584.62,14172.79,11.14
1350000.00,632347054556.99,-360655555692.75,-24956176249.48,6573.76,14178.98,11.57
1400000.00,632675471508.91,-359946451925.50,-24955587131.26,6562.90,14185.17,12.00
1450000.00,633003345211.52,-359237039088.29,-24954976508.44,6552.03,14191.35,12.43
1500000.00,633330675235.20,-358527317705.93,-24954344375.77,6541.16,14197.51,12.86
1550000.00,633657461151.16,-357817288303.92,-24953690727.99,6530.27,14203.67,13.29
1600000.00,633983702531.35,-357106951408.48,-24953015559.87,6519.37,14209.81,13.72
1650000.00,634309398948.52,-356396307546.57,-24952318866.16,6508.47,14215.95,14.15
1700000.00,634634549976.19,-355685357245.85,-24951600641.61,6497.56,14222.07,14.58
1750000.00,634959155188.63,-354974101034.73,-24950860880.99,6486.64,14228.18,15.01
1800000.00,635283214160.90,-354262539442.34,-24950099579.05,6475.71,14234.29,15.44
1850000.00,635606726468.82,-353550672998.59,-24949316730.56,6464.77,14240.38,15.87
1900000.00,635929691688.98,-352838502234.12,-24948512330.29,6453.83,14246.46,16.30
1950000.00,636252109398.69,-352126027680.34,-24947686373.03,6442.87,14252.53,16.73
2000000.00,636573979176.03,-351413249869.43,-24946838853.57,6431.91,14258.59,17.17
2050000.00,636895300599.84,-350700169334.35,-24945969766.76,6420.94,14264.64,17.60
2100000.00,637216073249.67,-349986786608.84,-24945079107.43,6409.96,14270.68,18.03
2150000.00,637536296705.81,-349273102227.41,-24944166870.50,6398.97,14276.70,18.46
2200000.00,637855970549.32,-348559116725.38,-24943233050.89,6387.97,14282.72,18.89
2250000.00,638175094361.93,-347844830638.87,-24942277643.59,6376.97,14288.73,19.32
2300000.00,638493667726.14,-347130244504.80,-24941300643.66,6365.95,14294.72,19.76
2350000.00,638811690225.16,-346415358860.92,-24940302046.20,6354.93,14300.71,20.19
2400000.00,639129161442.91,-345700174245.77,-24939281846.41,6343.90,14306.68,20.62
2450000.00,639446080964.06,-344984691198.76,-24938240039.55,6332.87,14312.64,21.05
2500000.00,639762448373.99,-344268910260.08,-24937176621.00,6321.82,14318.60,21.48
2550000.00,640078263258.81,-343552831970.80,-24936091586.20,6310.76,14324.54,21.92
2600000.00,640393525205.35,-342836456872.83,-24934984930.72,6299.70,14330.47,22.35
2650000.00,640708233801.20,-342119785508.90,-24933856650.22,6288.63,14336.39,22.78
2700000.00,641022388634.66,-341402818422.64,-24932706740.48,6277.55,14342.30,23.21
2750000.00,641335989294.79,-340685556158.51,-24931535197.40,6266.46,14348.20,23.65
2800000.00,641649035371.39,-339967999261.86,-24930342017.00,6255.37,14354.08,24.08
2850000.00,641961526455.03,-339250148278.89,-24929127195.41,6244.26,14359.96,24.51
2900000.00,642273462137.04,-338532003756.70,-24927890728.90,6233.15,14365.83,24.95
2950000.00,642584842009.52,-337813566243.25,-24926632613.85,6222.03,14371.68,25.38
3000000.00,642895665665.36,-337094836287.39,-24925352846.78,6210.90,14377.52,25.81
3050000.00,643205932698.23,-336375814438.85,-24924051424.31,6199.77,14383.36,26.25
3100000.00,643515642702.60,-335656501248.26,-24922728343.20,6188.62,14389.18,26.68
3150000.00,643824795273.77,-334936897267.12,-24921383600.32,6177.47,14394.99,27.11
3200000.00,644133390007.82,-334217003047.81,-24920017192.64,6166.31,14400.79,27.55
3250000.00,644441426501.69,-333496819143.62,-24918629117.27,6155.14,14406.57,27.98
3300000.00,644748904353.13,-332776346108.69,-24917219371.40,6143.96,14412.35,28.41
3350000.00,645055823160.74,-332055584498.07,-24915787952.32,6132.78,14418.12,28.85
3400000.00,645362182523.98,-331334534867.67,-24914334857.41,6121.58,14423.87,29.28
3450000.00,645667982043.13,-330613197774.29,-24912860084.16,6110.38,14429.62,29.71
3500000.00,645973221319.37,-329891573775.57,-24911363630.11,6099.17,14435.35,30.15
3550000.00,646277899954.74,-329169663430.04,-24909845492.90,6087.96,14441.07,30.58
3600000.00,646582017552.13,-328447467297.09,-24908305670.22,6076.73,14446.78,31.01
3650000.00,646885573715.33,-327724985936.94,-24906744159.83,6065.50,14452.48,31.45
3700000.00,647188568048.99,-327002219910.68,-24905160959.55,6054.26,14458.17,31.88
3750000.00,647491000158.67,-326279169780.24,-24903556067.24,6043.01,14463.84,32.31
3800000.00,647792869650.79,-325555836108.37,-24901929480.82,6031.76,14469.51,32.75
3850000.00,648094176132.68,-324832219458.67,-24900281198.22,6020.49,14475.16,33.18
3900000.00,648394919212.54,-324108320395.55,-24898611217.44,6009.22,14480.80,33.62
3950000.00,648695098499.50,-323384139484.24,-24896919536.49,5997.94,14486.44,34.05
4000000.00,648994713603.54,-322659677290.78,-24895206153.41,5986.65,14492.06,34.48
4050000.00,649293764135.55,-321934934382.02,-24893471066.27,5975.36,14497.66,34.92
4100000.00,649592249707.32,-321209911325.60,-24891714273.14,5964.05,14503.26,35.35
4150000.00,649890169931.54,-320484608689.95,-24889935772.12,5952.74,14508.85,35.79
4200000.00,650187524421.77,-319759027044.32,-24888135561.33,5941.42,14514.42,36.22
4250000.00,650484312792.49,-319033166958.68,-24886313638.89,5930.10,14519.99,36.66
4300000.00,650780534659.05,-318307029003.84,-24884470002.92,5918.76,14525.54,37.09
4350000.00,651076189637.73,-317580613751.34,-24882604651.57,5907.42,14531.08,37.52
4400000.00,651371277345.67,-316853921773.50,-24880717582.98,5896.07,14536.61,37.96
4450000.00,651665797400.90,-316126953643.40,-24878808795.29,5884.72,14542.12,38.39
4500000.00,651959749422.37,-315399709934.88,-24876878286.68,5873.35,14547.63,38.83
4550000.00,652253133029.90,-314672191222.52,-24874926055.28,5861.98,14553.12,39.26
4600000.00,652545947844.21,-313944398081.68,-24872952099.26,5850.60,14558.61,39.70
4650000.00,652838193486.89,-313216331088.42,-24870956416.79,5839.21,14564.08,40.13
4700000.00,653129869580.46,-312487990819.59,-24868939006.04,5827.82,14569.54,40.57
4750000.00,653420975748.29,-311759377852.74,-24866899865.16,5816.42,14574.99,41.00
4800000.00,653711511614.67,-311030492766.17,-24864838992.35,5805.01,14580.42,41.44
4850000.00,654001476804.75,-310301336138.92,-24862756385.77,5793.59,14585.85,41.87
4900000.00,654290870944.58,-309571908550.74,-24860652043.61,5782.16,14591.26,42.30
4950000.00,654579693661.12,-308842210582.12,-24858525964.05,5770.73,14596.66,42.74
5000000.00,654867944582.19,-308112242814.27,-24856378145.30,5759.29,14602.05,43.17
5050000.00,655155623336.50,-307382005829.12,-24854208585.55,5747.85,14607.43,43.61
5100000.00,655442729553.68,-306651500209.32,-24852017283.00,5736.39,14612.80,44.04
5150000.00,655729262864.21,-305920726538.24,-24849804235.88,5724.93,14618.15,44.48
5200000.00,656015222899.49,-305189685399.95,-24847569442.41,5713.46,14623.50,44.91
5250000.00,656300609291.80,-304458377379.24,-24845312900.83,5701.98,14628.83,45.35
5300000.00,656585421674.29,-303726803061.63,-24843034609.37,5690.50,14634.15,45.78
5350000.00,656869659681.05,-302994963033.30,-24840734566.29,5679.01,14639.46,46.22
5400000.00,657153322947.01,-302262857881.18,-24838412769.88,5667.51,14644.75,46.65
5450000.00,657436411108.04,-301530488192.88,-24836069218.40,5656.00,14650.04,47.09
5500000.00,657718923800.86,-300797854556.73,-24833703910.15,5644.49,14655.31,47.52
5550000.00,658000860663.11,-300064957561.74,-24831316843.45,5632.97,14660.57,47.96
5600000.00,658282221333.33,-299331797797.63,-24828908016.62,5621.44,14665.82,48.39
5650000.00,658563005450.94,-298598375854.82,-24826477428.01,5609.91,14671.06,48.83
5700000.00,658843212656.28,-297864692324.41,-24824025075.98,5598.37,14676.29,49.26
5750000.00,659122842590.56,-297130747798.21,-24821550958.91,5586.82,14681.50,49.70
5800000.00,659401894895.92,-296396542868.70,-24819055075.21,5575.26,14686.70,50.14
5850000.00,659680369215.38,-295662078129.08,-24816537423.28,5563.70,14691.89,50.57
5900000.00,659958265192.87,-294927354173.22,-24813998001.57,5552.13,14697.07,51.01
5950000.00,660235582473.24,-294192371595.67,-24811436808.54,5540.55,14702.24,51.44
6000000.00,660512320702.20,-293457130991.67,-24808853842.67,5528.97,14707.39,51.88
6050000.00,660788479526.43,-292721632957.15,-24806249102.47,5517.37,14712.53,52.31
6100000.00,661064058593.47,-291985878088.73,-24803622586.48,5505.78,14717.66,52.75
6150000.00,661339057551.79,-291249866983.68,-24800974293.24,5494.17,14722.78,53.18
6200000.00,661613476050.77,-290513600239.98,-24798304221.32,5482.56,14727.89,53.62
6250000.00,661887313740.70,-289777078456.26,-24795612369.35,5470.94,14732.98,54.06
6300000.00,662160570272.77,-289040302231.85,-24792898735.93,5459.31,14738.07,54.49
6350000.00,662433245299.12,-288303272166.73,-24790163319.74,5447.68,14743.14,54.93
6400000.00,662705338472.79,-287565988861.57,-24787406119.45,5436.04,14748.20,55.36
6450000.00,662976849447.72,-286828452917.71,-24784627133.77,5424.39,14753.24,55.80
6500000.00,663247777878.80,-286090664937.14,-24781826361.43,5412.74,14758.28,56.23
6550000.00,663518123421.82,-285352625522.55,-24779003801.22,5401.07,14763.30,56.67
6600000.00,663787885733.52,-284614335277.25,-24776159451.90,5389.41,14768.31,57.11
6650000.00,664057064471.53,-283875794805.25,-24773293312.33,5377.73,14773.31,57.54
6700000.00,664325659294.44,-283137004711.21,-24770405381.33,5366.05,14778.30,57.98
6750000.00,664593669861.75,-282397965600.45,-24767495657.80,5354.36,14783.27,58.41
6800000.00,664861095833.89,-281658678078.95,-24764564140.66,5342.67,14788.23,58.85
6850000.00,665127936872.24,-280919142753.34,-24761610828.84,5330.96,14793.18,59.28
6900000.00,665394192639.10,-280179360230.92,-24758635721.32,5319.25,14798.12,59.72
6950000.00,665659862797.70,-279439331119.64,-24755638817.10,5307.54,14803.05,60.16
7000000.00,665924947012.21,-278699056028.09,-24752620115.24,5295.82,14807.96,60.59
7050000.00,666189444947.74,-277958535565.52,-24749579614.78,5284.09,14812.86,61.03
7100000.00,666453356270.36,-277217770341.82,-24746517314.85,5272.35,14817.75,61.46
7150000.00,666716680647.05,-276476760967.54,-24743433214.56,5260.61,14822.63,61.90
7200000.00,666979417745.75,-275735508053.86,-24740327313.10,5248.86,14827.49,62.34
7250000.00,667241567235.35,-274994012212.61,-24737199609.66,5237.11,14832.34,62.77
7300000.00,667503128785.68,-274252274056.28,-24734050103.48,5225.34,14837.18,63.21
7350000.00,667764102067.50,-273510294197.96,-24730878793.82,5213.57,14842.01,63.64
7400000.00,668024486752.57,-272768073251.40,-24727685679.99,5201.80,14846.83,64.08
7450000.00,668284282513.55,-272025611831.00,-24724470761.32,5190.02,14851.63,64.52
7500000.00,668543489024.08,-271282910551.77,-24721234037.19,5178.23,14856.42,64.95
7550000.00,668802105958.76,-270539970029.37,-24717975506.99,5166.43,14861.20,65.39
7600000.00,669060132993.12,-269796790880.07,-24714695170.18,5154.63,14865.97,65.83
7650000.00,669317569803.68,-269053373720.79,-24711393026.21,5142.83,14870.72,66.26
7700000.00,669574416067.91,-268309719169.06,-24708069074.61,5131.01,14875.46,66.70
7750000.00,669830671464.23,-267565827843.06,-24704723314.92,5119.19,14880.19,67.13
7800000.00,670086335672.04,-266821700361.56,-24701355746.71,5107.36,14884.91,67.57
7850000.00,670341408371.69,-266077337343.97,-24697966369.61,5095.53,14889.61,68.01
7900000.00,670595889244.50,-265332739410.33,-24694555183.26,5083.69,14894.31,68.44
7950000.00,670849777972.78,-264587907181.27,-24691122187.36,5071.85,14898.99,68.88
8000000.00,671103074239.79,-263842841278.05,-24687667381.63,5059.99,14903.65,69.31
8050000.00,671355777729.76,-263097542322.56,-24684190765.82,5048.13,14908.31,69.75
8100000.00,671607888127.90,-262352010937.28,-24680692339.74,5036.27,14912.95,70.19
8150000.00,671859405120.39,-261606247745.29,-24677172103.21,5024.40,14917.58,70.62
8200000.00,672110328394.40,-260860253370.32,-24673630056.11,5012.52,14922.20,71.06
8250000.00,672360657638.07,-260114028436.66,-24670066198.34,5000.64,14926.80,71.50
8300000.00,672610392540.52,-259367573569.24,-24666480529.85,4988.75,14931.39,71.93
8350000.00,672859532791.84,-258620889393.56,-24662873050.61,4976.85,14935.97,72.37
8400000.00,673108078083.12,-257873976535.75,-24659243760.64,4964.95,14940.54,72.80
8450000.00,673356028106.44,-257126835622.52,-24655592659.99,4953.04,14945.10,73.24
8500000.00,673603382554.84,-256379467281.19,-24651919748.77,4941.13,14949.64,73.68
8550000.00,673850141122.37,-255631872139.65,-24648225027.09,4929.20,14954.17,74.11
8600000.00,674096303504.06,-254884050826.42,-24644508495.11,4917.28,14958.69,74.55
8650000.00,674341869395.95,-254136003970.57,-24640770153.06,4905.34,14963.19,74.99
8700000.00,674586838495.04,-253387732201.78,-24637010001.16,4893.41,14967.68,75.42
8750000.00,674831210499.35,-252639236150.32,-24633228039.69,4881.46,14972.16,75.86
8800000.00,675074985107.88,-251890516447.04,-24629424268.97,4869.51,14976.63,76.29
8850000.00,675318162020.64,-251141573723.37,-24625598689.36,4857.55,14981.08,76.73
8900000.00,675560740938.63,-250392408611.32,-24621751301.25,4845.59,14985.52,77.17
8950000.00,675802721563.87,-249643021743.47,-24617882105.06,4833.62,14989.95,77.60
9000000.00,676044103599.34,-248893413753.00,-24613991101.28,4821.65,14994.37,78.04
9050000.00,676284886749.07,-248143585273.64,-24610078290.39,4809.67,14998.77,78.47
9100000.00,676525070718.06,-247393536939.70,-24606143672.96,4797.68,15003.16,78.91
9150000.00,676764655212.34,-246643269386.08,-24602187249.55,4785.69,15007.54,79.35
9200000.00,677003639938.94,-245892783248.22,-24598209020.80,4773.69,15011.91,79.78
9250000.00,677242024605.90,-245142079162.13,-24594208987.36,4761.68,15016.26,80.22
9300000.00,677479808922.26,-244391157764.39,-24590187149.93,4749.67,15020.60,80.66
9350000.00,677716992598.09,-243640019692.16,-24586143509.24,4737.66,15024.93,81.09
9400000.00,677953575344.47,-242888665583.13,-24582078066.08,4725.64,15029.24,81.53
9450000.00,678189556873.49,-242137096075.56,-24577990821.26,4713.61,15033.54,81.96
9500000.00,678424936898.26,-241385311808.26,-24573881775.62,4701.58,15037.83,82.40
9550000.00,678659715132.90,-240633313420.62,-24569750930.07,4689.54,15042.11,82.84
9600000.00,678893891292.57,-239881101552.54,-24565598285.53,4677.49,15046.37,83.27
9650000.00,679127465093.43,-239128676844.50,-24561423842.96,4665.44,15050.62,83.71
9700000.00,679360436252.67,-238376039937.51,-24557227603.39,4653.39,15054.86,84.14
9750000.00,679592804488.52,-237623191473.15,-24553009567.84,4641.33,15059.08,84.58
9800000.00,679824569520.21,-236870132093.50,-24548769737.42,4629.26,15063.29,85.01
9850000.00,680055731068.01,-236116862441.22,-24544508113.24,4617.19,15067.49,85.45
9900000.00,680286288853.22,-235363383159.50,-24540224696.47,4605.11,15071.68,85.89
9950000.00,680516242598.18,-234609694892.06,-24535919488.31,4593.03,15075.85,86.32
