0.00,644067776869.37,-384020853535.75,-12721822892.23,1152.32,18061.96,0.00
50000.00,644125135216.48,-383117608509.47,-12721818080.92,1142.00,18067.81,0.19
100000.00,644181979231.58,-382214078231.15,-12721804294.10,1131.83,18073.34,0.35
150000.00,644238325949.04,-381310269827.13,-12721782786.83,1122.00,18079.10,0.52
200000.00,644294175085.87,-380406165353.05,-12721752157.07,1111.93,18085.10,0.71
250000.00,644349517864.29,-379501760406.75,-12721711652.67,1101.76,18091.11,0.91
300000.00,644404351062.40,-378597054955.96,-12721661126.16,1091.55,18097.12,1.11
350000.00,644458673035.31,-377692049193.81,-12721600525.32,1081.31,18103.12,1.31
400000.00,644512482587.68,-376786743308.58,-12721529819.73,1071.05,18109.12,1.52
450000.00,644565778684.88,-375881137483.94,-12721448986.15,1060.78,18115.12,1.72
500000.00,644618560359.70,-374975231906.04,-12721358004.31,1050.48,18121.11,1.92
550000.00,644670826676.49,-374069026766.68,-12721256855.34,1040.16,18127.10,2.12
600000.00,644722576715.55,-373162522264.15,-12721145521.17,1029.83,18133.09,2.33
650000.00,644773809565.67,-372255718603.08,-12721023984.12,1019.47,18139.07,2.53
700000.00,644824524320.25,-371348615994.00,-12720892226.81,1009.10,18145.04,2.74
750000.00,644874720075.18,-370441214652.73,-12720750232.00,998.71,18151.02,2.94
800000.00,644924395927.62,-369533514799.93,-12720597982.56,988.31,18156.98,3.15
850000.00,644973550975.24,-368625516660.58,-12720435461.42,977.88,18162.95,3.35
900000.00,645022184315.77,-367717220463.65,-12720262651.58,967.44,18168.91,3.56
950000.00,645070295046.71,-366808626441.75,-12720079536.04,956.98,18174.86,3.77
1000000.00,645117882265.11,-365899734830.85,-12719886097.82,946.50,18180.81,3.97
1050000.00,645164945067.45,-364990545870.13,-12719682319.97,936.00,18186.75,4.18
1100000.00,645211482549.52,-364081059801.74,-12719468185.51,925.49,18192.69,4.39
1150000.00,645257493806.40,-363171276870.68,-12719243677.49,914.95,18198.63,4.59
1200000.00,645302977932.34,-362261197324.68,-12719008778.92,904.40,18204.56,4.80
1250000.00,645347934020.82,-361350821414.10,-12718763472.85,893.83,18210.48,5.01
1300000.00,645392361164.43,-360440149391.84,-12718507742.28,883.24,18216.40,5.22
1350000.00,645436258454.92,-359529181513.29,-12718241570.22,872.64,18222.32,5.43
1400000.00,645479624983.14,-358617918036.27,-12717964939.67,862.01,18228.23,5.64
1450000.00,645522459839.07,-357706359220.96,-12717677833.61,851.37,18234.13,5.85
1500000.00,645564762111.78,-356794505329.90,-12717380235.00,840.71,18240.03,6.06
1550000.00,645606530889.43,-355882356627.91,-12717072126.82,830.03,18245.92,6.27
1600000.00,645647765259.28,-354969913382.11,-12716753492.00,819.33,18251.81,6.48
1650000.00,645688464307.69,-354057175861.87,-12716424313.48,808.62,18257.69,6.69
1700000.00,645728627120.09,-353144144338.81,-12716084574.17,797.88,18263.57,6.90
1750000.00,645768252781.03,-352230819086.76,-12715734256.98,787.13,18269.44,7.11
1800000.00,645807340374.11,-351317200381.77,-12715373344.80,776.36,18275.31,7.32
1850000.00,645845888982.05,-350403288502.08,-12715001820.50,765.57,18281.17,7.54
1900000.00,645883897686.64,-349489083728.14,-12714619666.96,754.76,18287.03,7.75
1950000.00,645921365568.79,-348574586342.59,-12714226867.00,743.94,18292.87,7.96
2000000.00,645958291708.48,-347659796630.23,-12713823403.48,733.09,18298.72,8.18
2050000.00,645994675184.79,-346744714878.06,-12713409259.21,722.23,18304.56,8.39
2100000.00,646030515075.91,-345829341375.25,-12712984416.99,711.35,18310.39,8.60
2150000.00,646065810459.14,-344913676413.16,-12712548859.61,700.45,18316.21,8.82
2200000.00,646100560410.85,-343997720285.31,-12712102569.86,689.53,18322.04,9.03
2250000.00,646134764006.56,-343081473287.41,-12711645530.49,678.60,18327.85,9.25
2300000.00,646168420320.87,-342164935717.32,-12711177724.25,667.64,18333.66,9.46
2350000.00,646201528427.52,-341248107875.13,-12710699133.88,656.67,18339.46,9.68
2400000.00,646234087399.34,-340330990063.06,-12710209742.10,645.68,18345.26,9.90
2450000.00,646266096308.31,-339413582585.55,-12709709531.61,634.67,18351.05,10.11
2500000.00,646297554225.52,-338495885749.22,-12709198485.10,623.64,18356.83,10.33
2550000.00,646328460221.18,-337577899862.86,-12708676585.26,612.59,18362.61,10.55
2600000.00,646358813364.66,-336659625237.49,-12708143814.75,601.52,18368.38,10.76
2650000.00,646388612724.43,-335741062186.31,-12707600156.22,590.44,18374.15,10.98
2700000.00,646417857368.13,-334822211024.71,-12707045592.30,579.33,18379.91,11.20
2750000.00,646446546362.54,-333903072070.31,-12706480105.63,568.21,18385.66,11.42
2800000.00,646474678773.57,-332983645642.94,-12705903678.80,557.07,18391.40,11.64
2850000.00,646502253666.29,-332063932064.65,-12705316294.42,545.91,18397.14,11.86
2900000.00,646529270104.95,-331143931659.69,-12704717935.08,534.73,18402.88,12.08
2950000.00,646555727152.93,-330223644754.56,-12704108583.33,523.54,18408.60,12.30
3000000.00,646581623872.80,-329303071678.00,-12703488221.74,512.32,18414.32,12.52
3050000.00,646606959326.26,-328382212760.97,-12702856832.86,501.08,18420.04,12.74
3100000.00,646631732574.23,-327461068336.68,-12702214399.20,489.83,18425.74,12.96
3150000.00,646655942676.79,-326539638740.59,-12701560903.30,478.56,18431.44,13.18
3200000.00,646679588693.19,-325617924310.43,-12700896327.65,467.27,18437.14,13.40
3250000.00,646702669681.88,-324695925386.18,-12700220654.75,455.96,18442.82,13.62
3300000.00,646725184700.51,-323773642310.09,-12699533867.08,444.63,18448.50,13.85
3350000.00,646747132805.91,-322851075426.69,-12698835947.10,433.28,18454.18,14.07
3400000.00,646768513054.12,-321928225082.78,-12698126877.28,421.91,18459.84,14.29
3450000.00,646789324500.38,-321005091627.46,-12697406640.05,410.53,18465.50,14.52
3500000.00,646809566199.14,-320081675412.12,-12696675217.84,399.12,18471.15,14.74
3550000.00,646829237204.08,-319157976790.43,-12695932593.07,387.70,18476.80,14.96
3600000.00,646848336568.09,-318233996118.41,-12695178748.15,376.26,18482.43,15.19
3650000.00,646866863343.28,-317309733754.34,-12694413665.46,364.80,18488.06,15.41
3700000.00,646884816580.99,-316385190058.87,-12693637327.41,353.32,18493.69,15.64
3750000.00,646902195331.81,-315460365394.93,-12692849716.34,341.82,18499.30,15.87
3800000.00,646918998645.56,-314535260127.82,-12692050814.63,330.30,18504.91,16.09
3850000.00,646935225571.30,-313609874625.16,-12691240604.62,318.76,18510.51,16.32
3900000.00,646950875157.35,-312684209256.91,-12690419068.64,307.21,18516.11,16.54
3950000.00,646965946451.29,-311758264395.40,-12689586189.03,295.63,18521.69,16.77
4000000.00,646980438499.94,-310832040415.30,-12688741948.09,284.04,18527.27,17.00
4050000.00,646994350349.41,-309905537693.66,-12687886328.12,272.42,18532.84,17.23
4100000.00,647007681045.06,-308978756609.90,-12687019311.42,260.79,18538.41,17.45
4150000.00,647020429631.55,-308051697545.81,-12686140880.27,249.14,18543.96,17.68
4200000.00,647032595152.80,-307124360885.58,-12685251016.94,237.47,18549.51,17.91
4250000.00,647044176652.03,-306196747015.78,-12684349703.68,225.78,18555.05,18.14
4300000.00,647055173171.74,-305268856325.38,-12683436922.75,214.07,18560.58,18.37
4350000.00,647065583753.76,-304340689205.76,-12682512656.38,202.34,18566.11,18.60
4400000.00,647075407439.19,-303412246050.73,-12681576886.80,190.59,18571.62,18.83
4450000.00,647084643268.45,-302483527256.48,-12680629596.22,178.83,18577.13,19.06
4500000.00,647093290281.29,-301554533221.66,-12679670766.86,167.04,18582.63,19.29
4550000.00,647101347516.75,-300625264347.35,-12678700380.91,155.23,18588.13,19.52
4600000.00,647108814013.24,-299695721037.05,-12677718420.57,143.41,18593.61,19.76
4650000.00,647115688808.46,-298765903696.74,-12676724867.99,131.57,18599.09,19.99
4700000.00,647121970939.48,-297835812734.82,-12675719705.37,119.70,18604.56,20.22
4750000.00,647127659442.69,-296905448562.18,-12674702914.84,107.82,18610.02,20.45
4800000.00,647132753353.85,-295974811592.15,-12673674478.57,95.92,18615.47,20.69
4850000.00,647137251708.08,-295043902240.56,-12672634378.69,84.00,18620.91,20.92
4900000.00,647141153539.83,-294112720925.70,-12671582597.34,72.06,18626.35,21.15
4950000.00,647144457882.95,-293181268068.38,-12670519116.63,60.10,18631.77,21.39
5000000.00,647147163770.65,-292249544091.87,-12669443918.67,48.12,18637.19,21.62
5050000.00,647149270235.53,-291317549421.97,-12668356985.58,36.12,18642.60,21.86
5100000.00,647150776309.57,-290385284486.97,-12667258299.45,24.11,18648.00,22.09
5150000.00,647151681024.14,-289452749717.68,-12666147842.36,12.07,18653.39,22.33
5200000.00,647151983410.03,-288519945547.46,-12665025596.40,0.01,18658.78,22.56
5250000.00,647151682497.40,-287586872412.15,-12663891543.63,-12.06,18664.15,22.80
5300000.00,647150777315.85,-286653530750.18,-12662745666.11,-24.16,18669.52,23.04
5350000.00,647149266894.39,-285719921002.49,-12661587945.91,-36.27,18674.88,23.27
5400000.00,647147150261.47,-284786043612.58,-12660418365.06,-48.41,18680.22,23.51
5450000.00,647144426444.93,-283851899026.51,-12659236905.60,-60.56,18685.56,23.75
5500000.00,647141094472.10,-282917487692.90,-12658043549.57,-72.73,18690.89,23.99
5550000.00,647137153369.72,-281982810062.96,-12656838279.00,-84.93,18696.22,24.22
5600000.00,647132602163.99,-281047866590.46,-12655621075.88,-97.14,18701.53,24.46
5650000.00,647127439880.58,-280112657731.75,-12654391922.25,-109.37,18706.83,24.70
5700000.00,647121665544.60,-279177183945.80,-12653150800.09,-121.62,18712.12,24.94
5750000.00,647115278180.66,-278241445694.15,-12651897691.40,-133.89,18717.41,25.18
5800000.00,647108276812.83,-277305443440.97,-12650632578.17,-146.18,18722.68,25.42
5850000.00,647100660464.67,-276369177653.03,-12649355442.39,-158.49,18727.95,25.66
5900000.00,647092428159.23,-275432648799.72,-12648066266.02,-170.82,18733.21,25.90
5950000.00,647083578919.07,-274495857353.07,-12646765031.04,-183.17,18738.45,26.15
6000000.00,647074111766.24,-273558803787.73,-12645451719.41,-195.53,18743.69,26.39
6050000.00,647064025722.32,-272621488580.99,-12644126313.08,-207.92,18748.92,26.63
6100000.00,647053319808.40,-271683912212.81,-12642788794.01,-220.33,18754.14,26.87
6150000.00,647041993045.10,-270746075165.79,-12641439144.15,-232.76,18759.35,27.11
6200000.00,647030044452.58,-269807977925.18,-12640077345.42,-245.20,18764.55,27.36
6250000.00,647017473050.54,-268869620978.91,-12638703379.77,-257.67,18769.74,27.60
6300000.00,647004277858.22,-267931004817.59,-12637317229.12,-270.15,18774.91,27.85
6350000.00,646990457894.44,-266992129934.52,-12635918875.40,-282.66,18780.08,28.09
6400000.00,646976012177.55,-266052996825.66,-12634508300.52,-295.18,18785.24,28.33
6450000.00,646960939725.50,-265113605989.69,-12633085486.40,-307.73,18790.39,28.58
6500000.00,646945239555.82,-264173957927.99,-12631650414.95,-320.29,18795.53,28.82
6550000.00,646928910685.61,-263234053144.64,-12630203068.06,-332.88,18800.66,29.07
6600000.00,646911952131.57,-262293892146.45,-12628743427.65,-345.48,18805.78,29.32
6650000.00,646894362910.01,-261353475442.94,-12627271475.60,-358.10,18810.89,29.56
6700000.00,646876142036.85,-260412803546.37,-12625787193.81,-370.75,18815.99,29.81
6750000.00,646857288527.62,-259471876971.74,-12624290564.17,-383.41,18821.08,30.06
6800000.00,646837801397.47,-258530696236.79,-12622781568.55,-396.09,18826.16,30.30
6850000.00,646817679661.21,-257589261861.99,-12621260188.84,-408.79,18831.22,30.55
6900000.00,646796922333.26,-256647574370.60,-12619726406.91,-421.52,18836.28,30.80
6950000.00,646775528427.71,-255705634288.63,-12618180204.64,-434.26,18841.33,31.05
7000000.00,646753496958.30,-254763442144.86,-12616621563.89,-447.02,18846.36,31.30
7050000.00,646730826938.43,-253820998470.84,-12615050466.54,-459.80,18851.39,31.55
7100000.00,646707517381.20,-252878303800.93,-12613466894.44,-472.60,18856.40,31.80
7150000.00,646683567299.35,-251935358672.25,-12611870829.47,-485.42,18861.41,32.05
7200000.00,646658975705.34,-250992163624.73,-12610262253.47,-498.26,18866.40,32.30
7250000.00,646633741611.32,-250048719201.12,-12608641148.30,-511.12,18871.38,32.55
7300000.00,646607864029.15,-249105025946.96,-12607007495.82,-524.00,18876.35,32.80
7350000.00,646581341970.41,-248161084410.61,-12605361277.89,-536.90,18881.31,33.05
7400000.00,646554174446.38,-247216895143.27,-12603702476.34,-549.82,18886.26,33.30
7450000.00,646526360468.10,-246272458698.96,-12602031073.03,-562.76,18891.20,33.55
7500000.00,646497899046.32,-245327775634.54,-12600347049.81,-575.72,18896.13,33.81
7550000.00,646468789191.58,-244382846509.70,-12598650388.52,-588.69,18901.04,34.06
7600000.00,646439029914.15,-243437671887.01,-12596941071.00,-601.69,18905.95,34.31
7650000.00,646408620224.06,-242492252331.87,-12595219079.11,-614.71,18910.84,34.57
7700000.00,646377559131.14,-241546588412.56,-12593484394.68,-627.75,18915.72,34.82
7750000.00,646345845644.98,-240600680700.23,-12591736999.55,-640.81,18920.59,35.08
7800000.00,646313478774.97,-239654529768.90,-12589976875.57,-653.88,18925.45,35.33
7850000.00,646280457530.32,-238708136195.48,-12588204004.58,-666.98,18930.30,35.59
7900000.00,646246780920.01,-237761500559.77,-12586418368.42,-680.10,18935.13,35.84
7950000.00,646212447952.89,-236814623444.46,-12584619948.93,-693.24,18939.96,36.10
8000000.00,646177457637.60,-235867505435.15,-12582808727.95,-706.39,18944.77,36.35
8050000.00,646141808982.64,-234920147120.34,-12580984687.33,-719.57,18949.57,36.61
8100000.00,646105500996.33,-233972549091.46,-12579147808.90,-732.77,18954.36,36.87
8150000.00,646068532686.88,-233024711942.86,-12577298074.52,-745.98,18959.13,37.12
8200000.00,646030903062.35,-232076636271.80,-12575435466.02,-759.22,18963.90,37.38
8250000.00,645992611130.65,-231128322678.51,-12573559965.25,-772.47,18968.65,37.64
8300000.00,645953655899.63,-230179771766.12,-12571671554.06,-785.75,18973.39,37.90
8350000.00,645914036376.97,-229230984140.75,-12569770214.30,-799.05,18978.12,38.16
8400000.00,645873751570.31,-228281960411.44,-12567855927.81,-812.36,18982.83,38.42
8450000.00,645832800487.16,-227332701190.21,-12565928676.45,-825.70,18987.54,38.67
8500000.00,645791182134.96,-226383207092.04,-12563988442.07,-839.05,18992.23,38.93
8550000.00,645748895521.11,-225433478734.89,-12562035206.54,-852.43,18996.91,39.19
8600000.00,645705939652.91,-224483516739.68,-12560068951.70,-865.82,19001.57,39.46
8650000.00,645662313537.65,-223533321730.35,-12558089659.42,-879.24,19006.23,39.72
8700000.00,645618016182.55,-222582894333.79,-12556097311.56,-892.67,19010.87,39.98
8750000.00,645573046594.81,-221632235179.92,-12554091890.00,-906.13,19015.50,40.24
8800000.00,645527403781.62,-220681344901.66,-12552073376.59,-919.60,19020.11,40.50
8850000.00,645481086750.15,-219730224134.93,-12550041753.23,-933.10,19024.72,40.76
8900000.00,645434094507.57,-218778873518.66,-12547997001.78,-946.61,19029.31,41.03
8950000.00,645386426061.06,-217827293694.82,-12545939104.13,-960.14,19033.89,41.29
9000000.00,645338080417.83,-216875485308.41,-12543868042.15,-973.70,19038.45,41.55
9050000.00,645289056585.12,-215923449007.44,-12541783797.75,-987.27,19043.00,41.82
9100000.00,645239353570.19,-214971185442.99,-12539686352.82,-1000.87,19047.54,42.08
9150000.00,645188970380.38,-214018695269.17,-12537575689.26,-1014.48,19052.07,42.35
9200000.00,645137906023.07,-213065979143.14,-12535451788.96,-1028.11,19056.58,42.61
9250000.00,645086159505.73,-212113037725.13,-12533314633.84,-1041.77,19061.08,42.88
9300000.00,645033729835.88,-211159871678.43,-12531164205.82,-1055.44,19065.57,43.14
9350000.00,644980616021.17,-210206481669.40,-12529000486.80,-1069.13,19070.04,43.41
9400000.00,644926817069.34,-209252868367.47,-12526823458.73,-1082.84,19074.50,43.67
9450000.00,644872331988.23,-208299032445.16,-12524633103.53,-1096.58,19078.94,43.94
9500000.00,644817159785.82,-207344974578.07,-12522429403.13,-1110.33,19083.37,44.21
9550000.00,644761299470.22,-206390695444.92,-12520212339.49,-1124.10,19087.79,44.48
9600000.00,644704750049.68,-205436195727.49,-12517981894.54,-1137.89,19092.20,44.74
9650000.00,644647510532.63,-204481476110.68,-12515738050.26,-1151.70,19096.59,45.01
9700000.00,644589579927.63,-203526537282.52,-12513480788.60,-1165.54,19100.97,45.28
9750000.00,644530957243.44,-202571379934.14,-12511210091.53,-1179.39,19105.33,45.55
9800000.00,644471641489.02,-201616004759.78,-12508925941.03,-1193.26,19109.68,45.82
9850000.00,644411631673.51,-200660412456.83,-12506628319.09,-1207.15,19114.01,46.09
9900000.00,644350926806.27,-199704603725.80,-12504317207.71,-1221.06,19118.34,46.36
9950000.00,644289525896.88,-198748579270.35,-12501992588.88,-1234.99,19122.64,46.63
