0.00,643912586955.80,-414067598318.36,-19653038393.21,4897.77,11378.00,0.00
50000.00,644157237752.86,-413498545748.46,-19653031124.81,4888.25,11384.11,0.29
100000.00,644401412488.57,-412929187516.61,-19653009315.83,4878.73,11390.22,0.58
150000.00,644645110792.12,-412359523922.19,-19652972960.59,4869.19,11396.33,0.87
200000.00,644888332292.60,-411789555264.91,-19652922053.40,4859.65,11402.42,1.16
250000.00,645131076618.99,-411219281844.86,-19652856588.50,4850.11,11408.52,1.46
300000.00,645373343400.19,-410648703962.46,-19652776560.12,4840.55,11414.60,1.75
350000.00,645615132264.97,-410077821918.51,-19652681962.46,4830.99,11420.68,2.04
400000.00,645856442842.05,-409506636014.15,-19652572789.70,4821.42,11426.76,2.33
450000.00,646097274760.02,-408935146550.92,-19652449035.99,4811.84,11432.83,2.62
500000.00,646337627647.39,-408363353830.70,-19652310695.45,4802.26,11438.89,2.91
550000.00,646577501132.58,-407791258155.78,-19652157762.19,4792.67,11444.94,3.20
600000.00,646816894843.92,-407218859828.81,-19651990230.30,4783.07,11450.99,3.50
650000.00,647055808409.66,-406646159152.84,-19651808093.85,4773.46,11457.04,3.79
700000.00,647294241457.93,-406073156431.32,-19651611346.89,4763.85,11463.08,4.08
750000.00,647532193616.81,-405499851968.10,-19651399983.44,4754.23,11469.11,4.37
800000.00,647769664514.26,-404926246067.42,-19651173997.54,4744.60,11475.13,4.67
850000.00,648006653778.17,-404352339033.95,-19650933383.20,4734.96,11481.15,4.96
900000.00,648243161036.35,-403778131172.78,-19650678134.41,4725.32,11487.17,5.25
950000.00,648479185916.50,-403203622789.43,-19650408245.18,4715.67,11493.17,5.54
1000000.00,648714728046.26,-402628814189.85,-19650123709.47,4706.01,11499.18,5.84
1050000.00,648949787053.19,-402053705680.42,-19649824521.29,4696.34,11505.17,6.13
1100000.00,649184362564.77,-401478297567.99,-19649510674.60,4686.67,11511.16,6.42
1150000.00,649418454208.39,-400902590159.85,-19649182163.40,4676.99,11517.14,6.72
1200000.00,649652061611.41,-400326583763.75,-19648838981.66,4667.30,11523.12,7.01
1250000.00,649885184401.08,-399750278687.92,-19648481123.38,4657.60,11529.09,7.30
1300000.00,650117822204.62,-399173675241.06,-19648108582.55,4647.90,11535.05,7.60
1350000.00,650349974649.19,-398596773732.33,-19647721353.18,4638.19,11541.01,7.89
1400000.00,650581641361.89,-398019574471.41,-19647319429.31,4628.47,11546.96,8.19
1450000.00,650812821969.81,-397442077768.45,-19646902804.96,4618.74,11552.91,8.48
1500000.00,651043516099.97,-396864283934.10,-19646471474.20,4609.01,11558.85,8.77
1550000.00,651273723379.38,-396286193279.49,-19646025431.11,4599.27,11564.78,9.07
1600000.00,651503443435.05,-395707806116.29,-19645564669.80,4589.52,11570.71,9.36
1650000.00,651732675893.95,-395129122756.62,-19645089184.40,4579.77,11576.63,9.66
1700000.00,651961420383.07,-394550143513.14,-19644598969.07,4570.00,11582.54,9.95
1750000.00,652189676529.39,-393970868699.01,-19644094018.01,4560.23,11588.45,10.25
1800000.00,652417443959.93,-393391298627.86,-19643574325.45,4550.45,11594.35,10.54
1850000.00,652644722301.69,-392811433613.85,-19643039885.63,4540.67,11600.25,10.84
1900000.00,652871511181.75,-392231273971.61,-19642490692.86,4530.88,11606.14,11.13
1950000.00,653097810227.19,-391650820016.29,-19641926741.47,4521.08,11612.02,11.43
2000000.00,653323619065.13,-391070072063.50,-19641348025.82,4511.27,11617.90,11.72
2050000.00,653548937322.75,-390489030429.34,-19640754540.31,4501.45,11623.77,12.02
2100000.00,653773764627.29,-389907695430.40,-19640146279.38,4491.63,11629.63,12.31
2150000.00,653998100606.01,-389326067383.71,-19639523237.49,4481.80,11635.49,12.61
2200000.00,654221944886.24,-388744146606.79,-19638885409.17,4471.96,11641.34,12.90
2250000.00,654445297095.39,-388161933417.62,-19638232788.94,4462.12,11647.19,13.20
2300000.00,654668156860.89,-387579428134.61,-19637565371.37,4452.26,11653.03,13.50
2350000.00,654890523810.25,-386996631076.63,-19636883151.06,4442.40,11658.86,13.79
2400000.00,655112397571.03,-386413542563.00,-19636186122.63,4432.54,11664.69,14.09
2450000.00,655333777770.86,-385830162913.46,-19635474280.75,4422.66,11670.51,14.39
2500000.00,655554664037.41,-385246492448.20,-19634747620.08,4412.78,11676.32,14.68
2550000.00,655775055998.40,-384662531487.80,-19634006135.34,4402.89,11682.12,14.98
2600000.00,655994953281.62,-384078280353.30,-19633249821.23,4392.99,11687.93,15.27
2650000.00,656214355514.88,-383493739366.13,-19632478672.51,4383.09,11693.72,15.57
2700000.00,656433262326.06,-382908908848.15,-19631692683.92,4373.17,11699.51,15.87
2750000.00,656651673343.07,-382323789121.63,-19630891850.24,4363.25,11705.29,16.17
2800000.00,656869588193.85,-381738380509.24,-19630076166.26,4353.33,11711.06,16.46
2850000.00,657087006506.39,-381152683334.06,-19629245626.78,4343.39,11716.83,16.76
2900000.00,657303927908.70,-380566697919.56,-19628400226.60,4333.45,11722.59,17.06
2950000.00,657520352028.81,-379980424589.64,-19627539960.55,4323.50,11728.35,17.35
3000000.00,657736278494.79,-379393863668.58,-19626664823.45,4313.55,11734.10,17.65
3050000.00,657951706934.73,-378807015481.06,-19625774810.13,4303.58,11739.84,17.95
3100000.00,658166636976.72,-378219880352.16,-19624869915.43,4293.61,11745.57,18.25
3150000.00,658381068248.87,-377632458607.37,-19623950134.20,4283.63,11751.30,18.54
3200000.00,658595000379.30,-377044750572.55,-19623015461.27,4273.64,11757.02,18.84
3250000.00,658808432996.14,-376456756574.00,-19622065891.49,4263.65,11762.74,19.14
3300000.00,659021365727.53,-375868476938.38,-19621101419.71,4253.65,11768.45,19.44
3350000.00,659233798201.58,-375279911992.77,-19620122040.77,4243.64,11774.15,19.74
3400000.00,659445730046.44,-374691062064.64,-19619127749.53,4233.62,11779.85,20.04
3450000.00,659657160890.22,-374101927481.86,-19618118540.83,4223.60,11785.54,20.33
3500000.00,659868090361.03,-373512508572.72,-19617094409.51,4213.57,11791.22,20.63
3550000.00,660078518086.99,-372922805665.88,-19616055350.41,4203.53,11796.90,20.93
3600000.00,660288443696.18,-372332819090.43,-19615001358.38,4193.48,11802.57,21.23
3650000.00,660497866816.67,-371742549175.86,-19613932428.25,4183.43,11808.23,21.53
3700000.00,660706787076.54,-371151996252.06,-19612848554.85,4173.37,11813.89,21.83
3750000.00,660915204103.83,-370561160649.33,-19611749733.02,4163.30,11819.54,22.13
3800000.00,661123117526.55,-369970042698.38,-19610635957.57,4153.22,11825.18,22.43
3850000.00,661330526972.71,-369378642730.34,-19609507223.34,4143.14,11830.82,22.72
3900000.00,661537432070.29,-368786961076.73,-19608363525.13,4133.05,11836.45,23.02
3950000.00,661743832447.24,-368194998069.52,-19607204857.76,4122.95,11842.07,23.32
4000000.00,661949727731.50,-367602754041.07,-19606031216.04,4112.85,11847.69,23.62
4050000.00,662155117550.97,-367010229324.17,-19604842594.78,4102.73,11853.30,23.92
4100000.00,662360001533.51,-366417424252.01,-19603638988.78,4092.61,11858.91,24.22
4150000.00,662564379307.00,-365824339158.23,-19602420392.83,4082.49,11864.50,24.52
4200000.00,662768250499.24,-365230974376.88,-19601186801.72,4072.35,11870.09,24.82
4250000.00,662971614738.04,-364637330242.44,-19599938210.25,4062.21,11875.68,25.12
4300000.00,663174471651.15,-364043407089.81,-19598674613.21,4052.06,11881.25,25.42
4350000.00,663376820866.32,-363449205254.32,-19597396005.36,4041.90,11886.82,25.72
4400000.00,663578662011.25,-362854725071.73,-19596102381.50,4031.73,11892.39,26.02
4450000.00,663779994713.61,-362259966878.25,-19594793736.39,4021.56,11897.94,26.32
4500000.00,663980818601.06,-361664931010.49,-19593470064.81,4011.38,11903.49,26.62
4550000.00,664181133301.22,-361069617805.53,-19592131361.52,4001.19,11909.04,26.92
4600000.00,664380938441.67,-360474027600.87,-19590777621.30,3991.00,11914.57,27.23
4650000.00,664580233649.97,-359878160734.45,-19589408838.90,3980.80,11920.10,27.53
4700000.00,664779018553.65,-359282017544.65,-19588025009.09,3970.59,11925.63,27.83
4750000.00,664977292780.21,-358685598370.29,-19586626126.62,3960.37,11931.14,28.13
4800000.00,665175055957.13,-358088903550.64,-19585212186.24,3950.15,11936.65,28.43
4850000.00,665372307711.85,-357491933425.41,-19583783182.73,3939.91,11942.16,28.73
4900000.00,665569047671.78,-356894688334.75,-19582339110.81,3929.67,11947.65,29.03
4950000.00,665765275464.32,-356297168619.28,-19580879965.26,3919.43,11953.14,29.33
5000000.00,665960990716.82,-355699374620.03,-19579405740.82,3909.17,11958.62,29.64
5050000.00,666156193056.61,-355101306678.52,-19577916432.23,3898.91,11964.10,29.94
5100000.00,666350882111.01,-354502965136.70,-19576412034.24,3888.64,11969.57,30.24
5150000.00,666545057507.30,-353904350336.98,-19574892541.61,3878.36,11975.03,30.54
5200000.00,666738718872.72,-353305462622.21,-19573357949.07,3868.08,11980.48,30.84
5250000.00,666931865834.52,-352706302335.70,-19571808251.38,3857.79,11985.93,31.15
5300000.00,667124498019.89,-352106869821.24,-19570243443.28,3847.49,11991.37,31.45
5350000.00,667316615056.02,-351507165423.04,-19568663519.51,3837.18,11996.81,31.75
5400000.00,667508216570.07,-350907189485.80,-19567068474.83,3826.87,12002.23,32.05
5450000.00,667699302189.17,-350306942354.66,-19565458303.98,3816.55,12007.65,32.35
5500000.00,667889871540.43,-349706424375.22,-19563833001.71,3806.22,12013.07,32.66
5550000.00,668079924250.94,-349105635893.55,-19562192562.76,3795.88,12018.48,32.96
5600000.00,668269459947.77,-348504577256.19,-19560536981.88,3785.54,12023.87,33.26
5650000.00,668458478257.97,-347903248810.12,-19558866253.83,3775.18,12029.27,33.57
5700000.00,668646978808.57,-347301650902.79,-19557180373.35,3764.83,12034.65,33.87
5750000.00,668834961226.58,-346699783882.15,-19555479335.19,3754.46,12040.03,34.17
5800000.00,669022425138.98,-346097648096.56,-19553763134.12,3744.09,12045.40,34.48
5850000.00,669209370172.74,-345495243894.89,-19552031764.88,3733.70,12050.77,34.78
5900000.00,669395795954.82,-344892571626.46,-19550285222.23,3723.32,12056.13,35.08
5950000.00,669581702112.14,-344289631641.07,-19548523500.92,3712.92,12061.48,35.39
6000000.00,669767088271.63,-343686424288.97,-19546746595.73,3702.52,12066.82,35.69
6050000.00,669951954060.19,-343082949920.90,-19544954501.40,3692.10,12072.16,35.99
6100000.00,670136299104.70,-342479208888.07,-19543147212.71,3681.69,12077.49,36.30
6150000.00,670320123032.03,-341875201542.14,-19541324724.42,3671.26,12082.81,36.60
6200000.00,670503425469.04,-341270928235.28,-19539487031.30,3660.83,12088.13,36.91
6250000.00,670686206042.55,-340666389320.11,-19537634128.13,3650.39,12093.43,37.21
6300000.00,670868464379.41,-340061585149.72,-19535766009.66,3639.94,12098.74,37.51
6350000.00,671050200106.43,-339456516077.70,-19533882670.69,3629.48,12104.03,37.82
6400000.00,671231412850.40,-338851182458.08,-19531984105.99,3619.02,12109.32,38.12
6450000.00,671412102238.10,-338245584645.41,-19530070310.34,3608.55,12114.60,38.43
6500000.00,671592267896.33,-337639722994.68,-19528141278.53,3598.07,12119.87,38.73
6550000.00,671771909451.84,-337033597861.39,-19526197005.35,3587.58,12125.14,39.04
6600000.00,671951026531.39,-336427209601.49,-19524237485.58,3577.09,12130.40,39.34
6650000.00,672129618761.72,-335820558571.44,-19522262714.01,3566.59,12135.65,39.65
6700000.00,672307685769.57,-335213645128.15,-19520272685.46,3556.08,12140.89,39.95
6750000.00,672485227181.66,-334606469629.04,-19518267394.71,3545.56,12146.13,40.26
6800000.00,672662242624.71,-333999032431.99,-19516246836.58,3535.04,12151.36,40.56
6850000.00,672838731725.43,-333391333895.39,-19514211005.86,3524.51,12156.58,40.87
6900000.00,673014694110.52,-332783374378.08,-19512159897.37,3513.97,12161.80,41.18
6950000.00,673190129406.68,-332175154239.41,-19510093505.93,3503.43,12167.01,41.48
7000000.00,673365037240.59,-331566673839.21,-19508011826.35,3492.87,12172.21,41.79
7050000.00,673539417238.94,-330957933537.79,-19505914853.45,3482.31,12177.41,42.09
7100000.00,673713269028.41,-330348933695.95,-19503802582.06,3471.75,12182.59,42.40
7150000.00,673886592235.66,-329739674674.99,-19501675007.01,3461.17,12187.77,42.70
7200000.00,674059386487.36,-329130156836.66,-19499532123.14,3450.59,12192.95,43.01
7250000.00,674231651410.18,-328520380543.26,-19497373925.27,3440.00,12198.11,43.32
7300000.00,674403386630.77,-327910346157.51,-19495200408.25,3429.40,12203.27,43.62
7350000.00,674574591775.79,-327300054042.69,-19493011566.93,3418.79,12208.42,43.93
7400000.00,674745266471.90,-326689504562.51,-19490807396.15,3408.18,12213.56,44.24
7450000.00,674915410345.75,-326078698081.21,-19488587890.77,3397.56,12218.70,44.54
7500000.00,675085023023.98,-325467634963.51,-19486353045.64,3386.93,12223.83,44.85
7550000.00,675254104133.25,-324856315574.62,-19484102855.63,3376.30,12228.95,45.16
7600000.00,675422653300.20,-324244740280.26,-19481837315.61,3365.66,12234.07,45.46
7650000.00,675590670151.49,-323632909446.62,-19479556420.44,3355.01,12239.17,45.77
7700000.00,675758154313.76,-323020823440.40,-19477260164.99,3344.35,12244.27,46.08
7750000.00,675925105413.66,-322408482628.80,-19474948544.16,3333.68,12249.36,46.39
7800000.00,676091523077.83,-321795887379.51,-19472621552.82,3323.01,12254.45,46.69
7850000.00,676257406932.94,-321183038060.71,-19470279185.85,3312.33,12259.53,47.00
7900000.00,676422756605.64,-320569935041.09,-19467921438.16,3301.64,12264.60,47.31
7950000.00,676587571722.58,-319956578689.84,-19465548304.64,3290.95,12269.66,47.62
8000000.00,676751851910.42,-319342969376.64,-19463159780.19,3280.25,12274.72,47.92
8050000.00,676915596795.83,-318729107471.67,-19460755859.72,3269.54,12279.76,48.23
8100000.00,677078806005.48,-318114993345.63,-19458336538.14,3258.82,12284.80,48.54
8150000.00,677241479166.03,-317500627369.69,-19455901810.36,3248.09,12289.84,48.85
8200000.00,677403615904.16,-316886009915.54,-19453451671.31,3237.36,12294.86,49.16
8250000.00,677565215846.56,-316271141355.38,-19450986115.92,3226.62,12299.88,49.47
8300000.00,677726278619.92,-315656022061.90,-19448505139.10,3215.88,12304.89,49.77
8350000.00,677886803850.92,-315040652408.30,-19446008735.80,3205.12,12309.90,50.08
8400000.00,678046791166.28,-314425032768.29,-19443496900.96,3194.36,12314.89,50.39
8450000.00,678206240192.70,-313809163516.07,-19440969629.52,3183.59,12319.88,50.70
8500000.00,678365150556.90,-313193045026.36,-19438426916.44,3172.81,12324.86,51.01
8550000.00,678523521885.59,-312576677674.38,-19435868756.66,3162.03,12329.84,51.32
8600000.00,678681353805.53,-311960061835.86,-19433295145.15,3151.24,12334.80,51.63
8650000.00,678838645943.44,-311343197887.05,-19430706076.88,3140.44,12339.76,51.94
8700000.00,678995397926.08,-310726086204.68,-19428101546.80,3129.63,12344.71,52.25
8750000.00,679151609380.22,-310108727166.02,-19425481549.91,3118.82,12349.65,52.55
8800000.00,679307279932.62,-309491121148.84,-19422846081.18,3107.99,12354.59,52.86
8850000.00,679462409210.08,-308873268531.41,-19420195135.59,3097.16,12359.52,53.17
8900000.00,679616996839.38,-308255169692.52,-19417528708.13,3086.33,12364.44,53.48
8950000.00,679771042447.34,-307636825011.48,-19414846793.81,3075.48,12369.35,53.79
9000000.00,679924545660.77,-307018234868.10,-19412149387.62,3064.63,12374.26,54.10
9050000.00,680077506106.51,-306399399642.72,-19409436484.57,3053.77,12379.16,54.41
9100000.00,680229923411.40,-305780319716.17,-19406708079.67,3042.91,12384.05,54.72
9150000.00,680381797202.30,-305160995469.81,-19403964167.94,3032.03,12388.93,55.03
9200000.00,680533127106.09,-304541427285.53,-19401204744.41,3021.15,12393.80,55.34
9250000.00,680683912749.66,-303921615545.71,-19398429804.09,3010.26,12398.67,55.65
9300000.00,680834153759.91,-303301560633.26,-19395639342.03,2999.37,12403.53,55.96
9350000.00,680983849763.76,-302681262931.62,-19392833353.26,2988.46,12408.38,56.28
9400000.00,681133000388.15,-302060722824.71,-19390011832.82,2977.55,12413.23,56.59
9450000.00,681281605260.03,-301439940697.02,-19387174775.78,2966.63,12418.06,56.90
9500000.00,681429664006.37,-300818916933.51,-19384322177.17,2955.71,12422.89,57.21
9550000.00,681577176254.16,-300197651919.71,-19381454032.07,2944.77,12427.71,57.52
9600000.00,681724141630.39,-299576146041.63,-19378570335.54,2933.83,12432.53,57.83
9650000.00,681870559762.11,-298954399685.83,-19375671082.65,2922.88,12437.33,58.14
9700000.00,682016430276.34,-298332413239.37,-19372756268.49,2911.93,12442.13,58.45
9750000.00,682161752800.16,-297710187089.85,-19369825888.12,2900.96,12446.92,58.76
9800000.00,682306526960.64,-297087721625.39,-19366879936.65,2889.99,12451.70,59.07
9850000.00,682450752384.89,-296465017234.63,-19363918409.16,2879.01,12456.48,59.39
9900000.00,682594428700.03,-295842074306.74,-19360941300.77,2868.03,12461.24,59.70
9950000.00,682737555533.20,-295218893231.42,-19357948606.57,2857.03,12466.00,60.01
