0.00,-247109436087.18,-14245946991.95,5741601656.77,3593.90,-22067.01,0.16
50000.00,-246997696085.09,-15311241304.49,5744868910.81,989.90,-22735.48,-49.77
100000.00,-246856567718.18,-16457023467.81,5741321865.38,3735.13,-21720.63,23.34
150000.00,-246742526144.03,-17521958553.78,5744329045.66,1326.51,-22861.09,-67.38
200000.00,-246589749010.42,-18668223804.11,5740432544.40,3944.05,-21823.73,9.18
250000.00,-246456391829.63,-19727516319.27,5743564659.63,1344.31,-22362.91,-33.10
300000.00,-246308535820.16,-20877470511.90,5739075604.05,4128.07,-22264.94,-32.96
350000.00,-246138772320.64,-21937084466.34,5741816659.89,1793.34,-21227.62,52.76
400000.00,-246010422492.32,-23077212216.86,5737843595.88,4000.41,-22893.74,-90.43
450000.00,-245804207720.59,-24162429679.47,5738125281.66,3328.92,-20682.55,88.99
500000.00,-245683790286.22,-25260226590.62,5737300992.93,3205.39,-23298.58,-129.43
550000.00,-245472367902.83,-26388253330.66,5733739326.09,4538.86,-21473.90,16.26
600000.00,-245304531561.65,-27440744747.10,5736256496.96,2126.44,-22032.77,-31.51
650000.00,-245134259583.06,-28587720142.38,5730822199.36,4621.57,-22654.15,-87.56
700000.00,-244901348458.98,-29668135459.06,5730662564.58,3982.67,-20692.97,70.72
750000.00,-244754216613.36,-30752036793.61,5730066746.20,3340.30,-23128.78,-133.41
800000.00,-244528870506.05,-31890340627.82,5724790439.00,5133.50,-21941.71,-39.49
850000.00,-244299888244.54,-32944216103.75,5726287614.99,3367.83,-20778.46,52.79
900000.00,-244136648053.12,-34058230721.70,5722639172.71,4335.89,-23105.35,-142.80
950000.00,-243881185939.65,-35179385358.09,5718224423.57,5391.79,-21530.66,-16.54
1000000.00,-243652241086.94,-36224423535.88,5719889102.30,3299.91,-21087.07,15.60
1050000.00,-243466318000.32,-37349254381.33,5714761092.94,4872.45,-22972.42,-143.32
1100000.00,-243191882671.86,-38462192145.58,5710456096.62,5669.81,-21400.79,-17.18
1150000.00,-242949073445.43,-39504117563.57,5711795399.84,3630.40,-21054.57,6.21
1200000.00,-242748385189.37,-40625297029.55,5706361696.59,5116.12,-22932.39,-151.98
1250000.00,-242460262952.36,-41739932890.96,5701326076.72,6018.90,-21500.44,-37.14
1300000.00,-242190301718.96,-42782174534.12,5702047661.14,4295.40,-20710.21,22.53
1350000.00,-241981338683.78,-43885616603.29,5697447761.55,5081.44,-22926.15,-164.13
1400000.00,-241686502968.26,-45009120903.97,5691060306.74,6350.77,-21789.52,-73.18
1450000.00,-241382992760.22,-46061166768.57,5690372850.98,5334.51,-20487.07,29.08
1500000.00,-241157882625.22,-47130344509.27,5687962620.16,4718.77,-22664.49,-156.12
1550000.00,-240869342566.05,-48263045969.82,5680154394.30,6516.42,-22207.99,-120.55
1600000.00,-240538251300.29,-49337018602.21,5677034893.32,6389.79,-20753.44,-4.88
1650000.00,-240267665533.65,-50371340420.85,5676889289.30,4504.98,-21504.71,-74.17
1700000.00,-240002056236.63,-51494096761.54,5669189971.16,6323.81,-22620.62,-168.51
1750000.00,-239660326898.07,-52596578313.30,5663050731.54,7062.24,-21378.66,-69.22
1800000.00,-239327273660.99,-53633948243.93,5662055127.22,5860.36,-20366.87,8.00
1850000.00,-239066855123.83,-54701305677.94,5658224953.99,5541.37,-22514.68,-175.15
1900000.00,-238741604044.38,-55825758089.21,5649535619.72,7203.32,-22096.74,-142.49
1950000.00,-238373033066.26,-56898284767.56,5644981785.90,7276.09,-20784.37,-38.48
2000000.00,-238047089196.72,-57920898489.38,5644245030.48,5516.41,-20723.62,-41.47
2050000.00,-237760661108.06,-59016794617.23,5637117533.32,6596.47,-22545.81,-195.45
2100000.00,-237395436199.20,-60126521130.87,5628744890.09,7757.40,-21672.96,-125.84
2150000.00,-237008553481.96,-61178596732.83,5624943327.28,7449.46,-20434.86,-28.82
2200000.00,-236680325900.81,-62199311746.05,5623373351.84,5733.22,-21133.66,-95.28
2250000.00,-236361680571.69,-63303645818.11,5614593711.20,7290.16,-22377.29,-200.36
2300000.00,-235968796990.07,-64401253815.24,5606270403.98,8200.87,-21415.86,-123.84
2350000.00,-235563252706.63,-65442018535.11,5602430243.50,7760.27,-20257.81,-33.92
2400000.00,-235219213821.59,-66459511043.89,5600125406.74,6157.84,-21159.21,-117.51
2450000.00,-234876600173.95,-67560086562.33,5590657177.71,7740.76,-22238.44,-208.85
2500000.00,-234462650393.73,-68651449266.35,5581849875.10,8611.37,-21316.05,-135.62
2550000.00,-234035106907.36,-69688524010.07,5577312035.71,8257.76,-20195.75,-48.84
2600000.00,-233663258899.94,-70696900370.52,5574754907.65,6630.42,-20791.86,-107.65
2650000.00,-233306275935.05,-71784834174.31,5565280537.83,7989.91,-22141.67,-221.99
2700000.00,-232876907044.81,-72875125287.38,5555511749.45,8985.63,-21348.94,-159.21
2750000.00,-232425563203.67,-73915233712.30,5549688366.38,8875.38,-20255.65,-74.24
2800000.00,-232014546587.97,-74914311940.76,5546892277.85,7354.26,-20159.71,-75.74
2850000.00,-231647201018.82,-75976111506.02,5538488722.74,8004.10,-21983.38,-231.35
2900000.00,-231210471523.97,-77067615044.29,5527511314.33,9268.14,-21479.85,-191.90
2950000.00,-230737647555.24,-78116523635.12,5519882912.20,9485.31,-20452.17,-111.65
3000000.00,-230281931857.73,-79116192426.06,5516013122.34,8478.98,-19708.98,-58.36
3050000.00,-229891092740.40,-80135898492.08,5510009883.71,7799.60,-21434.80,-209.63
3100000.00,-229459509481.34,-81222795548.93,5498234858.27,9359.16,-21645.39,-228.74
3150000.00,-228972609694.11,-82284210642.39,5488437103.19,9964.76,-20757.69,-159.15
3200000.00,-228478269455.34,-83296899131.01,5482415259.86,9622.46,-19774.44,-84.31
3250000.00,-228032918664.16,-84281160241.77,5478319175.02,8120.50,-20114.16,-122.89
3300000.00,-227614065531.95,-85336161858.79,5467955853.63,9096.07,-21650.32,-254.05
3350000.00,-227127143858.85,-86408925307.67,5456006260.11,10208.66,-21112.51,-212.15
3400000.00,-226607832668.46,-87441498215.78,5447189949.86,10429.80,-20168.84,-139.11
3450000.00,-226100673574.64,-88427622612.83,5441894803.65,9633.11,-19386.30,-82.54
3500000.00,-225655477003.53,-89418365466.02,5435717895.95,8583.53,-20738.49,-204.58
3550000.00,-225190218309.57,-90482699109.63,5423157218.67,10055.72,-21384.39,-260.23
3600000.00,-224664317488.89,-91535546948.62,5411422038.54,10836.87,-20657.46,-203.63
3650000.00,-224119215537.13,-92545406924.64,5403008302.36,10834.54,-19729.53,-132.73
3700000.00,-223598641698.93,-93513803394.52,5397652036.41,9763.87,-19209.94,-99.20
3750000.00,-223136645310.80,-94510980292.65,5389390951.13,9327.10,-20898.41,-247.80
3800000.00,-222632235403.48,-95568673074.76,5375893900.66,10754.67,-21077.71,-264.74
3850000.00,-222075803218.91,-96604728138.65,5364038868.84,11377.85,-20315.68,-205.80
3900000.00,-221506082059.15,-97598163860.63,5355449465.58,11281.20,-19420.95,-138.14
3950000.00,-220965330012.72,-98553748565.20,5349590231.84,10141.59,-19041.64,-116.86
4000000.00,-220478922955.39,-99545738885.75,5340184012.96,9930.12,-20746.22,-266.44
4050000.00,-219945593137.59,-100592211499.87,5326050863.88,11295.02,-20823.66,-275.14
4100000.00,-219363232411.34,-101615957818.42,5313637227.95,11884.19,-20082.80,-218.18
4150000.00,-218767914200.12,-102598580286.79,5304356378.24,11809.46,-19219.83,-153.28
4200000.00,-218198505111.79,-103543527597.19,5297788966.53,10765.79,-18775.80,-126.61
4250000.00,-217684807180.10,-104517355271.15,5288278905.47,10342.02,-20385.71,-269.33
4300000.00,-217131792917.31,-105550567888.59,5273598492.70,11705.88,-20625.85,-291.69
4350000.00,-216527331189.41,-106566062913.12,5260223643.54,12359.61,-19944.58,-239.59
4400000.00,-215905835268.18,-107542766949.03,5249793711.24,12396.97,-19115.12,-177.27
4450000.00,-215301275855.37,-108480211139.25,5242228781.19,11600.45,-18493.70,-135.25
4500000.00,-214753432479.47,-109425515191.30,5233454817.27,10660.60,-19733.67,-249.20
4550000.00,-214189514619.87,-110439724566.54,5218624549.78,11961.33,-20443.55,-311.11
4600000.00,-213568147648.42,-111449676171.52,5203992227.26,12774.10,-19880.98,-268.47
4650000.00,-212921984066.78,-112424562223.93,5192014252.98,12982.53,-19099.17,-209.70
4700000.00,-212280546392.70,-113359773506.81,5182968893.36,12532.26,-18345.41,-155.65
4750000.00,-211685012693.57,-114276566155.14,5174931839.03,11261.19,-18733.41,-199.96
4800000.00,-211113767473.20,-115256099160.26,5161196551.25,11994.48,-20146.90,-322.84
4850000.00,-210484067531.21,-116259940784.28,5145270408.14,13068.47,-19860.14,-302.41
4900000.00,-209817762204.75,-117235926168.15,5131432617.66,13496.14,-19153.93,-249.31
4950000.00,-209143067919.59,-118174152011.96,5120406199.27,13392.26,-18374.79,-192.10
5000000.00,-208492196631.53,-119077993918.95,5111789315.26,12468.53,-17935.02,-166.28
5050000.00,-207894962042.61,-120003083945.35,5100819882.75,11864.63,-19345.09,-294.00
5100000.00,-207269680353.84,-120989924554.57,5084409832.97,13138.28,-19802.75,-335.19
5150000.00,-206591966670.96,-121967674008.07,5068571895.94,13866.95,-19249.48,-293.89
5200000.00,-205891533072.98,-122912218383.34,5055210198.21,14072.86,-18518.77,-239.75
5250000.00,-205193698023.48,-123819436988.61,5044572621.32,13721.65,-17791.79,-188.04
5300000.00,-204534482694.83,-124703330673.75,5035351140.16,12543.07,-17874.69,-207.22
5350000.00,-203911905575.65,-125638086381.04,5021345284.54,12843.72,-19389.40,-340.65
5400000.00,-203238498560.85,-126610753834.99,5003967014.24,13989.87,-19325.64,-338.84
5450000.00,-202523467570.34,-127562357301.03,4988114391.39,14526.95,-18706.37,-292.91
5500000.00,-201793274780.58,-128479780856.46,4974781924.36,14605.35,-17982.02,-239.98
5550000.00,-201072529182.46,-129361377701.89,4964011096.04,14092.62,-17327.60,-195.20
5600000.00,-200397577625.18,-130230707690.02,4953688835.89,12925.20,-17825.68,-249.44
5650000.00,-199741378034.20,-131161230721.54,4937768731.33,13664.12,-19111.06,-362.27
5700000.00,-199030199529.32,-132114070788.73,4919788326.69,14674.71,-18869.91,-346.28
5750000.00,-198283349898.17,-133042484342.46,4903584167.61,15124.63,-18242.79,-300.20
5800000.00,-197524626289.05,-133937101993.58,4889845809.97,15151.40,-17535.52,-249.10
5850000.00,-196777759714.33,-134797249621.61,4878534761.96,14591.42,-16925.04,-208.45
5900000.00,-196077656370.93,-135649294396.91,4867304548.64,13476.28,-17534.95,-272.20
5950000.00,-195390903629.57,-136563190132.31,4850426568.03,14285.52,-18723.62,-376.88
6000000.00,-194649863115.82,-137495871565.65,4831772776.89,15252.26,-18464.05,-359.68
6050000.00,-193874574176.16,-138404376912.34,4814860460.42,15689.22,-17854.06,-315.26
6100000.00,-193087377367.92,-139280096460.81,4800319892.91,15731.31,-17168.06,-266.09
6150000.00,-192310146667.06,-140122022275.44,4788146155.74,15237.96,-16551.10,-224.88
6200000.00,-191576245234.41,-140951441455.03,4776420784.33,14117.37,-16969.67,-272.97
6250000.00,-190864059090.89,-141838103361.83,4759384962.13,14724.47,-18263.63,-387.51
6300000.00,-190100160916.95,-142750795319.19,4739947384.27,15734.24,-18103.47,-378.62
6350000.00,-189299555094.72,-143642267953.12,4722005167.00,16220.04,-17530.16,-337.25
6400000.00,-188484287293.55,-144502485178.80,4706308093.47,16330.55,-16870.21,-290.19
6450000.00,-187673831944.09,-145329388357.42,4692947533.83,15989.29,-16225.52,-246.29
6500000.00,-186898030079.17,-146134624677.04,4680824033.74,14940.17,-16229.44,-259.66
6550000.00,-186160739302.50,-146981878214.84,4664582524.46,14992.71,-17644.39,-386.85
6600000.00,-185381868896.87,-147872218745.72,4644458924.92,16096.35,-17762.84,-401.08
6650000.00,-184560203527.72,-148748650759.06,4625234577.58,16694.38,-17257.37,-365.12
6700000.00,-183718663778.56,-149596145511.06,4608073219.46,16912.26,-16631.85,-320.69
6750000.00,-182874967290.96,-150411340336.33,4593181633.26,16761.82,-15978.11,-275.47
6800000.00,-182052723197.66,-151197477749.49,4580188327.21,15994.99,-15577.24,-254.04
6850000.00,-181278589579.14,-151995563778.20,4565543047.95,15241.91,-16645.63,-355.77
6900000.00,-180492970096.24,-152853361488.70,4545486367.59,16276.79,-17369.00,-421.18
6950000.00,-179657146425.73,-153714782615.02,4524881411.76,17068.27,-17014.54,-397.25
7000000.00,-178793249994.00,-154551502220.08,4506009546.95,17431.32,-16438.70,-356.57
7050000.00,-177919275232.35,-155357761385.87,4489276493.01,17472.34,-15805.74,-312.50
7100000.00,-177053081898.17,-156132506502.98,4474693642.04,17078.68,-15210.07,-273.42
7150000.00,-176223188941.46,-156889591263.86,4460977298.96,16044.89,-15329.85,-297.07
7200000.00,-175426704595.29,-157691388927.74,4442906273.74,16218.21,-16676.62,-418.59
7250000.00,-174588041434.36,-158531655573.32,4421321607.14,17262.14,-16751.43,-429.77
7300000.00,-173708881668.45,-159358059674.75,4400604828.16,17835.17,-16271.03,-396.39
7350000.00,-172810155674.84,-160157102491.37,4381797845.90,18065.26,-15680.85,-355.29
7400000.00,-171907465436.34,-160925589727.89,4365100366.95,17981.89,-15057.06,-312.75
7450000.00,-171020240156.43,-161664597418.89,4350337326.92,17393.68,-14564.71,-283.43
7500000.00,-170177031304.44,-162400680158.00,4335157191.38,16420.91,-15199.39,-350.34
7550000.00,-169344172784.53,-163193606840.07,4314687275.94,17141.67,-16269.16,-446.55
7600000.00,-168462548842.25,-164005299628.17,4292374454.54,18039.31,-16087.76,-437.04
7650000.00,-167547691480.05,-164797379503.18,4271371199.93,18497.30,-15574.24,-401.58
7700000.00,-166617726965.86,-165561595616.12,4252290140.90,18655.94,-14986.63,-361.22
7750000.00,-165687195046.11,-166295680106.98,4235256963.80,18501.58,-14378.81,-320.57
7800000.00,-164776422364.05,-167002372954.16,4219951921.65,17812.61,-13977.17,-299.56
7850000.00,-163910957134.17,-167715706954.43,4203406593.67,16994.37,-14853.78,-386.43
7900000.00,-163043037163.86,-168486337709.29,4181574939.08,17873.29,-15702.00,-463.58
7950000.00,-162126987740.94,-169267120690.72,4158610943.81,18687.73,-15444.15,-448.20
8000000.00,-161181030229.19,-170026880698.85,4137050646.32,19098.39,-14929.08,-413.02
8050000.00,-160221676387.63,-170759078657.80,4117369205.68,19232.98,-14351.86,-373.86
8100000.00,-159262627633.43,-171461761495.72,4099668806.93,19067.09,-13758.09,-334.67
8150000.00,-158323561610.27,-172137821822.51,4083618549.30,18382.85,-13371.87,-315.20
8200000.00,-157429051631.23,-172820680174.13,4066303587.16,17580.28,-14230.53,-400.79
8250000.00,-156532537614.66,-173559779746.11,4043776214.29,18431.81,-15073.24,-477.80
8300000.00,-155588832713.44,-174309524156.02,4020061753.52,19238.19,-14831.37,-463.98
8350000.00,-154615301480.59,-175039025203.33,3997675540.86,19652.44,-14331.49,-430.26
8400000.00,-153627923288.52,-175741732758.46,3977095311.86,19802.64,-13769.92,-392.56
8450000.00,-152639495243.65,-176415647556.50,3958430495.65,19679.60,-13186.78,-354.30
8500000.00,-151667540582.94,-177062342059.39,3941469499.73,19095.61,-12742.10,-329.74
8550000.00,-150737675744.69,-177707229720.24,3923963236.55,18180.48,-13344.35,-394.59
8600000.00,-149818559093.13,-178405666777.43,3901401780.48,18823.53,-14375.03,-488.50
8650000.00,-148853899308.32,-179123819826.17,3876875237.68,19688.80,-14241.30,-483.68
8700000.00,-147856514608.87,-179824731692.68,3853428435.62,20153.56,-13773.73,-452.64
8750000.00,-146842915572.88,-180500083101.62,3831684673.73,20352.37,-13232.94,-416.67
8800000.00,-145825227216.17,-181147553073.49,3811782880.15,20309.69,-12662.76,-379.36
8850000.00,-144817996789.37,-181767055114.76,3793663250.99,19895.96,-12145.41,-348.18
8900000.00,-143845404081.14,-182372136886.44,3776077824.10,18954.20,-12280.89,-374.22
8950000.00,-142903955662.38,-183017571281.41,3754441539.90,19053.50,-13500.95,-486.69
9000000.00,-141926319357.65,-183700555119.41,3729291685.19,20008.46,-13645.79,-505.02
9050000.00,-140910119220.51,-184373680851.13,3704618991.50,20578.92,-13244.33,-479.24
9100000.00,-139873249657.97,-185023308403.53,3681486762.11,20857.14,-12731.58,-445.47
9150000.00,-138828035676.31,-185646258436.24,3660104677.05,20914.09,-12181.36,-409.58
9200000.00,-137786379285.26,-186241345751.98,3640516593.99,20692.52,-11628.14,-374.74
9250000.00,-136767009748.02,-186812683040.40,3622290287.01,19979.78,-11324.26,-363.10
9300000.00,-135790263083.91,-187395352847.46,3602385595.52,19298.92,-12226.75,-452.66
9350000.00,-134807344323.65,-188030940754.13,3577531127.36,20133.68,-12957.46,-520.91
9400000.00,-133780150472.49,-188674808357.50,3551648288.58,20883.82,-12721.68,-508.39
9450000.00,-132724860432.71,-189299602304.23,3526959303.39,21282.67,-12254.41,-478.07
9500000.00,-131655669038.95,-189899404685.45,3503894915.15,21451.35,-11731.48,-444.15
9550000.00,-130583263518.12,-190472341034.65,3482562049.94,21403.89,-11183.04,-409.12
9600000.00,-129520713658.90,-191018261573.61,3462911605.59,21023.24,-10676.59,-379.18
9650000.00,-128490088514.19,-191548267397.76,3443908155.24,20134.24,-10712.61,-397.16
9700000.00,-127493709721.43,-192112356465.57,3421340850.89,20054.17,-11883.08,-506.71
9750000.00,-126467310276.30,-192717575010.99,3394912999.88,20982.76,-12139.42,-534.86
9800000.00,-125401793819.81,-193316654678.11,3368635337.61,21577.61,-11783.14,-513.13
9850000.00,-124314333895.16,-193893959772.22,3343740554.30,21883.48,-11299.24,-482.03
9900000.00,-123216767490.00,-194445989486.43,3320466572.60,21987.32,-10776.79,-448.66
9950000.00,-122119204263.12,-194971342494.50,3298882716.67,21870.76,-10236.74,-414.87
