0.00,147092608975.70,-25143533156.32,23975607.09,4606.29,29241.56,-0.00
50000.00,147315568603.12,-23680268029.93,23974108.13,4311.75,29288.60,-0.06
100000.00,147523793951.12,-22214725019.06,23969618.91,4016.92,29332.68,-0.12
150000.00,147717271044.70,-20747051277.02,23962160.17,3721.83,29373.83,-0.18
200000.00,147895987307.25,-19277392431.26,23951764.48,3426.49,29412.08,-0.24
250000.00,148059931297.41,-17805892615.33,23938475.23,3130.94,29447.47,-0.29
300000.00,148209092459.94,-16332694536.80,23922345.52,2835.18,29480.02,-0.35
350000.00,148343460894.03,-14857939578.88,23903436.84,2539.23,29509.75,-0.41
400000.00,148463027142.41,-13381767933.57,23881817.62,2243.09,29536.68,-0.46
450000.00,148567782005.88,-11904318764.07,23857561.66,1946.77,29560.85,-0.51
500000.00,148657716387.89,-10425730393.09,23830746.46,1650.27,29582.25,-0.56
550000.00,148732821174.14,-8946140512.14,23801451.56,1353.59,29600.91,-0.61
600000.00,148793087151.24,-7465686405.32,23769756.78,1056.72,29616.82,-0.66
650000.00,148838504967.08,-5984505179.64,23735740.66,759.66,29629.99,-0.70
700000.00,148869065133.32,-4502733992.74,23699478.92,462.41,29640.41,-0.75
750000.00,148884758067.64,-3020510269.22,23661043.14,164.97,29648.08,-0.79
800000.00,148885574171.38,-1537971897.31,23620499.64,-132.66,29652.99,-0.83
850000.00,148871503935.49,-55257399.61,23577908.58,-430.48,29655.12,-0.87
900000.00,148842538066.91,1427493926.08,23533323.33,-728.48,29654.46,-0.91
950000.00,148798667626.73,2910141897.33,23486790.03,-1026.66,29650.98,-0.95
1000000.00,148739884172.06,4392545367.81,23438347.40,-1325.00,29644.67,-0.99
1050000.00,148666179894.65,5874562174.96,23388026.61,-1623.49,29635.51,-1.03
1100000.00,148577547751.02,7356049109.78,23335851.41,-1922.11,29623.47,-1.06
1150000.00,148473981580.68,8836861903.00,23281838.19,-2220.85,29608.54,-1.10
1200000.00,148355476211.29,10316855221.55,23225996.21,-2519.68,29590.69,-1.14
1250000.00,148222027551.01,11795882669.53,23168327.68,-2818.58,29569.90,-1.17
1300000.00,148073632670.52,13273796788.55,23108827.94,-3117.52,29546.15,-1.21
1350000.00,147910289878.14,14750449053.12,23047485.52,-3416.49,29519.42,-1.25
1400000.00,147731998792.90,16225689858.45,22984282.18,-3715.45,29489.68,-1.28
1450000.00,147538760421.39,17699368499.13,22919192.89,-4014.38,29456.92,-1.32
1500000.00,147330577244.41,19171333139.22,22852185.80,-4313.24,29421.12,-1.36
1550000.00,147107453320.24,20641430776.47,22783222.17,-4612.00,29382.24,-1.40
1600000.00,146869394410.44,22109507205.50,22712256.45,-4910.63,29340.26,-1.44
1650000.00,146616408133.28,23575406987.52,22639236.32,-5209.09,29295.16,-1.48
1700000.00,146348504147.94,25038973436.74,22564103.09,-5507.33,29246.92,-1.52
1750000.00,146065694369.08,26500048635.55,22486792.18,-5805.31,29195.51,-1.57
1800000.00,145767993207.47,27958473491.99,22407234.05,-6102.98,29140.90,-1.61
1850000.00,145455417826.52,29414087852.43,22325355.45,-6400.27,29083.08,-1.66
1900000.00,145127988399.54,30866730680.05,22241081.11,-6697.13,29022.03,-1.71
1950000.00,144785728347.00,32316240304.33,22154335.74,-6993.48,28957.75,-1.76
2000000.00,144428664530.48,33762454739.48,22065046.45,-7289.26,28890.22,-1.81
2050000.00,144056827380.11,35205212060.66,21973145.24,-7584.40,28819.46,-1.86
2100000.00,143670250936.08,36644350818.02,21878571.62,-7878.82,28745.48,-1.92
2150000.00,143268972793.34,38079710461.67,21781274.94,-8172.46,28668.30,-1.97
2200000.00,142853033948.23,39511131747.75,21681216.40,-8465.24,28587.95,-2.03
2250000.00,142422478557.42,40938457097.02,21578370.56,-8757.11,28504.46,-2.08
2300000.00,141977353628.28,42361530883.83,21472726.25,-9048.01,28417.89,-2.14
2350000.00,141517708665.83,43780199641.89,21364286.77,-9337.90,28328.27,-2.20
2400000.00,141043595302.36,45194312183.31,21253069.65,-9626.74,28235.65,-2.25
2450000.00,140555066933.66,46603719636.34,21139105.80,-9914.50,28140.07,-2.31
2500000.00,140052178380.01,48008275413.31,21022438.40,-10201.14,28041.58,-2.36
2550000.00,139534985583.94,49407835123.64,20903121.44,-10486.66,27940.23,-2.41
2600000.00,139003545350.35,50802256447.24,20781218.23,-10771.04,27836.05,-2.46
2650000.00,138457915129.39,52191398981.67,20656799.77,-11054.26,27729.08,-2.51
2700000.00,137898152839.61,53575124073.90,20529943.16,-11336.32,27619.36,-2.56
2750000.00,137324316726.98,54953294643.97,20400730.10,-11617.21,27506.90,-2.61
2800000.00,136736465255.02,56325775005.27,20269245.36,-11896.93,27391.75,-2.65
2850000.00,136134657022.48,57692430683.94,20135575.38,-12175.48,27273.92,-2.69
2900000.00,135518950705.63,59053128238.62,19999806.92,-12452.85,27153.42,-2.74
2950000.00,134889405023.76,60407735081.35,19862025.77,-12729.05,27030.29,-2.78
3000000.00,134246078727.45,61756119300.84,19722315.56,-13004.08,26904.52,-2.81
3050000.00,133589030609.53,63098149489.52,19580756.61,-13277.92,26776.12,-2.85
3100000.00,132918319538.82,64433694577.25,19437424.92,-13550.59,26645.11,-2.88
3150000.00,132234004516.00,65762623674.47,19292391.30,-13822.08,26511.48,-2.92
3200000.00,131536144750.30,67084805928.70,19145720.52,-14092.38,26375.24,-2.95
3250000.00,130824799754.24,68400110397.54,18997470.80,-14361.49,26236.37,-2.98
3300000.00,130100029453.08,69708405941.20,18847693.25,-14629.39,26094.87,-3.01
3350000.00,129361894304.33,71009561136.30,18696431.65,-14896.08,25950.75,-3.04
3400000.00,128610455422.57,72303444211.46,18543722.26,-15161.54,25803.99,-3.07
3450000.00,127845774704.86,73589923003.89,18389593.79,-15425.75,25654.57,-3.10
3500000.00,127067914952.44,74868864934.70,18234067.53,-15688.69,25502.51,-3.12
3550000.00,126276939985.47,76140136999.60,18077157.48,-15950.35,25347.78,-3.15
3600000.00,125472914748.87,77403605771.11,17918870.58,-16210.70,25190.37,-3.18
3650000.00,124655905408.47,78659137407.80,17759206.93,-16469.71,25030.29,-3.21
3700000.00,123825979438.50,79906597666.42,17598160.06,-16727.36,24867.51,-3.23
3750000.00,122983205702.47,81145851913.08,17435717.09,-16983.61,24702.04,-3.26
3800000.00,122127654530.92,82376765130.70,17271858.98,-17238.45,24533.87,-3.29
3850000.00,121259397800.62,83599201920.86,17106560.61,-17491.83,24362.98,-3.32
3900000.00,120378509020.45,84813026500.14,16939791.02,-17743.72,24189.37,-3.35
3950000.00,119485063429.66,86018102692.43,16771513.50,-17994.09,24013.04,-3.38
4000000.00,118579138114.29,87214293921.37,16601685.81,-18242.90,23833.97,-3.41
4050000.00,117660812146.66,88401463209.05,16430260.51,-18490.11,23652.16,-3.44
4100000.00,116730166751.42,89579473190.27,16257185.41,-18735.67,23467.60,-3.48
4150000.00,115787285498.75,90748186153.50,16082404.31,-18979.54,23280.28,-3.51
4200000.00,114832254521.38,91907464121.89,15905857.95,-19221.65,23090.19,-3.55
4250000.00,113865162746.82,93057168987.98,15727485.42,-19461.96,22897.35,-3.59
4300000.00,112886102129.93,94197162714.04,15547225.90,-19700.39,22701.75,-3.62
4350000.00,111895167864.97,95327307605.60,15365020.77,-19936.89,22503.39,-3.66
4400000.00,110892458551.43,96447466658.05,15180816.11,-20171.38,22302.31,-3.70
4450000.00,109878076286.52,97557503965.98,14994565.24,-20403.79,22098.53,-3.75
4500000.00,108852126660.20,98657285173.76,14806231.37,-20634.06,21892.07,-3.79
4550000.00,107814718636.90,99746677935.54,14615789.92,-20862.12,21683.00,-3.83
4600000.00,106765964321.21,100825552347.23,14423230.40,-21087.90,21471.35,-3.87
4650000.00,105705978619.50,101893781312.96,14228557.58,-21311.36,21257.19,-3.91
4700000.00,104634878823.51,102951240815.68,14031791.93,-21532.45,21040.58,-3.96
4750000.00,103552784151.25,103997810074.03,13832969.23,-21751.15,20821.58,-4.00
4800000.00,102459815283.29,105033371582.43,13632139.50,-21967.42,20600.27,-4.04
4850000.00,101356093928.95,106057811045.36,13429365.35,-22181.24,20376.71,-4.07
4900000.00,100241742448.00,107071017226.93,13224719.99,-22392.62,20150.95,-4.11
4950000.00,99116883542.59,108072881741.92,13018285.08,-22601.54,19923.05,-4.15
5000000.00,97981640023.35,109063298814.26,12810148.61,-22808.00,19693.06,-4.18
5050000.00,96836134645.27,110042165025.29,12600402.86,-23012.01,19461.02,-4.21
5100000.00,95680490003.36,111009379068.58,12389142.57,-23213.57,19226.98,-4.24
5150000.00,94514828475.90,111964841521.61,12176463.38,-23412.68,18990.96,-4.27
5200000.00,93339272203.00,112908454639.41,11962460.43,-23609.36,18753.01,-4.29
5250000.00,92153943089.90,113840122171.06,11747227.23,-23803.60,18513.14,-4.32
5300000.00,90958962826.68,114759749196.96,11530854.64,-23995.40,18271.39,-4.34
5350000.00,89754452918.88,115667241983.76,11313430.04,-24184.78,18027.77,-4.36
5400000.00,88540534725.95,116562507853.12,11095036.57,-24371.73,17782.31,-4.38
5450000.00,87317329505.95,117445455061.13,10875752.47,-24556.26,17535.03,-4.39
5500000.00,86084958467.02,118315992686.00,10655650.47,-24738.36,17285.93,-4.41
5550000.00,84843542826.22,119174030522.91,10434797.28,-24918.04,17035.03,-4.42
5600000.00,83593203876.78,120019478985.78,10213253.14,-25095.29,16782.35,-4.44
5650000.00,82334063064.74,120852249017.01,9991071.42,-25270.11,16527.90,-4.45
5700000.00,81066242074.92,121672252006.66,9768298.34,-25442.49,16271.67,-4.46
5750000.00,79789862925.62,122479399722.86,9544972.77,-25612.43,16013.69,-4.47
5800000.00,78505048070.57,123273604255.32,9321126.11,-25779.92,15753.94,-4.48
5850000.00,77211920505.85,124054777972.96,9096782.34,-25944.94,15492.45,-4.49
5900000.00,75910603879.21,124822833496.25,8871958.07,-26107.48,15229.22,-4.50
5950000.00,74601222598.96,125577683683.75,8646662.78,-26267.52,14964.24,-4.51
6000000.00,73283901940.08,126319241631.57,8420899.02,-26425.05,14697.52,-4.52
6050000.00,71958768145.53,127047420683.42,8194662.78,-26580.04,14429.08,-4.53
6100000.00,70625948522.10,127762134448.95,7967943.80,-26732.47,14158.91,-4.54
6150000.00,69285571530.72,128463296827.18,7740725.97,-26882.33,13887.02,-4.55
6200000.00,67937766872.72,129150822032.86,7512987.69,-27029.57,13613.42,-4.56
6250000.00,66582665574.32,129824624623.39,7284702.24,-27174.18,13338.12,-4.57
6300000.00,65220400072.82,130484619525.74,7055838.21,-27316.13,13061.12,-4.58
6350000.00,63851104308.43,131130722063.59,6826359.90,-27455.39,12782.42,-4.60
6400000.00,62474913825.96,131762847987.01,6596227.75,-27591.91,12502.05,-4.61
6450000.00,61091965890.46,132380913508.94,6365398.94,-27725.68,12220.01,-4.62
6500000.00,59702399619.70,132984835354.87,6133828.00,-27856.64,11936.31,-4.64
6550000.00,58306356134.48,133574530834.38,5901467.73,-27984.75,11650.95,-4.66
6600000.00,56903978724.87,134149917944.89,5668270.23,-28109.98,11363.97,-4.67
6650000.00,55495413026.20,134710915519.04,5434188.30,-28232.27,11075.38,-4.69
6700000.00,54080807193.43,135257443426.24,5199177.11,-28351.58,10785.19,-4.71
6750000.00,52660312056.96,135789422836.53,4963196.18,-28467.83,10493.44,-4.73
6800000.00,51234081237.81,136306776548.61,4726211.63,-28580.99,10200.17,-4.75
6850000.00,49802271196.94,136809429375.85,4488198.50,-28690.99,9905.41,-4.77
6900000.00,48365041194.18,137297308573.12,4249143.16,-28797.78,9609.23,-4.79
6950000.00,46922553137.74,137770344276.26,4009045.31,-28901.30,9311.68,-4.81
7000000.00,45474971316.55,138228469917.48,3767919.67,-29001.52,9012.84,-4.83
7050000.00,44022462022.48,138671622576.49,3525796.81,-29098.39,8712.77,-4.85
7100000.00,42565193086.13,139099743231.28,3282723.23,-29191.90,8411.57,-4.87
7150000.00,41103333362.95,139512776883.57,3038760.59,-29282.02,8109.31,-4.89
7200000.00,39637052213.76,139910672550.66,2793984.07,-29368.75,7806.06,-4.90
7250000.00,38166519022.37,140293383132.93,2548480.18,-29452.10,7501.91,-4.92
7300000.00,36691902784.48,140660865181.16,2302344.18,-29532.07,7196.93,-4.93
7350000.00,35213371788.75,141013078596.52,2055677.42,-29608.69,6891.18,-4.94
7400000.00,33731093396.20,141349986298.22,1808584.72,-29681.97,6584.71,-4.95
7450000.00,32245233911.88,141671553889.49,1561172.06,-29751.93,6277.58,-4.95
7500000.00,30755958534.12,141977749345.53,1313544.59,-29818.60,5969.83,-4.95
7550000.00,29263431362.77,142268542737.60,1065805.09,-29882.00,5661.50,-4.96
7600000.00,27767815447.37,142543905999.68,818052.70,-29942.15,5352.63,-4.95
7650000.00,26269272858.59,142803812737.48,570382.04,-29999.07,5043.25,-4.95
7700000.00,24767964769.89,143048238075.34,322882.56,-30052.77,4733.38,-4.95
7750000.00,23264051540.27,143277158534.26,75638.03,-30103.28,4423.06,-4.94
7800000.00,21757692792.73,143490551933.52,-171273.75,-30150.59,4112.30,-4.93
7850000.00,20249047486.24,143688397308.72,-417781.28,-30194.74,3801.14,-4.93
7900000.00,18738273981.17,143870674840.28,-663819.53,-30235.72,3489.59,-4.92
7950000.00,17225530099.97,144037365787.53,-909330.15,-30273.55,3177.68,-4.90
8000000.00,15710973185.64,144188452425.59,-1154261.68,-30308.24,2865.42,-4.89
8050000.00,14194760161.15,144323917983.29,-1398569.71,-30339.79,2552.84,-4.88
8100000.00,12677047592.62,144443746582.29,-1642217.01,-30368.22,2239.94,-4.87
8150000.00,11157991758.83,144547923178.21,-1885173.67,-30393.52,1926.76,-4.85
8200000.00,9637748728.49,144636433505.99,-2127417.14,-30415.70,1613.30,-4.84
8250000.00,8116474446.22,144709264031.72,-2368932.22,-30434.77,1299.57,-4.82
8300000.00,6594324826.67,144766401913.63,-2609710.98,-30450.71,985.59,-4.81
8350000.00,5071455855.59,144807834974.39,-2849752.55,-30463.54,671.38,-4.79
8400000.00,3548023695.94,144833551686.60,-3089062.88,-30473.24,356.94,-4.78
8450000.00,2024184796.32,144843541172.11,-3327654.33,-30479.80,42.29,-4.76
8500000.00,500095999.60,144837793215.42,-3565545.20,-30483.23,-272.56,-4.75
8550000.00,-1024085350.79,144816298290.12,-3802759.27,-30483.50,-587.59,-4.74
8600000.00,-2548201308.11,144779047596.99,-4039325.11,-30480.61,-902.78,-4.73
8650000.00,-4072093224.02,144726033112.10,-4275275.52,-30474.53,-1218.13,-4.71
8700000.00,-5595601654.23,144657247643.23,-4510646.82,-30465.26,-1533.62,-4.70
8750000.00,-7118566267.03,144572684893.66,-4745478.11,-30452.77,-1849.22,-4.69
8800000.00,-8640825752.81,144472339533.20,-4979810.54,-30437.05,-2164.92,-4.68
8850000.00,-10162217732.54,144356207277.83,-5213686.49,-30418.07,-2480.69,-4.67
8900000.00,-11682578663.22,144224284980.82,-5447148.65,-30395.80,-2796.52,-4.67
8950000.00,-13201743739.83,144076570739.72,-5680239.03,-30370.22,-3112.37,-4.66
9000000.00,-14719546794.36,143913064025.14,-5912997.82,-30341.31,-3428.21,-4.65
9050000.00,-16235820195.77,143733765838.18,-6145462.10,-30309.03,-3744.02,-4.65
9100000.00,-17750394757.72,143538678903.35,-6377664.31,-30273.35,-4059.76,-4.64
9150000.00,-19263099664.83,143327807902.22,-6609630.64,-30234.23,-4375.38,-4.64
9200000.00,-20773762432.31,143101159750.18,-6841379.22,-30191.65,-4690.83,-4.63
9250000.00,-22282208916.46,142858743912.97,-7072918.22,-30145.57,-5006.07,-4.63
9300000.00,-23788263394.62,142600572752.52,-7304244.12,-30095.97,-5321.04,-4.62
9350000.00,-25291748730.95,142326661883.18,-7535340.05,-30042.80,-5635.65,-4.62
9400000.00,-26792486637.74,142037030511.34,-7766174.67,-29986.06,-5949.84,-4.61
9450000.00,-28290298031.88,141731701726.20,-7996701.58,-29925.74,-6263.53,-4.61
9500000.00,-29785003472.65,141410702708.61,-8226859.43,-29861.82,-6576.64,-4.60
9550000.00,-31276423653.68,141074064830.94,-8456572.93,-29794.32,-6889.07,-4.59
9600000.00,-32764379911.94,140721823632.22,-8685754.54,-29723.26,-7200.76,-4.58
9650000.00,-34248694712.19,140354018668.87,-8914306.84,-29648.67,-7511.61,-4.56
9700000.00,-35729192068.89,139970693257.05,-9142125.30,-29570.57,-7821.56,-4.55
9750000.00,-37205697877.47,139571894135.69,-9369101.24,-29489.01,-8130.55,-4.53
9800000.00,-38678040140.74,139157671085.61,-9595124.65,-29404.03,-8438.51,-4.51
9850000.00,-40146049090.86,138728076540.48,-9820086.75,-29315.68,-8745.40,-4.49
9900000.00,-41609557218.97,138283165219.29,-10043882.13,-29224.00,-9051.17,-4.46
9950000.00,-43068399232.21,137822993801.41,-10266410.38,-29129.04,-9355.79,-4.44
