0.00,147092608975.77,-25143533156.55,23975607.09,4606.29,29241.55,-0.00
50000.00,147315568670.31,-23680268258.97,23974108.13,4311.75,29288.59,-0.06
100000.00,147523794085.97,-22214725476.83,23969618.90,4016.92,29332.67,-0.12
150000.00,147717271247.77,-20747051963.42,23962160.14,3721.83,29373.82,-0.18
200000.00,147895987579.08,-19277393346.20,23951764.43,3426.49,29412.08,-0.24
250000.00,148059931638.55,-17805893758.69,23938475.15,3130.94,29447.46,-0.29
300000.00,148209092870.93,-16332695908.49,23922345.40,2835.18,29480.01,-0.35
350000.00,148343461375.42,-14857941178.78,23903436.68,2539.23,29509.74,-0.41
400000.00,148463027694.73,-13381769761.57,23881817.41,2243.09,29536.68,-0.46
450000.00,148567782629.68,-11904320820.05,23857561.40,1946.78,29560.84,-0.51
500000.00,148657717083.72,-10425732676.93,23830746.14,1650.28,29582.25,-0.56
550000.00,148732821942.52,-8946143023.69,23801451.17,1353.59,29600.90,-0.61
600000.00,148793087992.71,-7465689144.46,23769756.32,1056.72,29616.81,-0.66
650000.00,148838505882.18,-5984508146.23,23735740.12,759.66,29629.98,-0.70
700000.00,148869066122.57,-4502737186.64,23699478.29,462.42,29640.41,-0.75
750000.00,148884759131.58,-3020513690.28,23661042.42,164.98,29648.08,-0.79
800000.00,148885575310.53,-1537975545.37,23620498.82,-132.66,29652.99,-0.83
850000.00,148871505150.37,-55261274.52,23577907.65,-430.48,29655.12,-0.87
900000.00,148842539358.04,1427489824.48,23533322.28,-728.48,29654.46,-0.91
950000.00,148798668994.62,2910137569.21,23486788.87,-1026.66,29650.98,-0.95
1000000.00,148739885617.22,4392540813.33,23438346.10,-1325.00,29644.67,-0.99
1050000.00,148666181417.59,5874557394.30,23388025.18,-1623.49,29635.51,-1.03
1100000.00,148577549352.23,7356044103.12,23335849.83,-1922.11,29623.47,-1.06
1150000.00,148473983260.67,8836856670.51,23281836.47,-2220.85,29608.53,-1.10
1200000.00,148355477970.53,10316849763.41,23225994.33,-2519.68,29590.68,-1.14
1250000.00,148222029390.00,11795876985.94,23168325.63,-2818.58,29569.89,-1.17
1300000.00,148073634589.74,13273790879.69,23108825.72,-3117.52,29546.14,-1.21
1350000.00,147910291878.06,14750442919.18,23047483.12,-3416.49,29519.41,-1.25
1400000.00,147732000873.99,16225683499.64,22984279.59,-3715.45,29489.68,-1.28
1450000.00,147538762584.10,17699361915.63,22919190.11,-4014.37,29456.92,-1.32
1500000.00,147330579489.21,19171326331.24,22852182.81,-4313.24,29421.11,-1.36
1550000.00,147107455647.58,20641423744.21,22783218.97,-4612.00,29382.23,-1.40
1600000.00,146869396820.75,22109499949.16,22712253.03,-4910.63,29340.26,-1.44
1650000.00,146616410627.00,23575399507.31,22639232.67,-5209.09,29295.16,-1.48
1700000.00,146348506725.49,25038965732.86,22564099.20,-5507.33,29246.92,-1.52
1750000.00,146065697030.89,26500040708.22,22486788.05,-5805.31,29195.50,-1.57
1800000.00,145767995953.94,27958465341.40,22407229.66,-6102.97,29140.90,-1.61
1850000.00,145455420658.07,29414079478.80,22325350.81,-6400.27,29083.08,-1.66
1900000.00,145127991316.56,30866722083.59,22241076.19,-6697.13,29022.03,-1.71
1950000.00,144785731349.87,32316231485.25,22154330.54,-6993.48,28957.74,-1.76
2000000.00,144428667619.59,33762445697.99,22065040.96,-7289.26,28890.22,-1.81
2050000.00,144056830555.82,35205202796.96,21973139.45,-7584.40,28819.46,-1.86
2100000.00,143670254198.76,36644341332.32,21878565.53,-7878.82,28745.48,-1.92
2150000.00,143268976143.34,38079700754.18,21781268.52,-8172.46,28668.29,-1.97
2200000.00,142853037385.90,39511121818.67,21681209.65,-8465.24,28587.94,-2.03
2250000.00,142422482083.08,40938446946.55,21578363.48,-8757.11,28504.46,-2.08
2300000.00,141977357242.27,42361520512.18,21472718.82,-9048.01,28417.88,-2.14
2350000.00,141517712368.47,43780189049.24,21364278.98,-9337.90,28328.26,-2.20
2400000.00,141043599093.95,45194301369.86,21253061.49,-9626.74,28235.64,-2.25
2450000.00,140555070814.50,46603708602.28,21139097.27,-9914.50,28140.06,-2.31
2500000.00,140052182350.39,48008264158.83,21022429.48,-10201.14,28041.58,-2.36
2550000.00,139534989644.15,49407823648.92,20903112.12,-10486.66,27940.23,-2.41
2600000.00,139003549500.64,50802244752.45,20781208.50,-10771.04,27836.05,-2.46
2650000.00,138457919370.03,52191387066.99,20656789.61,-11054.26,27729.08,-2.51
2700000.00,137898157170.86,53575111939.49,20529932.57,-11336.32,27619.35,-2.56
2750000.00,137324321149.06,54953282289.99,20400719.06,-11617.21,27506.90,-2.61
2800000.00,136736469768.18,56325762431.88,20269233.86,-11896.93,27391.74,-2.65
2850000.00,136134661626.94,57692417891.29,20135563.41,-12175.48,27273.91,-2.69
2900000.00,135518955401.60,59053115226.84,19999794.47,-12452.85,27153.42,-2.74
2950000.00,134889409811.44,60407721850.58,19862012.83,-12729.05,27030.28,-2.78
3000000.00,134246083607.04,61756105851.20,19722302.11,-13004.08,26904.51,-2.81
3050000.00,133589035581.22,63098135821.14,19580742.63,-13277.92,26776.12,-2.85
3100000.00,132918324602.77,64433680690.22,19437410.42,-13550.59,26645.11,-2.88
3150000.00,132234009672.39,65762609568.89,19292376.25,-13822.08,26511.48,-2.92
3200000.00,131536149999.28,67084791604.67,19145704.91,-14092.38,26375.23,-2.95
3250000.00,130824805095.96,68400095855.13,18997454.61,-14361.49,26236.36,-2.98
3300000.00,130100034887.68,69708391180.48,18847676.48,-14629.39,26094.87,-3.01
3350000.00,129361899831.95,71009546157.32,18696414.28,-14896.08,25950.75,-3.04
3400000.00,128610461043.32,72303429014.27,18543704.27,-15161.53,25803.98,-3.07
3450000.00,127845780418.87,73589907588.54,18389575.17,-15425.75,25654.57,-3.10
3500000.00,127067920759.80,74868849301.19,18234048.27,-15688.69,25502.50,-3.12
3550000.00,126276945886.29,76140121147.95,18077137.56,-15950.35,25347.77,-3.15
3600000.00,125472920743.23,77403589701.31,17918849.98,-16210.70,25190.37,-3.18
3650000.00,124655911496.46,78659121119.83,17759185.65,-16469.71,25030.28,-3.21
3700000.00,123825985620.20,79906581160.25,17598138.07,-16727.36,24867.51,-3.23
3750000.00,122983211977.94,81145835188.67,17435694.38,-16983.61,24702.04,-3.26
3800000.00,122127660900.23,82376748187.99,17271835.52,-17238.45,24533.86,-3.29
3850000.00,121259404263.83,83599184759.77,17106536.40,-17491.83,24362.98,-3.32
3900000.00,120378515577.60,84813009120.57,16939766.04,-17743.72,24189.37,-3.35
3950000.00,119485070080.80,86018085094.29,16771487.73,-17994.09,24013.04,-3.38
4000000.00,118579144859.45,87214276104.51,16601659.23,-18242.90,23833.97,-3.41
4050000.00,117660818985.88,88401445173.35,16430233.11,-18490.11,23652.16,-3.44
4100000.00,116730173684.73,89579454935.56,16257157.17,-18735.67,23467.59,-3.48
4150000.00,115787292526.18,90748167679.61,16082375.21,-18979.53,23280.27,-3.51
4200000.00,114832261642.94,91907445428.62,15905827.98,-19221.65,23090.19,-3.55
4250000.00,113865169962.53,93057150075.12,15727454.55,-19461.95,22897.34,-3.59
4300000.00,112886109439.81,94197143581.36,15547194.11,-19700.39,22701.74,-3.62
4350000.00,111895175269.02,95327288252.85,15364988.05,-19936.89,22503.39,-3.66
4400000.00,110892466049.66,96447447084.95,15180782.44,-20171.38,22302.31,-3.70
4450000.00,109878083878.95,97557484172.24,14994530.60,-20403.79,22098.52,-3.75
4500000.00,108852134346.82,98657265159.07,14806195.73,-20634.06,21892.07,-3.79
4550000.00,107814726417.73,99746657699.57,14615753.28,-20862.11,21682.99,-3.83
4600000.00,106765972196.24,100825531889.64,14423192.72,-21087.90,21471.34,-3.87
4650000.00,105705986588.74,101893760633.36,14228518.84,-21311.36,21257.18,-3.91
4700000.00,104634886886.96,102951219913.67,14031752.12,-21532.45,21040.57,-3.96
4750000.00,103552792308.92,103997788949.20,13832928.33,-21751.15,20821.58,-4.00
4800000.00,102459823535.19,105033350234.34,13632097.48,-21967.41,20600.27,-4.04
4850000.00,101356102275.09,106057789473.53,13429322.19,-22181.24,20376.71,-4.07
4900000.00,100241750888.39,107070995430.89,13224675.67,-22392.62,20150.95,-4.11
4950000.00,99116892077.25,108072859721.17,13018239.58,-22601.54,19923.05,-4.15
5000000.00,97981648652.30,109063276568.25,12810101.90,-22808.00,19693.05,-4.18
5050000.00,96836143368.54,110042142553.47,12600354.92,-23012.01,19461.02,-4.21
5100000.00,95680498820.98,111009356370.37,12389093.38,-23213.57,19226.97,-4.24
5150000.00,94514837387.91,111964818596.39,12176412.91,-23412.68,18990.96,-4.27
5200000.00,93339281209.46,112908431486.57,11962408.66,-23609.36,18753.00,-4.29
5250000.00,92153952190.85,113840098789.95,11747174.13,-23803.59,18513.13,-4.32
5300000.00,90958972022.17,114759725586.90,11530800.19,-23995.40,18271.38,-4.34
5350000.00,89754462209.01,115667218144.05,11313374.22,-24184.78,18027.77,-4.36
5400000.00,88540544110.77,116562483783.03,11094979.36,-24371.73,17782.31,-4.38
5450000.00,87317338985.57,117445430759.91,10875693.83,-24556.26,17535.02,-4.39
5500000.00,86084968041.55,118315968152.88,10655590.38,-24738.36,17285.92,-4.41
5550000.00,84843552495.75,119174005757.09,10434735.71,-24918.04,17035.03,-4.42
5600000.00,83593213641.45,120019453986.44,10213190.07,-25095.29,16782.35,-4.44
5650000.00,82334072924.70,120852223783.30,9991006.82,-25270.11,16527.89,-4.45
5700000.00,81066252030.32,121672226537.70,9768232.18,-25442.49,16271.67,-4.46
5750000.00,79789872976.63,122479374017.76,9544905.02,-25612.43,16013.68,-4.47
5800000.00,78505058217.36,123273578313.15,9321056.75,-25779.92,15753.94,-4.48
5850000.00,77211930748.64,124054751792.78,9096711.34,-25944.94,15492.45,-4.49
5900000.00,75910614218.21,124822807077.08,8871885.41,-26107.47,15229.21,-4.50
5950000.00,74601233034.41,125577657024.61,8646588.42,-26267.52,14964.23,-4.51
6000000.00,73283912472.24,126319214731.42,8420822.94,-26425.04,14697.52,-4.52
6050000.00,71958778774.67,127047393541.24,8194584.94,-26580.04,14429.08,-4.53
6100000.00,70625959248.52,127762107063.65,7967864.18,-26732.47,14158.91,-4.54
6150000.00,69285582354.74,128463269197.69,7740644.54,-26882.32,13887.02,-4.55
6200000.00,67937777794.67,129150794158.05,7512904.41,-27029.57,13613.42,-4.56
6250000.00,66582676594.57,129824596502.12,7284617.08,-27174.18,13338.11,-4.57
6300000.00,65220411191.76,130484591156.86,7055751.15,-27316.13,13061.11,-4.58
6350000.00,63851115526.46,131130693445.91,6826270.90,-27455.38,12782.42,-4.60
6400000.00,62474925143.52,131762819119.32,6596136.79,-27591.91,12502.05,-4.61
6450000.00,61091977308.02,132380884390.01,6365305.97,-27725.67,12220.00,-4.62
6500000.00,59702411137.74,132984805983.46,6133733.01,-27856.63,11936.30,-4.64
6550000.00,58306367753.52,133574501209.22,5901370.67,-27984.75,11650.95,-4.66
6600000.00,56903990445.46,134149888064.69,5668171.07,-28109.98,11363.97,-4.67
6650000.00,55495424848.91,134710885382.48,5434087.01,-28232.27,11075.37,-4.69
6700000.00,54080819118.86,135257413031.99,5199073.65,-28351.57,10785.18,-4.71
6750000.00,52660324085.75,135789392183.25,4963090.53,-28467.83,10493.43,-4.73
6800000.00,51234093370.63,136306745634.92,4726103.74,-28580.99,10200.16,-4.75
6850000.00,49802283434.48,136809398200.36,4488088.35,-28690.99,9905.41,-4.77
6900000.00,48365053537.17,137297277134.43,4249030.70,-28797.77,9609.22,-4.79
6950000.00,46922565586.95,137770312572.94,4008930.52,-28901.30,9311.68,-4.81
7000000.00,45474983872.79,138228437948.09,3767802.51,-29001.52,9012.83,-4.83
7050000.00,44022474686.58,138671590339.58,3525677.24,-29098.39,8712.77,-4.85
7100000.00,42565205858.95,139099710725.36,3282601.22,-29191.89,8411.56,-4.87
7150000.00,41103346245.41,139512744107.16,3038636.10,-29282.02,8109.30,-4.89
7200000.00,39637065206.81,139910639502.26,2793857.06,-29368.75,7806.06,-4.90
7250000.00,38166532126.99,140293349811.01,2548350.61,-29452.10,7501.91,-4.92
7300000.00,36691916001.70,140660831584.19,2302212.02,-29532.07,7196.92,-4.93
7350000.00,35213385119.64,141013044722.97,2055542.63,-29608.69,6891.17,-4.94
7400000.00,33731106841.86,141349952146.52,1808447.27,-29681.96,6584.70,-4.95
7450000.00,32245247473.46,141671519458.08,1561031.90,-29751.93,6277.57,-4.95
7500000.00,30755972212.82,141977714632.84,1313401.68,-29818.60,5969.83,-4.95
7550000.00,29263445159.82,142268507742.04,1065659.40,-29882.00,5661.50,-4.96
7600000.00,27767829364.06,142543870719.67,817904.19,-29942.15,5352.63,-4.95
7650000.00,26269286896.23,142803777171.42,570230.67,-29999.07,5043.24,-4.95
7700000.00,24767978929.86,143048202221.62,322728.28,-30052.77,4733.37,-4.95
7750000.00,23264065823.97,143277122391.28,75480.81,-30103.27,4423.05,-4.94
7800000.00,21757707201.62,143490515499.65,-171433.96,-30150.59,4112.29,-4.93
7850000.00,20249062021.83,143688360582.36,-417944.51,-30194.73,3801.13,-4.93
7900000.00,18738288645.03,143870637819.81,-663985.82,-30235.72,3489.58,-4.92
7950000.00,17225544893.69,144037328471.34,-909499.55,-30273.55,3177.67,-4.90
8000000.00,15710988110.86,144188414812.05,-1154434.23,-30308.24,2865.41,-4.89
8050000.00,14194775219.57,144323880070.80,-1398745.45,-30339.79,2552.83,-4.88
8100000.00,12677062785.99,144443708369.21,-1642395.99,-30368.22,2239.94,-4.87
8150000.00,11158007088.94,144547884662.95,-1885355.93,-30393.52,1926.75,-4.85
8200000.00,9637764197.20,144636394686.94,-2127602.71,-30415.70,1613.29,-4.84
8250000.00,8116490055.42,144709224907.28,-2369121.16,-30434.76,1299.56,-4.82
8300000.00,6594340578.30,144766362482.21,-2609903.32,-30450.71,985.59,-4.81
8350000.00,5071471751.66,144807795234.41,-2849948.35,-30463.53,671.37,-4.79
8400000.00,3548039738.49,144833511636.48,-3089262.17,-30473.23,356.93,-4.78
8450000.00,2024200987.46,144843500810.29,-3327857.15,-30479.80,42.28,-4.76
8500000.00,500112341.47,144837752540.36,-3565751.62,-30483.22,-272.56,-4.75
8550000.00,-1024068855.97,144816257300.27,-3802969.31,-30483.50,-587.59,-4.74
8600000.00,-2548184658.10,144779006290.83,-4039538.83,-30480.60,-902.79,-4.73
8650000.00,-4072076416.51,144725991488.12,-4275492.96,-30474.53,-1218.14,-4.71
8700000.00,-5595584686.86,144657205699.95,-4510868.03,-30465.26,-1533.63,-4.70
8750000.00,-7118549137.38,144572642629.61,-4745703.13,-30452.77,-1849.23,-4.69
8800000.00,-8640808458.43,144472296946.92,-4980039.43,-30437.05,-2164.93,-4.68
8850000.00,-10162200270.89,144356164367.89,-5213919.28,-30418.06,-2480.70,-4.67
8900000.00,-11682561031.75,144224241745.83,-5447385.39,-30395.80,-2796.53,-4.67
8950000.00,-13201725935.91,144076527178.29,-5680479.77,-30370.22,-3112.37,-4.66
9000000.00,-14719528815.31,143913020135.92,-5913242.62,-30341.31,-3428.22,-4.65
9050000.00,-16235802038.87,143733721619.84,-6145710.99,-30309.03,-3744.03,-4.65
9100000.00,-17750376420.18,143538634354.59,-6377917.35,-30273.34,-4059.76,-4.64
9150000.00,-19263081143.83,143327763021.78,-6609887.88,-30234.23,-4375.38,-4.64
9200000.00,-20773743724.97,143101114536.81,-6841640.70,-30191.65,-4690.84,-4.63
9250000.00,-22282190019.83,142858698365.48,-7073184.00,-30145.57,-5006.08,-4.63
9300000.00,-23788244305.73,142600526869.73,-7304514.23,-30095.96,-5321.04,-4.62
9350000.00,-25291729446.77,142326615663.96,-7535614.56,-30042.80,-5635.66,-4.62
9400000.00,-26792467155.18,142036983954.60,-7766453.62,-29986.06,-5949.85,-4.61
9450000.00,-28290278347.81,141731654830.86,-7996985.02,-29925.73,-6263.54,-4.61
9500000.00,-29784983583.88,141410655473.67,-8227147.41,-29861.82,-6576.64,-4.60
9550000.00,-31276403556.98,141074017255.41,-8456865.51,-29794.32,-6889.08,-4.59
9600000.00,-32764359604.02,140721775715.17,-8686051.76,-29723.26,-7200.76,-4.58
9650000.00,-34248674189.72,140353970409.40,-8914608.76,-29648.66,-7511.62,-4.56
9700000.00,-35729171328.50,139970644654.31,-9142431.97,-29570.56,-7821.57,-4.55
9750000.00,-37205676915.73,139571845188.88,-9369412.71,-29489.00,-8130.55,-4.53
9800000.00,-38678018954.17,139157621793.99,-9595440.97,-29404.03,-8438.52,-4.51
9850000.00,-40146027675.94,138728026903.33,-9820407.97,-29315.68,-8745.40,-4.49
9900000.00,-41609535572.14,138283115235.98,-10044208.30,-29224.00,-9051.18,-4.46
9950000.00,-43068377349.84,137822943471.33,-10266741.57,-29129.03,-9355.80,-4.44
