0.00,645373018659.64,-372478955196.52,-14250951466.27,4246.15,12956.75,0.00
50000.00,645585067560.09,-371830968612.40,-14250945729.01,4235.80,12962.71,0.23
100000.00,645796598667.87,-371182684257.03,-14250928512.70,4225.44,12968.67,0.46
150000.00,646007611522.70,-370534102486.55,-14250899809.83,4215.07,12974.61,0.69
200000.00,646218105665.48,-369885223661.64,-14250859611.87,4204.69,12980.55,0.92
250000.00,646428080638.82,-369236048147.58,-14250807909.24,4194.30,12986.48,1.15
300000.00,646637535987.98,-368586576314.18,-14250744691.07,4183.90,12992.40,1.38
350000.00,646846471261.90,-367936808535.50,-14250669945.12,4173.50,12998.32,1.61
400000.00,647054886014.65,-367286745188.97,-14250583657.56,4163.08,13004.22,1.84
450000.00,647262779806.90,-366636386653.69,-14250485813.03,4152.66,13010.12,2.07
500000.00,647470152206.95,-365985733307.42,-14250376394.81,4142.23,13016.02,2.30
550000.00,647677002790.52,-365334785522.21,-14250255385.52,4131.79,13021.90,2.54
600000.00,647883331138.11,-364683543659.23,-14250122768.36,4121.34,13027.78,2.77
650000.00,648089136829.34,-364032008064.63,-14249978528.78,4110.88,13033.65,3.00
700000.00,648294419435.21,-363380179068.67,-14249822656.00,4100.41,13039.51,3.23
750000.00,648499178511.06,-362728056989.55,-14249655143.75,4089.94,13045.37,3.47
800000.00,648703413593.35,-362075642140.67,-14249475989.85,4079.45,13051.23,3.70
850000.00,648907124201.28,-361422934838.18,-14249285194.72,4068.96,13057.07,3.93
900000.00,649110309841.72,-360769935406.08,-14249082759.82,4058.45,13062.91,4.17
950000.00,649312970014.81,-360116644178.06,-14248868686.24,4047.94,13068.74,4.40
1000000.00,649515104218.62,-359463061496.87,-14248642974.03,4037.42,13074.57,4.63
1050000.00,649716711952.04,-358809187712.62,-14248405621.90,4026.88,13080.39,4.86
1100000.00,649917792716.33,-358155023180.73,-14248156627.25,4016.34,13086.20,5.10
1150000.00,650118346015.76,-357500568260.22,-14247895986.41,4005.78,13092.00,5.33
1200000.00,650318371357.68,-356845823312.29,-14247623694.77,3995.22,13097.80,5.56
1250000.00,650517868252.36,-356190788699.36,-14247339747.14,3984.64,13103.59,5.80
1300000.00,650716836212.83,-355535464784.35,-14247044137.85,3974.06,13109.37,6.03
1350000.00,650915274754.65,-354879851930.25,-14246736860.96,3963.47,13115.15,6.26
1400000.00,651113183395.77,-354223950499.82,-14246417910.44,3952.87,13120.91,6.50
1450000.00,651310561656.42,-353567760855.45,-14246087280.24,3942.25,13126.68,6.73
1500000.00,651507409059.09,-352911283359.12,-14245744964.39,3931.63,13132.43,6.96
1550000.00,651703725128.44,-352254518372.43,-14245390957.08,3921.00,13138.18,7.20
1600000.00,651899509391.32,-351597466256.74,-14245025252.73,3910.36,13143.91,7.43
1650000.00,652094761376.75,-350940127373.24,-14244647845.98,3899.71,13149.65,7.67
1700000.00,652289480615.88,-350282502083.20,-14244258731.73,3889.05,13155.37,7.90
1750000.00,652483666641.96,-349624590748.15,-14243857905.16,3878.38,13161.09,8.13
1800000.00,652677318990.24,-348966393730.05,-14243445361.70,3867.70,13166.80,8.37
1850000.00,652870437197.92,-348307911391.54,-14243021096.99,3857.01,13172.50,8.60
1900000.00,653063020803.96,-347649144096.12,-14242585106.94,3846.32,13178.20,8.84
1950000.00,653255069349.01,-346990092208.32,-14242137387.58,3835.61,13183.88,9.07
2000000.00,653446582375.21,-346330756093.85,-14241677935.13,3824.90,13189.56,9.31
2050000.00,653637559426.02,-345671136119.75,-14241206745.91,3814.17,13195.24,9.54
2100000.00,653828000046.08,-345011232654.46,-14240723816.32,3803.44,13200.90,9.78
2150000.00,654017903781.00,-344351046067.91,-14240229142.80,3792.70,13206.56,10.01
2200000.00,654207270177.18,-343690576731.58,-14239722721.83,3781.95,13212.21,10.25
2250000.00,654396098781.70,-343029825018.50,-14239204549.85,3771.19,13217.86,10.48
2300000.00,654584389142.14,-342368791303.26,-14238674623.29,3760.42,13223.49,10.72
2350000.00,654772140806.44,-341707475961.99,-14238132938.50,3749.64,13229.12,10.95
2400000.00,654959353322.79,-341045879372.38,-14237579491.79,3738.85,13234.74,11.19
2450000.00,655146026239.54,-340384001913.57,-14237014279.37,3728.05,13240.36,11.42
2500000.00,655332159105.08,-339721843966.17,-14236437297.37,3717.25,13245.96,11.66
2550000.00,655517751467.80,-339059405912.18,-14235848541.82,3706.43,13251.56,11.89
2600000.00,655702802875.99,-338396688134.96,-14235248008.63,3695.61,13257.15,12.13
2650000.00,655887312877.85,-337733691019.16,-14234635693.65,3684.78,13262.74,12.36
2700000.00,656071281021.39,-337070414950.67,-14234011592.58,3673.94,13268.31,12.60
2750000.00,656254706854.44,-336406860316.60,-14233375701.06,3663.09,13273.88,12.84
2800000.00,656437589924.62,-335743027505.18,-14232728014.60,3652.23,13279.44,13.07
2850000.00,656619929779.30,-335078916905.80,-14232068528.64,3641.36,13284.99,13.31
2900000.00,656801725965.66,-334414528908.86,-14231397238.50,3630.48,13290.53,13.54
2950000.00,656982978030.61,-333749863905.84,-14230714139.45,3619.59,13296.07,13.78
3000000.00,657163685520.84,-333084922289.19,-14230019226.63,3608.70,13301.60,14.02
3050000.00,657343847982.81,-332419704452.34,-14229312495.15,3597.79,13307.12,14.25
3100000.00,657523464962.75,-331754210789.65,-14228593940.01,3586.88,13312.63,14.49
3150000.00,657702536006.67,-331088441696.41,-14227863556.16,3575.95,13318.14,14.73
3200000.00,657881060660.40,-330422397568.77,-14227121338.49,3565.02,13323.63,14.96
3250000.00,658059038469.55,-329756078803.80,-14226367281.82,3554.08,13329.12,15.20
3300000.00,658236468979.55,-329089485799.37,-14225601380.91,3543.13,13334.60,15.44
3350000.00,658413351735.67,-328422618954.25,-14224823630.49,3532.17,13340.08,15.67
3400000.00,658589686282.99,-327755478667.99,-14224034025.21,3521.20,13345.54,15.91
3450000.00,658765472166.49,-327088065340.97,-14223232559.71,3510.22,13351.00,16.15
3500000.00,658940708930.97,-326420379374.38,-14222419228.56,3499.24,13356.45,16.39
3550000.00,659115396121.13,-325752421170.21,-14221594026.33,3488.24,13361.89,16.62
3600000.00,659289533281.55,-325084191131.21,-14220756947.51,3477.23,13367.32,16.86
3650000.00,659463119956.71,-324415689660.96,-14219907986.61,3466.22,13372.74,17.10
3700000.00,659636155690.99,-323746917163.77,-14219047138.06,3455.20,13378.16,17.34
3750000.00,659808640028.69,-323077874044.76,-14218174396.29,3444.16,13383.57,17.57
3800000.00,659980572514.06,-322408560709.78,-14217289755.72,3433.12,13388.97,17.81
3850000.00,660151952691.25,-321738977565.48,-14216393210.72,3422.07,13394.36,18.05
3900000.00,660322780104.39,-321069125019.25,-14215484755.65,3411.01,13399.74,18.29
3950000.00,660493054297.55,-320399003479.24,-14214564384.87,3399.94,13405.12,18.53
4000000.00,660662774814.77,-319728613354.38,-14213632092.70,3388.87,13410.49,18.77
4050000.00,660831941200.05,-319057955054.33,-14212687873.44,3377.78,13415.85,19.00
4100000.00,661000552997.39,-318387028989.51,-14211731721.42,3366.68,13421.20,19.24
4150000.00,661168609750.75,-317715835571.12,-14210763630.90,3355.58,13426.54,19.48
4200000.00,661336111004.10,-317044375211.07,-14209783596.18,3344.46,13431.88,19.72
4250000.00,661503056301.40,-316372648322.07,-14208791611.52,3333.34,13437.20,19.96
4300000.00,661669445186.62,-315700655317.54,-14207787671.17,3322.20,13442.52,20.20
4350000.00,661835277203.73,-315028396611.70,-14206771769.40,3311.06,13447.83,20.44
4400000.00,662000551896.74,-314355872619.48,-14205743900.45,3299.91,13453.13,20.68
4450000.00,662165268809.66,-313683083756.59,-14204704058.56,3288.75,13458.43,20.92
4500000.00,662329427486.53,-313010030439.49,-14203652237.96,3277.58,13463.71,21.16
4550000.00,662493027471.42,-312336713085.40,-14202588432.89,3266.40,13468.99,21.40
4600000.00,662656068308.44,-311663132112.27,-14201512637.58,3255.22,13474.26,21.64
4650000.00,662818549541.74,-310989287938.85,-14200424846.26,3244.02,13479.52,21.88
4700000.00,662980470715.52,-310315180984.60,-14199325053.14,3232.81,13484.77,22.12
4750000.00,663141831374.00,-309640811669.77,-14198213252.44,3221.60,13490.01,22.36
4800000.00,663302631061.48,-308966180415.36,-14197089438.40,3210.38,13495.24,22.60
4850000.00,663462869322.31,-308291287643.14,-14195953605.23,3199.14,13500.47,22.84
4900000.00,663622545700.89,-307616133775.60,-14194805747.15,3187.90,13505.69,23.08
4950000.00,663781659741.69,-306940719236.05,-14193645858.38,3176.65,13510.90,23.32
5000000.00,663940210989.24,-306265044448.52,-14192473933.15,3165.39,13516.10,23.56
5050000.00,664098198988.14,-305589109837.82,-14191289965.67,3154.12,13521.29,23.80
5100000.00,664255623283.07,-304912915829.52,-14190093950.17,3142.84,13526.47,24.04
5150000.00,664412483418.77,-304236462849.95,-14188885880.88,3131.55,13531.65,24.28
5200000.00,664568778940.06,-303559751326.22,-14187665752.03,3120.26,13536.82,24.52
5250000.00,664724509391.84,-302882781686.20,-14186433557.83,3108.95,13541.97,24.76
5300000.00,664879674319.11,-302205554358.52,-14185189292.54,3097.63,13547.12,25.01
5350000.00,665034273266.92,-301528069772.59,-14183932950.38,3086.31,13552.26,25.25
5400000.00,665188305780.45,-300850328358.59,-14182664525.59,3074.98,13557.40,25.49
5450000.00,665341771404.93,-300172330547.46,-14181384012.42,3063.63,13562.52,25.73
5500000.00,665494669685.71,-299494076770.93,-14180091405.11,3052.28,13567.63,25.97
5550000.00,665647000168.21,-298815567461.48,-14178786697.91,3040.92,13572.74,26.22
5600000.00,665798762397.98,-298136803052.38,-14177469885.08,3029.55,13577.84,26.46
5650000.00,665949955920.63,-297457783977.68,-14176140960.87,3018.17,13582.93,26.70
5700000.00,666100580281.91,-296778510672.19,-14174799919.55,3006.79,13588.01,26.94
5750000.00,666250635027.63,-296098983571.50,-14173446755.38,2995.39,13593.08,27.18
5800000.00,666400119703.75,-295419203112.00,-14172081462.63,2983.98,13598.14,27.43
5850000.00,666549033856.30,-294739169730.82,-14170704035.59,2972.57,13603.20,27.67
5900000.00,666697377031.44,-294058883865.89,-14169314468.52,2961.14,13608.24,27.91
5950000.00,666845148775.43,-293378345955.94,-14167912755.73,2949.71,13613.28,28.16
6000000.00,666992348634.66,-292697556440.45,-14166498891.50,2938.27,13618.31,28.40
6050000.00,667138976155.61,-292016515759.70,-14165072870.12,2926.82,13623.32,28.64
6100000.00,667285030884.89,-291335224354.73,-14163634685.90,2915.36,13628.33,28.89
6150000.00,667430512369.22,-290653682667.41,-14162184333.16,2903.89,13633.34,29.13
6200000.00,667575420155.46,-289971891140.35,-14160721806.19,2892.41,13638.33,29.37
6250000.00,667719753790.58,-289289850216.97,-14159247099.32,2880.92,13643.31,29.62
6300000.00,667863512821.66,-288607560341.46,-14157760206.89,2869.43,13648.29,29.86
6350000.00,668006696795.92,-287925021958.82,-14156261123.21,2857.92,13653.25,30.10
6400000.00,668149305260.71,-287242235514.83,-14154749842.62,2846.41,13658.21,30.35
6450000.00,668291337763.50,-286559201456.04,-14153226359.48,2834.88,13663.16,30.59
6500000.00,668432793851.89,-285875920229.82,-14151690668.13,2823.35,13668.10,30.84
6550000.00,668573673073.61,-285192392284.32,-14150142762.92,2811.81,13673.03,31.08
6600000.00,668713974976.53,-284508618068.47,-14148582638.22,2800.26,13677.95,31.32
6650000.00,668853699108.66,-283824598032.01,-14147010288.40,2788.70,13682.86,31.57
6700000.00,668992845018.13,-283140332625.46,-14145425707.83,2777.13,13687.76,31.81
6750000.00,669131412253.23,-282455822300.15,-14143828890.89,2765.55,13692.66,32.06
6800000.00,669269400362.37,-281771067508.19,-14142219831.98,2753.96,13697.54,32.30
6850000.00,669406808894.11,-281086068702.50,-14140598525.49,2742.37,13702.42,32.55
6900000.00,669543637397.15,-280400826336.79,-14138964965.83,2730.76,13707.28,32.79
6950000.00,669679885420.33,-279715340865.56,-14137319147.39,2719.15,13712.14,33.04
7000000.00,669815552512.65,-279029612744.12,-14135661064.61,2707.52,13716.99,33.28
7050000.00,669950638223.25,-278343642428.58,-14133990711.89,2695.89,13721.83,33.53
7100000.00,670085142101.42,-277657430375.84,-14132308083.68,2684.25,13726.66,33.78
7150000.00,670219063696.60,-276970977043.61,-14130613174.41,2672.60,13731.48,34.02
7200000.00,670352402558.37,-276284282890.40,-14128905978.53,2660.94,13736.29,34.27
7250000.00,670485158236.49,-275597348375.53,-14127186490.48,2649.27,13741.09,34.51
7300000.00,670617330280.85,-274910173959.11,-14125454704.73,2637.60,13745.89,34.76
7350000.00,670748918241.51,-274222760102.05,-14123710615.74,2625.91,13750.67,35.00
7400000.00,670879921668.68,-273535107266.09,-14121954217.99,2614.21,13755.45,35.25
7450000.00,671010340112.75,-272847215913.75,-14120185505.96,2602.51,13760.21,35.50
7500000.00,671140173124.24,-272159086508.37,-14118404474.14,2590.80,13764.97,35.74
7550000.00,671269420253.84,-271470719514.09,-14116611117.02,2579.07,13769.72,35.99
7600000.00,671398081052.44,-270782115395.87,-14114805429.11,2567.34,13774.45,36.24
7650000.00,671526155071.04,-270093274619.47,-14112987404.92,2555.60,13779.18,36.48
7700000.00,671653641860.84,-269404197651.45,-14111157038.97,2543.85,13783.90,36.73
7750000.00,671780540973.22,-268714884959.21,-14109314325.79,2532.10,13788.61,36.98
7800000.00,671906851959.69,-268025337010.92,-14107459259.91,2520.33,13793.31,37.23
7850000.00,672032574371.97,-267335554275.59,-14105591835.88,2508.55,13798.00,37.47
7900000.00,672157707761.92,-266645537223.04,-14103712048.24,2496.77,13802.68,37.72
7950000.00,672282251681.60,-265955286323.90,-14101819891.56,2484.97,13807.36,37.97
8000000.00,672406205683.23,-265264802049.61,-14099915360.40,2473.17,13812.02,38.21
8050000.00,672529569319.23,-264574084872.42,-14097998449.33,2461.36,13816.67,38.46
8100000.00,672652342142.16,-263883135265.42,-14096069152.94,2449.54,13821.32,38.71
8150000.00,672774523704.80,-263191953702.48,-14094127465.82,2437.71,13825.95,38.96
8200000.00,672896113560.09,-262500540658.32,-14092173382.57,2425.87,13830.57,39.21
8250000.00,673017111261.15,-261808896608.46,-14090206897.79,2414.02,13835.19,39.45
8300000.00,673137516361.29,-261117022029.23,-14088228006.10,2402.17,13839.80,39.70
8350000.00,673257328414.01,-260424917397.80,-14086236702.13,2390.30,13844.39,39.95
8400000.00,673376546973.00,-259732583192.15,-14084232980.49,2378.43,13848.98,40.20
8450000.00,673495171592.12,-259040019891.08,-14082216835.85,2366.54,13853.56,40.45
8500000.00,673613201825.45,-258347227974.20,-14080188262.83,2354.65,13858.12,40.70
8550000.00,673730637227.23,-257654207921.97,-14078147256.10,2342.75,13862.68,40.94
8600000.00,673847477351.92,-256960960215.64,-14076093810.33,2330.84,13867.23,41.19
8650000.00,673963721754.15,-256267485337.31,-14074027920.19,2318.92,13871.77,41.44
8700000.00,674079369988.77,-255573783769.88,-14071949580.35,2306.99,13876.30,41.69
8750000.00,674194421610.82,-254879855997.10,-14069858785.51,2295.06,13880.82,41.94
8800000.00,674308876175.51,-254185702503.52,-14067755530.38,2283.11,13885.33,42.19
8850000.00,674422733238.31,-253491323774.53,-14065639809.65,2271.16,13889.83,42.44
8900000.00,674535992354.84,-252796720296.34,-14063511618.04,2259.19,13894.32,42.69
8950000.00,674648653080.94,-252101892556.00,-14061370950.28,2247.22,13898.80,42.94
9000000.00,674760714972.66,-251406841041.38,-14059217801.10,2235.24,13903.27,43.19
9050000.00,674872177586.25,-250711566241.16,-14057052165.25,2223.25,13907.73,43.44
9100000.00,674983040478.18,-250016068644.88,-14054874037.47,2211.25,13912.18,43.69
9150000.00,675093303205.11,-249320348742.89,-14052683412.52,2199.24,13916.62,43.94
9200000.00,675202965323.93,-248624407026.37,-14050480285.18,2187.23,13921.05,44.19
9250000.00,675312026391.72,-247928243987.36,-14048264650.23,2175.20,13925.47,44.44
9300000.00,675420485965.80,-247231860118.68,-14046036502.44,2163.17,13929.88,44.69
9350000.00,675528343603.68,-246535255914.04,-14043795836.61,2151.12,13934.29,44.94
9400000.00,675635598863.10,-245838431867.93,-14041542647.56,2139.07,13938.68,45.19
9450000.00,675742251302.03,-245141388475.71,-14039276930.09,2127.01,13943.06,45.44
9500000.00,675848300478.63,-244444126233.56,-14036998679.02,2114.94,13947.43,45.69
9550000.00,675953745951.30,-243746645638.50,-14034707889.19,2102.86,13951.79,45.94
9600000.00,676058587278.67,-243048947188.38,-14032404555.44,2090.78,13956.15,46.19
9650000.00,676162824019.58,-242351031381.90,-14030088672.61,2078.68,13960.49,46.44
9700000.00,676266455733.09,-241652898718.57,-14027760235.58,2066.58,13964.82,46.69
9750000.00,676369481978.52,-240954549698.76,-14025419239.20,2054.46,13969.14,46.95
9800000.00,676471902315.37,-240255984823.67,-14023065678.36,2042.34,13973.45,47.20
9850000.00,676573716303.41,-239557204595.34,-14020699547.93,2030.21,13977.76,47.45
9900000.00,676674923502.63,-238858209516.66,-14018320842.83,2018.07,13982.05,47.70
9950000.00,676775523473.24,-238159000091.34,-14015929557.95,2005.92,13986.33,47.95
