0.00,642163381593.09,-384812481313.28,-12773966038.95,-2658.59,1500.99,0.00
50000.00,642030176931.24,-384737226603.42,-12773958998.23,-2669.48,1509.11,0.27
100000.00,641896441629.30,-384661581149.56,-12773939293.13,-2679.89,1516.62,0.51
150000.00,641762191008.32,-384585573165.06,-12773908174.79,-2690.12,1523.65,0.73
200000.00,641627430939.83,-384509221143.03,-12773866225.29,-2700.28,1530.40,0.95
250000.00,641492163446.12,-384432536440.35,-12773813728.72,-2710.42,1536.97,1.15
300000.00,641356389071.57,-384355526245.69,-12773750833.81,-2720.56,1543.43,1.36
350000.00,641220107785.35,-384278195296.36,-12773677623.24,-2730.70,1549.81,1.57
400000.00,641083319331.49,-384200546832.13,-12773594144.94,-2740.85,1556.13,1.77
450000.00,640946023370.45,-384122583139.18,-12773500427.38,-2751.00,1562.42,1.98
500000.00,640808219538.12,-384044305872.46,-12773396487.49,-2761.16,1568.68,2.18
550000.00,640669907470.28,-383965716254.54,-12773282335.00,-2771.33,1574.91,2.39
600000.00,640531086812.31,-383886815202.78,-12773157975.03,-2781.51,1581.13,2.59
650000.00,640391757222.26,-383807603413.43,-12773023409.59,-2791.69,1587.34,2.79
700000.00,640251918371.18,-383728081418.82,-12772878638.52,-2801.88,1593.54,3.00
750000.00,640111569942.16,-383648249627.29,-12772723660.18,-2812.07,1599.73,3.20
800000.00,639970711629.00,-383568108351.69,-12772558471.80,-2822.27,1605.92,3.41
850000.00,639829343134.79,-383487657830.18,-12772383069.83,-2832.48,1612.10,3.61
900000.00,639687464170.63,-383406898241.65,-12772197450.06,-2842.69,1618.28,3.81
950000.00,639545074454.39,-383325829717.31,-12772001607.84,-2852.91,1624.46,4.02
1000000.00,639402173709.67,-383244452349.64,-12771795538.14,-2863.13,1630.64,4.22
1050000.00,639258761664.92,-383162766199.24,-12771579235.64,-2873.36,1636.81,4.43
1100000.00,639114838052.68,-383080771300.26,-12771352694.77,-2883.59,1642.99,4.63
1150000.00,638970402608.89,-382998467664.72,-12771115909.79,-2893.83,1649.16,4.84
1200000.00,638825455072.34,-382915855285.88,-12770868874.76,-2904.08,1655.34,5.04
1250000.00,638679995184.19,-382832934141.11,-12770611583.66,-2914.33,1661.51,5.25
1300000.00,638534022687.57,-382749704194.09,-12770344030.32,-2924.58,1667.69,5.45
1350000.00,638387537327.19,-382666165396.72,-12770066208.46,-2934.84,1673.87,5.66
1400000.00,638240538849.09,-382582317690.62,-12769778111.76,-2945.11,1680.05,5.86
1450000.00,638093027000.34,-382498161008.46,-12769479733.77,-2955.38,1686.23,6.07
1500000.00,637945001528.82,-382413695275.03,-12769171068.03,-2965.65,1692.41,6.28
1550000.00,637796462183.00,-382328920408.14,-12768852107.97,-2975.93,1698.59,6.48
1600000.00,637647408711.84,-382243836319.38,-12768522846.98,-2986.22,1704.78,6.69
1650000.00,637497840864.54,-382158442914.81,-12768183278.43,-2996.51,1710.96,6.89
1700000.00,637347758390.49,-382072740095.53,-12767833395.60,-3006.80,1717.15,7.10
1750000.00,637197161039.11,-381986727758.10,-12767473191.75,-3017.10,1723.35,7.31
1800000.00,637046048559.77,-381900405795.06,-12767102660.09,-3027.41,1729.54,7.51
1850000.00,636894420701.67,-381813774095.21,-12766721793.80,-3037.72,1735.74,7.72
1900000.00,636742277213.78,-381726832543.96,-12766330586.02,-3048.03,1741.93,7.93
1950000.00,636589617844.77,-381639581023.63,-12765929029.86,-3058.35,1748.13,8.13
2000000.00,636436442342.94,-381552019413.66,-12765517118.37,-3068.68,1754.34,8.34
2050000.00,636282750456.17,-381464147590.82,-12765094844.62,-3079.01,1760.54,8.55
2100000.00,636128541931.84,-381375965429.43,-12764662201.59,-3089.34,1766.75,8.76
2150000.00,635973816516.81,-381287472801.52,-12764219182.27,-3099.68,1772.96,8.96
2200000.00,635818573957.39,-381198669576.97,-12763765779.60,-3110.03,1779.17,9.17
2250000.00,635662813999.25,-381109555623.62,-12763301986.50,-3120.38,1785.39,9.38
2300000.00,635506536387.44,-381020130807.43,-12762827795.86,-3130.74,1791.61,9.59
2350000.00,635349740866.34,-380930394992.58,-12762343200.54,-3141.10,1797.83,9.80
2400000.00,635192427179.60,-380840348041.53,-12761848193.37,-3151.46,1804.05,10.00
2450000.00,635034595070.17,-380749989815.14,-12761342767.16,-3161.83,1810.28,10.21
2500000.00,634876244280.23,-380659320172.73,-12760826914.67,-3172.21,1816.51,10.42
2550000.00,634717374551.18,-380568338972.14,-12760300628.67,-3182.59,1822.74,10.63
2600000.00,634557985623.64,-380477046069.83,-12759763901.88,-3192.98,1828.98,10.84
2650000.00,634398077237.40,-380385441320.90,-12759216726.99,-3203.37,1835.22,11.05
2700000.00,634237649131.41,-380293524579.15,-12758659096.67,-3213.77,1841.46,11.26
2750000.00,634076701043.79,-380201295697.12,-12758091003.57,-3224.17,1847.70,11.47
2800000.00,633915232711.78,-380108754526.16,-12757512440.30,-3234.58,1853.95,11.68
2850000.00,633753243871.74,-380015900916.44,-12756923399.47,-3244.99,1860.20,11.89
2900000.00,633590734259.14,-379922734716.99,-12756323873.62,-3255.41,1866.45,12.10
2950000.00,633427703608.54,-379829255775.74,-12755713855.31,-3265.83,1872.71,12.31
3000000.00,633264151653.60,-379735463939.54,-12755093337.04,-3276.26,1878.97,12.52
3050000.00,633100078127.02,-379641359054.22,-12754462311.31,-3286.69,1885.23,12.73
3100000.00,632935482760.58,-379546940964.54,-12753820770.57,-3297.13,1891.50,12.94
3150000.00,632770365285.12,-379452209514.29,-12753168707.26,-3307.58,1897.77,13.15
3200000.00,632604725430.50,-379357164546.28,-12752506113.80,-3318.03,1904.04,13.36
3250000.00,632438562925.63,-379261805902.34,-12751832982.56,-3328.48,1910.31,13.57
3300000.00,632271877498.43,-379166133423.36,-12751149305.91,-3338.94,1916.59,13.78
3350000.00,632104668875.84,-379070146949.32,-12750455076.18,-3349.41,1922.87,13.99
3400000.00,631936936783.83,-378973846319.26,-12749750285.66,-3359.88,1929.16,14.20
3450000.00,631768680947.32,-378877231371.34,-12749034926.66,-3370.36,1935.45,14.41
3500000.00,631599901090.28,-378780301942.81,-12748308991.41,-3380.84,1941.74,14.62
3550000.00,631430596935.64,-378683057870.07,-12747572472.15,-3391.33,1948.03,14.84
3600000.00,631260768205.30,-378585498988.62,-12746825361.08,-3401.83,1954.33,15.05
3650000.00,631090414620.17,-378487625133.14,-12746067650.38,-3412.33,1960.63,15.26
3700000.00,630919535900.08,-378389436137.43,-12745299332.19,-3422.83,1966.94,15.47
3750000.00,630748131763.87,-378290931834.46,-12744520398.65,-3433.34,1973.24,15.68
3800000.00,630576201929.29,-378192112056.38,-12743730841.85,-3443.86,1979.55,15.90
3850000.00,630403746113.09,-378092976634.50,-12742930653.86,-3454.38,1985.87,16.11
3900000.00,630230764030.92,-377993525399.31,-12742119826.73,-3464.91,1992.19,16.32
3950000.00,630057255397.40,-377893758180.49,-12741298352.47,-3475.45,1998.51,16.54
4000000.00,629883219926.07,-377793674806.92,-12740466223.09,-3485.98,2004.83,16.75
4050000.00,629708657329.40,-377693275106.67,-12739623430.54,-3496.53,2011.16,16.96
4100000.00,629533567318.80,-377592558907.01,-12738769966.77,-3507.08,2017.49,17.18
4150000.00,629357949604.59,-377491526034.41,-12737905823.68,-3517.64,2023.83,17.39
4200000.00,629181803896.00,-377390176314.56,-12737030993.17,-3528.20,2030.17,17.60
4250000.00,629005129901.17,-377288509572.35,-12736145467.10,-3538.77,2036.51,17.82
4300000.00,628827927327.16,-377186525631.91,-12735249237.29,-3549.34,2042.86,18.03
4350000.00,628650195879.92,-377084224316.55,-12734342295.56,-3559.92,2049.20,18.25
4400000.00,628471935264.31,-376981605448.84,-12733424633.68,-3570.51,2055.56,18.46
4450000.00,628293145184.06,-376878668850.55,-12732496243.40,-3581.10,2061.91,18.68
4500000.00,628113825341.82,-376775414342.67,-12731557116.46,-3591.70,2068.27,18.89
4550000.00,627933975439.08,-376671841745.44,-12730607244.54,-3602.31,2074.64,19.11
4600000.00,627753595176.26,-376567950878.32,-12729646619.32,-3612.92,2081.00,19.32
4650000.00,627572684252.63,-376463741559.99,-12728675232.44,-3623.53,2087.38,19.54
4700000.00,627391242366.33,-376359213608.36,-12727693075.51,-3634.15,2093.75,19.75
4750000.00,627209269214.36,-376254366840.60,-12726700140.13,-3644.78,2100.13,19.97
4800000.00,627026764492.62,-376149201073.09,-12725696417.86,-3655.42,2106.51,20.18
4850000.00,626843727895.83,-376043716121.44,-12724681900.22,-3666.06,2112.90,20.40
4900000.00,626660159117.59,-375937911800.50,-12723656578.73,-3676.70,2119.28,20.61
4950000.00,626476057850.34,-375831787924.38,-12722620444.86,-3687.36,2125.68,20.83
5000000.00,626291423785.36,-375725344306.38,-12721573490.06,-3698.02,2132.07,21.05
5050000.00,626106256612.81,-375618580759.08,-12720515705.75,-3708.68,2138.47,21.26
5100000.00,625920556021.64,-375511497094.26,-12719447083.33,-3719.35,2144.88,21.48
5150000.00,625734321699.67,-375404093122.97,-12718367614.16,-3730.03,2151.29,21.70
5200000.00,625547553333.55,-375296368655.46,-12717277289.58,-3740.72,2157.70,21.92
5250000.00,625360250608.74,-375188323501.24,-12716176100.89,-3751.41,2164.11,22.13
5300000.00,625172413209.55,-375079957469.05,-12715064039.39,-3762.10,2170.53,22.35
5350000.00,624984040819.08,-374971270366.87,-12713941096.31,-3772.81,2176.96,22.57
5400000.00,624795133119.27,-374862262001.90,-12712807262.89,-3783.51,2183.38,22.79
5450000.00,624605689790.86,-374752932180.58,-12711662530.32,-3794.23,2189.82,23.00
5500000.00,624415710513.42,-374643280708.59,-12710506889.76,-3804.95,2196.25,23.22
5550000.00,624225194965.29,-374533307390.85,-12709340332.36,-3815.68,2202.69,23.44
5600000.00,624034142823.65,-374423012031.47,-12708162849.21,-3826.42,2209.13,23.66
5650000.00,623842553764.45,-374312394433.85,-12706974431.41,-3837.16,2215.58,23.88
5700000.00,623650427462.45,-374201454400.58,-12705775070.00,-3847.91,2222.03,24.10
5750000.00,623457763591.18,-374090191733.48,-12704564755.99,-3858.66,2228.48,24.32
5800000.00,623264561822.97,-373978606233.62,-12703343480.40,-3869.42,2234.94,24.54
5850000.00,623070821828.95,-373866697701.28,-12702111234.16,-3880.19,2241.41,24.75
5900000.00,622876543278.99,-373754465935.98,-12700868008.23,-3890.96,2247.87,24.97
5950000.00,622681725841.76,-373641910736.43,-12699613793.50,-3901.75,2254.34,25.19
6000000.00,622486369184.69,-373529031900.62,-12698348580.84,-3912.53,2260.82,25.41
6050000.00,622290472974.00,-373415829225.70,-12697072361.10,-3923.33,2267.30,25.63
6100000.00,622094036874.64,-373302302508.10,-12695785125.10,-3934.13,2273.78,25.86
6150000.00,621897060550.34,-373188451543.42,-12694486863.61,-3944.94,2280.27,26.08
6200000.00,621699543663.57,-373074276126.50,-12693177567.40,-3955.75,2286.76,26.30
6250000.00,621501485875.58,-372959776051.40,-12691857227.19,-3966.57,2293.25,26.52
6300000.00,621302886846.33,-372844951111.39,-12690525833.66,-3977.40,2299.75,26.74
6350000.00,621103746234.55,-372729801098.95,-12689183377.49,-3988.24,2306.26,26.96
6400000.00,620904063697.71,-372614325805.78,-12687829849.30,-3999.08,2312.76,27.18
6450000.00,620703838891.99,-372498525022.77,-12686465239.70,-4009.93,2319.28,27.40
6500000.00,620503071472.34,-372382398540.05,-12685089539.27,-4020.78,2325.79,27.63
6550000.00,620301761092.40,-372265946146.92,-12683702738.53,-4031.64,2332.31,27.85
6600000.00,620099907404.57,-372149167631.92,-12682304828.01,-4042.51,2338.84,28.07
6650000.00,619897510059.94,-372032062782.78,-12680895798.18,-4053.39,2345.37,28.29
6700000.00,619694568708.33,-371914631386.42,-12679475639.48,-4064.27,2351.90,28.51
6750000.00,619491082998.28,-371796873228.97,-12678044342.35,-4075.17,2358.44,28.74
6800000.00,619287052577.02,-371678788095.76,-12676601897.16,-4086.06,2364.98,28.96
6850000.00,619082477090.49,-371560375771.30,-12675148294.26,-4096.97,2371.52,29.18
6900000.00,618877356183.35,-371441636039.33,-12673683523.99,-4107.88,2378.07,29.41
6950000.00,618671689498.91,-371322568682.74,-12672207576.62,-4118.80,2384.63,29.63
7000000.00,618465476679.23,-371203173483.63,-12670720442.43,-4129.73,2391.19,29.85
7050000.00,618258717365.01,-371083450223.29,-12669222111.64,-4140.66,2397.75,30.08
7100000.00,618051411195.67,-370963398682.19,-12667712574.44,-4151.60,2404.32,30.30
7150000.00,617843557809.28,-370843018639.98,-12666191821.00,-4162.55,2410.89,30.53
7200000.00,617635156842.59,-370722309875.52,-12664659841.46,-4173.50,2417.47,30.75
7250000.00,617426207931.05,-370601272166.80,-12663116625.91,-4184.47,2424.05,30.98
7300000.00,617216710708.74,-370479905291.03,-12661562164.41,-4195.44,2430.63,31.20
7350000.00,617006664808.43,-370358209024.58,-12659996447.01,-4206.41,2437.22,31.43
7400000.00,616796069861.53,-370236183142.99,-12658419463.71,-4217.40,2443.82,31.65
7450000.00,616584925498.13,-370113827420.97,-12656831204.48,-4228.39,2450.42,31.88
7500000.00,616373231346.93,-369991141632.42,-12655231659.25,-4239.39,2457.02,32.10
7550000.00,616160987035.33,-369868125550.37,-12653620817.93,-4250.40,2463.63,32.33
7600000.00,615948192189.31,-369744778947.05,-12651998670.38,-4261.41,2470.24,32.56
7650000.00,615734846433.55,-369621101593.83,-12650365206.46,-4272.43,2476.86,32.78
7700000.00,615520949391.31,-369497093261.24,-12648720415.96,-4283.46,2483.48,33.01
7750000.00,615306500684.51,-369372753718.99,-12647064288.65,-4294.50,2490.11,33.24
7800000.00,615091499933.70,-369248082735.91,-12645396814.28,-4305.54,2496.74,33.46
7850000.00,614875946758.02,-369123080080.01,-12643717982.55,-4316.60,2503.37,33.69
7900000.00,614659840775.24,-368997745518.44,-12642027783.12,-4327.66,2510.02,33.92
7950000.00,614443181601.77,-368872078817.50,-12640326205.64,-4338.72,2516.66,34.15
8000000.00,614225968852.58,-368746079742.63,-12638613239.71,-4349.80,2523.31,34.37
8050000.00,614008202141.27,-368619748058.43,-12636888874.90,-4360.88,2529.96,34.60
8100000.00,613789881080.03,-368493083528.61,-12635153100.74,-4371.97,2536.62,34.83
8150000.00,613571005279.66,-368366085916.04,-12633405906.74,-4383.07,2543.29,35.06
8200000.00,613351574349.53,-368238754982.72,-12631647282.36,-4394.18,2549.96,35.29
8250000.00,613131587897.59,-368111090489.80,-12629877217.03,-4405.29,2556.63,35.52
8300000.00,612911045530.40,-367983092197.52,-12628095700.15,-4416.41,2563.31,35.75
8350000.00,612689946853.06,-367854759865.29,-12626302721.09,-4427.54,2569.99,35.97
8400000.00,612468291469.26,-367726093251.61,-12624498269.16,-4438.68,2576.68,36.20
8450000.00,612246078981.26,-367597092114.13,-12622682333.67,-4449.83,2583.37,36.43
8500000.00,612023308989.87,-367467756209.60,-12620854903.87,-4460.98,2590.07,36.66
8550000.00,611799981094.47,-367338085293.91,-12619015968.99,-4472.15,2596.77,36.89
8600000.00,611576094892.98,-367208079122.04,-12617165518.20,-4483.32,2603.48,37.12
8650000.00,611351649981.87,-367077737448.08,-12615303540.67,-4494.49,2610.19,37.36
8700000.00,611126645956.16,-366947060025.27,-12613430025.50,-4505.68,2616.91,37.59
8750000.00,610901082409.41,-366816046605.90,-12611544961.78,-4516.87,2623.63,37.82
8800000.00,610674958933.69,-366684696941.40,-12609648338.56,-4528.08,2630.36,38.05
8850000.00,610448275119.63,-366553010782.30,-12607740144.83,-4539.29,2637.09,38.28
8900000.00,610221030556.36,-366420987878.20,-12605820369.58,-4550.51,2643.83,38.51
8950000.00,609993224831.55,-366288627977.83,-12603889001.73,-4561.73,2650.57,38.74
9000000.00,609764857531.36,-366155930828.99,-12601946030.19,-4572.97,2657.32,38.98
9050000.00,609535928240.48,-366022896178.58,-12599991443.83,-4584.21,2664.07,39.21
9100000.00,609306436542.09,-365889523772.58,-12598025231.46,-4595.47,2670.83,39.44
9150000.00,609076382017.88,-365755813356.06,-12596047381.87,-4606.73,2677.59,39.67
9200000.00,608845764248.02,-365621764673.15,-12594057883.82,-4618.00,2684.36,39.91
9250000.00,608614582811.19,-365487377467.10,-12592056726.03,-4629.27,2691.13,40.14
9300000.00,608382837284.54,-365352651480.19,-12590043897.17,-4640.56,2697.91,40.37
9350000.00,608150527243.69,-365217586453.80,-12588019385.88,-4651.85,2704.70,40.61
9400000.00,607917652262.77,-365082182128.36,-12585983180.77,-4663.16,2711.48,40.84
9450000.00,607684211914.33,-364946438243.39,-12583935270.39,-4674.47,2718.28,41.08
9500000.00,607450205769.42,-364810354537.45,-12581875643.29,-4685.79,2725.08,41.31
9550000.00,607215633397.54,-364673930748.18,-12579804287.95,-4697.12,2731.88,41.54
9600000.00,606980494366.63,-364537166612.25,-12577721192.82,-4708.46,2738.69,41.78
9650000.00,606744788243.09,-364400061865.40,-12575626346.32,-4719.80,2745.51,42.01
9700000.00,606508514591.78,-364262616242.43,-12573519736.82,-4731.16,2752.33,42.25
9750000.00,606271672975.95,-364124829477.18,-12571401352.66,-4742.52,2759.15,42.49
9800000.00,606034262957.34,-363986701302.52,-12569271182.13,-4753.89,2765.98,42.72
9850000.00,605796284096.07,-363848231450.37,-12567129213.50,-4765.27,2772.82,42.96
9900000.00,605557735950.71,-363709419651.69,-12564975434.99,-4776.66,2779.66,43.19
9950000.00,605318618078.23,-363570265636.49,-12562809834.78,-4788.06,2786.51,43.43
