0.00,643025677568.93,-385462256940.62,-12781584177.78,15263.10,26895.61,0.00
50000.00,643788574651.70,-384117318728.07,-12781578888.69,15252.80,26901.91,0.21
100000.00,644550958613.31,-382772061037.11,-12781562279.61,15242.48,26908.47,0.46
150000.00,645312815126.01,-381426477818.89,-12781532846.52,15231.81,26914.75,0.71
200000.00,646074145949.13,-380080590979.86,-12781492250.13,15221.44,26920.72,0.92
250000.00,646834961339.66,-378734406322.50,-12781441368.09,15211.17,26926.67,1.12
300000.00,647595264195.81,-377387924628.83,-12781380351.66,15200.93,26932.60,1.32
350000.00,648355055212.17,-376041146580.14,-12781309239.30,15190.70,26938.52,1.52
400000.00,649114334386.13,-374694072978.22,-12781228044.56,15180.46,26944.42,1.72
450000.00,649873101435.26,-373346704709.09,-12781136773.18,15170.21,26950.31,1.93
500000.00,650631355945.61,-371999042711.63,-12781035427.93,15159.96,26956.17,2.13
550000.00,651389097434.95,-370651087958.97,-12780924010.23,15149.69,26962.02,2.33
600000.00,652146325383.28,-369302841447.57,-12780802520.92,15139.41,26967.84,2.53
650000.00,652903039249.16,-367954304190.68,-12780670960.54,15129.13,26973.65,2.73
700000.00,653659238479.02,-366605477214.24,-12780529329.49,15118.83,26979.43,2.93
750000.00,654414922512.78,-365256361554.12,-12780377628.14,15108.52,26985.20,3.13
800000.00,655170090787.48,-363906958254.39,-12780215856.90,15098.20,26990.94,3.34
850000.00,655924742739.62,-362557268366.02,-12780044016.20,15087.87,26996.66,3.54
900000.00,656678877806.85,-361207292945.94,-12779862106.55,15077.52,27002.36,3.74
950000.00,657432495429.01,-359857033056.44,-12779670128.54,15067.17,27008.04,3.94
1000000.00,658185595049.06,-358506489764.66,-12779468082.86,15056.80,27013.70,4.14
1050000.00,658938176113.61,-357155664142.16,-12779255970.28,15046.43,27019.33,4.34
1100000.00,659690238073.44,-355804557264.67,-12779033791.67,15036.04,27024.95,4.54
1150000.00,660441780383.79,-354453170211.85,-12778801548.03,15025.64,27030.54,4.75
1200000.00,661192802504.69,-353101504067.05,-12778559240.42,15015.23,27036.11,4.95
1250000.00,661943303901.13,-351749559917.20,-12778306870.05,15004.81,27041.66,5.15
1300000.00,662693284043.28,-350397338852.64,-12778044438.21,14994.38,27047.19,5.35
1350000.00,663442742406.59,-349044841967.01,-12777771946.31,14983.94,27052.69,5.55
1400000.00,664191678471.94,-347692070357.16,-12777489395.86,14973.49,27058.17,5.75
1450000.00,664940091725.71,-346339025123.05,-12777196788.49,14963.03,27063.64,5.95
1500000.00,665687981659.89,-344985707367.66,-12776894125.95,14952.56,27069.08,6.15
1550000.00,666435347772.13,-343632118196.93,-12776581410.06,14942.08,27074.49,6.35
1600000.00,667182189565.80,-342278258719.68,-12776258642.80,14931.58,27079.89,6.56
1650000.00,667928506550.06,-340924130047.57,-12775925826.22,14921.08,27085.26,6.76
1700000.00,668674298239.89,-339569733295.00,-12775582962.51,14910.57,27090.61,6.96
1750000.00,669419564156.14,-338215069579.10,-12775230053.96,14900.05,27095.94,7.16
1800000.00,670164303825.57,-336860140019.64,-12774867102.96,14889.52,27101.24,7.36
1850000.00,670908516780.86,-335504945739.01,-12774494112.03,14878.98,27106.53,7.56
1900000.00,671652202560.68,-334149487862.13,-12774111083.79,14868.44,27111.79,7.76
1950000.00,672395360709.66,-332793767516.44,-12773718020.96,14857.88,27117.03,7.96
2000000.00,673137990778.47,-331437785831.86,-12773314926.40,14847.31,27122.24,8.16
2050000.00,673880092323.81,-330081543940.69,-12772901803.04,14836.74,27127.43,8.36
2100000.00,674621664908.45,-328725042977.61,-12772478653.96,14826.15,27132.60,8.56
2150000.00,675362708101.23,-327368284079.65,-12772045482.33,14815.56,27137.75,8.76
2200000.00,676103221477.08,-326011268386.08,-12771602291.44,14804.96,27142.88,8.96
2250000.00,676843204617.06,-324653997038.46,-12771149084.66,14794.35,27147.98,9.16
2300000.00,677582657108.35,-323296471180.50,-12770685865.51,14783.74,27153.06,9.36
2350000.00,678321578544.26,-321938691958.11,-12770212637.60,14773.11,27158.11,9.56
2400000.00,679059968524.29,-320580660519.27,-12769729404.65,14762.48,27163.15,9.76
2450000.00,679797826654.07,-319222378014.08,-12769236170.50,14751.84,27168.16,9.96
2500000.00,680535152545.43,-317863845594.65,-12768732939.07,14741.19,27173.14,10.16
2550000.00,681271945816.40,-316505064415.06,-12768219714.41,14730.53,27178.11,10.36
2600000.00,682008206091.19,-315146035631.39,-12767696500.70,14719.87,27183.05,10.56
2650000.00,682743933000.23,-313786760401.60,-12767163302.18,14709.20,27187.96,10.76
2700000.00,683479126180.18,-312427239885.53,-12766620123.24,14698.52,27192.86,10.96
2750000.00,684213785273.92,-311067475244.84,-12766066968.35,14687.83,27197.73,11.16
2800000.00,684947909930.57,-309707467642.99,-12765503842.11,14677.14,27202.58,11.36
2850000.00,685681499805.48,-308347218245.21,-12764930749.21,14666.44,27207.40,11.56
2900000.00,686414554560.28,-306986728218.41,-12764347694.46,14655.74,27212.20,11.76
2950000.00,687147073862.84,-305625998731.20,-12763754682.76,14645.02,27216.98,11.96
3000000.00,687879057387.28,-304265030953.79,-12763151719.14,14634.31,27221.73,12.16
3050000.00,688610504814.01,-302903826058.02,-12762538808.72,14623.58,27226.46,12.36
3100000.00,689341415829.71,-301542385217.26,-12761915956.72,14612.85,27231.17,12.56
3150000.00,690071790127.34,-300180709606.40,-12761283168.49,14602.11,27235.85,12.76
3200000.00,690801627406.13,-298818800401.80,-12760640449.47,14591.37,27240.51,12.95
3250000.00,691530927371.60,-297456658781.27,-12759987805.20,14580.62,27245.15,13.15
3300000.00,692259689735.58,-296094285924.00,-12759325241.34,14569.86,27249.76,13.35
3350000.00,692987914216.15,-294731683010.55,-12758652763.64,14559.10,27254.35,13.55
3400000.00,693715600537.72,-293368851222.78,-12757970377.97,14548.34,27258.92,13.75
3450000.00,694442748430.99,-292005791743.85,-12757278090.30,14537.57,27263.46,13.94
3500000.00,695169357632.96,-290642505758.14,-12756575906.68,14526.79,27267.98,14.14
3550000.00,695895427886.91,-289278994451.24,-12755863833.30,14516.01,27272.47,14.34
3600000.00,696620958942.44,-287915259009.90,-12755141876.44,14505.22,27276.94,14.54
3650000.00,697345950555.44,-286551300622.00,-12754410042.46,14494.43,27281.39,14.74
3700000.00,698070402488.12,-285187120476.48,-12753668337.86,14483.63,27285.81,14.93
3750000.00,698794314508.97,-283822719763.34,-12752916769.22,14472.83,27290.21,15.13
3800000.00,699517686392.77,-282458099673.59,-12752155343.23,14462.03,27294.59,15.33
3850000.00,700240517920.64,-281093261399.20,-12751384066.67,14451.22,27298.94,15.52
3900000.00,700962808879.97,-279728206133.06,-12750602946.44,14440.41,27303.27,15.72
3950000.00,701684559064.44,-278362935068.96,-12749811989.52,14429.59,27307.57,15.92
4000000.00,702405768274.03,-276997449401.54,-12749011203.00,14418.77,27311.85,16.11
4050000.00,703126436315.03,-275631750326.23,-12748200594.08,14407.94,27316.11,16.31
4100000.00,703846562999.99,-274265839039.27,-12747380170.05,14397.11,27320.34,16.51
4150000.00,704566148147.77,-272899716737.60,-12746549938.29,14386.28,27324.55,16.70
4200000.00,705285191583.50,-271533384618.88,-12745709906.30,14375.45,27328.73,16.90
4250000.00,706003693138.59,-270166843881.40,-12744860081.67,14364.61,27332.90,17.09
4300000.00,706721652650.72,-268800095724.10,-12744000472.07,14353.76,27337.03,17.29
4350000.00,707439069963.84,-267433141346.48,-12743131085.30,14342.92,27341.14,17.49
4400000.00,708155944928.19,-266065981948.59,-12742251929.24,14332.07,27345.23,17.68
4450000.00,708872277400.23,-264698618730.98,-12741363011.86,14321.22,27349.30,17.88
4500000.00,709588067242.69,-263331052894.67,-12740464341.24,14310.36,27353.34,18.07
4550000.00,710303314324.57,-261963285641.10,-12739555925.55,14299.51,27357.35,18.27
4600000.00,711018018521.08,-260595318172.12,-12738637773.06,14288.65,27361.35,18.46
4650000.00,711732179713.68,-259227151689.90,-12737709892.14,14277.79,27365.31,18.65
4700000.00,712445797790.06,-257858787396.95,-12736772291.24,14266.92,27369.26,18.85
4750000.00,713158872644.13,-256490226496.06,-12735824978.91,14256.06,27373.18,19.04
4800000.00,713871404176.02,-255121470190.24,-12734867963.80,14245.19,27377.07,19.24
4850000.00,714583392292.06,-253752519682.71,-12733901254.65,14234.32,27380.95,19.43
4900000.00,715294836904.77,-252383376176.85,-12732924860.30,14223.45,27384.79,19.62
4950000.00,716005737932.87,-251014040876.18,-12731938789.67,14212.58,27388.62,19.82
5000000.00,716716095301.27,-249644514984.31,-12730943051.78,14201.70,27392.42,20.01
5050000.00,717425908941.04,-248274799704.87,-12729937655.75,14190.83,27396.19,20.20
5100000.00,718135178789.40,-246904896241.56,-12728922610.77,14179.95,27399.94,20.40
5150000.00,718843904789.76,-245534805798.01,-12727897926.14,14169.08,27403.67,20.59
5200000.00,719552086891.64,-244164529577.81,-12726863611.24,14158.20,27407.38,20.78
5250000.00,720259725050.70,-242794068784.47,-12725819675.56,14147.32,27411.06,20.97
5300000.00,720966819228.74,-241423424621.35,-12724766128.65,14136.44,27414.71,21.17
5350000.00,721673369393.65,-240052598291.64,-12723702980.16,14125.56,27418.34,21.36
5400000.00,722379375519.42,-238681590998.35,-12722630239.85,14114.68,27421.95,21.55
5450000.00,723084837586.16,-237310403944.23,-12721547917.53,14103.80,27425.53,21.74
5500000.00,723789755580.01,-235939038331.75,-12720456023.14,14092.91,27429.09,21.93
5550000.00,724494129493.21,-234567495363.09,-12719354566.67,14082.03,27432.63,22.12
5600000.00,725197959324.04,-233195776240.05,-12718243558.22,14071.15,27436.14,22.32
5650000.00,725901245076.82,-231823882164.09,-12717123007.96,14060.27,27439.62,22.51
5700000.00,726603986761.91,-230451814336.21,-12715992926.17,14049.39,27443.09,22.70
5750000.00,727306184395.65,-229079573956.98,-12714853323.19,14038.51,27446.53,22.89
5800000.00,728007838000.42,-227707162226.47,-12713704209.45,14027.63,27449.94,23.08
5850000.00,728708947604.56,-226334580344.23,-12712545595.49,14016.75,27453.33,23.27
5900000.00,729409513242.39,-224961829509.25,-12711377491.89,14005.87,27456.70,23.46
5950000.00,730109534954.20,-223588910919.92,-12710199909.35,13994.99,27460.04,23.65
6000000.00,730809012786.21,-222215825774.01,-12709012858.64,13984.11,27463.36,23.84
6050000.00,731507946790.57,-220842575268.63,-12707816350.61,13973.24,27466.66,24.02
6100000.00,732206337025.34,-219469160600.17,-12706610396.19,13962.36,27469.93,24.21
6150000.00,732904183554.49,-218095582964.32,-12705395006.40,13951.49,27473.18,24.40
6200000.00,733601486447.88,-216721843555.97,-12704170192.33,13940.62,27476.40,24.59
6250000.00,734298245781.20,-215347943569.24,-12702935965.16,13929.75,27479.60,24.78
6300000.00,734994461636.02,-213973884197.40,-12701692336.15,13918.88,27482.77,24.97
6350000.00,735690134099.74,-212599666632.86,-12700439316.63,13908.01,27485.93,25.15
6400000.00,736385263265.59,-211225292067.11,-12699176918.01,13897.15,27489.05,25.34
6450000.00,737079849232.56,-209850761690.75,-12697905151.80,13886.28,27492.16,25.53
6500000.00,737773892105.47,-208476076693.37,-12696624029.55,13875.42,27495.24,25.72
6550000.00,738467391994.87,-207101238263.57,-12695333562.91,13864.56,27498.30,25.90
6600000.00,739160349017.09,-205726247588.95,-12694033763.61,13853.71,27501.33,26.09
6650000.00,739852763294.16,-204351105855.99,-12692724643.45,13842.85,27504.34,26.28
6700000.00,740544634953.84,-202975814250.13,-12691406214.30,13832.00,27507.32,26.46
6750000.00,741235964129.58,-201600373955.64,-12690078488.11,13821.15,27510.29,26.65
6800000.00,741926750960.51,-200224786155.64,-12688741476.91,13810.31,27513.22,26.83
6850000.00,742616995591.40,-198849052032.08,-12687395192.79,13799.47,27516.14,27.02
6900000.00,743306698172.68,-197473172765.65,-12686039647.93,13788.63,27519.03,27.20
6950000.00,743995858860.39,-196097149535.81,-12684674854.56,13777.79,27521.90,27.39
7000000.00,744684477816.16,-194720983520.72,-12683300825.01,13766.96,27524.74,27.57
7050000.00,745372555207.20,-193344675897.23,-12681917571.67,13756.13,27527.56,27.76
7100000.00,746060091206.28,-191968227840.84,-12680525106.99,13745.30,27530.36,27.94
7150000.00,746747085991.73,-190591640525.66,-12679123443.50,13734.48,27533.13,28.13
7200000.00,747433539747.38,-189214915124.41,-12677712593.80,13723.66,27535.88,28.31
7250000.00,748119452662.54,-187838052808.36,-12676292570.57,13712.85,27538.61,28.49
7300000.00,748804824932.03,-186461054747.30,-12674863386.53,13702.03,27541.31,28.68
7350000.00,749489656756.10,-185083922109.54,-12673425054.50,13691.23,27543.99,28.86
7400000.00,750173948340.47,-183706656061.85,-12671977587.35,13680.43,27546.65,29.04
7450000.00,750857699896.23,-182329257769.44,-12670520998.02,13669.63,27549.28,29.22
7500000.00,751540911639.88,-180951728395.95,-12669055299.51,13658.83,27551.89,29.41
7550000.00,752223583793.31,-179574069103.36,-12667580504.91,13648.04,27554.48,29.59
7600000.00,752905716583.74,-178196281052.06,-12666096627.35,13637.26,27557.04,29.77
7650000.00,753587310243.69,-176818365400.73,-12664603680.03,13626.48,27559.58,29.95
7700000.00,754268365011.04,-175440323306.35,-12663101676.23,13615.70,27562.10,30.13
7750000.00,754948881128.91,-174062155924.19,-12661590629.27,13604.93,27564.59,30.31
7800000.00,755628858845.69,-172683864407.74,-12660070552.55,13594.17,27567.07,30.49
7850000.00,756308298415.01,-171305449908.72,-12658541459.53,13583.41,27569.51,30.67
7900000.00,756987200095.71,-169926913577.01,-12657003363.73,13572.65,27571.94,30.85
7950000.00,757665564151.81,-168548256560.69,-12655456278.72,13561.90,27574.34,31.03
8000000.00,758343390852.51,-167169480005.94,-12653900218.16,13551.16,27576.72,31.21
8050000.00,759020680472.14,-165790585057.05,-12652335195.75,13540.42,27579.08,31.39
8100000.00,759697433290.17,-164411572856.41,-12650761225.24,13529.68,27581.41,31.57
8150000.00,760373649591.13,-163032444544.43,-12649178320.46,13518.96,27583.72,31.75
8200000.00,761049329664.67,-161653201259.57,-12647586495.28,13508.24,27586.01,31.93
8250000.00,761724473805.43,-160273844138.28,-12645985763.66,13497.52,27588.27,32.10
8300000.00,762399082313.11,-158894374314.99,-12644376139.57,13486.81,27590.52,32.28
8350000.00,763073155492.40,-157514792922.08,-12642757637.09,13476.11,27592.74,32.46
8400000.00,763746693652.96,-156135101089.84,-12641130270.30,13465.41,27594.93,32.64
8450000.00,764419697109.40,-154755299946.48,-12639494053.38,13454.72,27597.11,32.81
8500000.00,765092166181.25,-153375390618.07,-12637849000.55,13444.03,27599.26,32.99
8550000.00,765764101192.96,-151995374228.53,-12636195126.08,13433.36,27601.39,33.17
8600000.00,766435502473.81,-150615251899.60,-12634532444.30,13422.69,27603.50,33.34
8650000.00,767106370357.97,-149235024750.84,-12632860969.59,13412.02,27605.58,33.52
8700000.00,767776705184.42,-147854693899.58,-12631180716.39,13401.36,27607.65,33.69
8750000.00,768446507296.91,-146474260460.88,-12629491699.17,13390.71,27609.69,33.87
8800000.00,769115777044.01,-145093725547.57,-12627793932.49,13380.07,27611.71,34.04
8850000.00,769784514779.00,-143713090270.15,-12626087430.92,13369.43,27613.70,34.22
8900000.00,770452720859.89,-142332355736.82,-12624372209.11,13358.80,27615.68,34.39
8950000.00,771120395649.38,-140951523053.45,-12622648281.75,13348.18,27617.63,34.57
9000000.00,771787539514.85,-139570593323.53,-12620915663.58,13337.57,27619.56,34.74
9050000.00,772454152828.30,-138189567648.18,-12619174369.38,13326.96,27621.47,34.91
9100000.00,773120235966.37,-136808447126.11,-12617424413.99,13316.36,27623.35,35.09
9150000.00,773785789310.27,-135427232853.61,-12615665812.29,13305.77,27625.22,35.26
9200000.00,774450813245.76,-134045925924.50,-12613898579.21,13295.18,27627.06,35.43
9250000.00,775115308163.18,-132664527430.15,-12612122729.74,13284.61,27628.88,35.60
9300000.00,775779274457.33,-131283038459.42,-12610338278.89,13274.04,27630.68,35.78
9350000.00,776442712527.52,-129901460098.69,-12608545241.73,13263.48,27632.45,35.95
9400000.00,777105622777.50,-128519793431.78,-12606743633.38,13252.92,27634.21,36.12
9450000.00,777768005615.45,-127138039539.95,-12604933468.98,13242.38,27635.94,36.29
9500000.00,778429861453.96,-125756199501.92,-12603114763.75,13231.84,27637.66,36.46
9550000.00,779091190709.98,-124374274393.78,-12601287532.93,13221.32,27639.35,36.63
9600000.00,779751993804.82,-122992265289.04,-12599451791.79,13210.80,27641.02,36.80
9650000.00,780412271164.09,-121610173258.55,-12597607555.68,13200.29,27642.66,36.97
9700000.00,781072023217.70,-120227999370.52,-12595754839.95,13189.79,27644.29,37.14
9750000.00,781731250399.83,-118845744690.50,-12593893660.03,13179.29,27645.90,37.31
9800000.00,782389953148.89,-117463410281.33,-12592024031.35,13168.81,27647.48,37.48
9850000.00,783048131907.49,-116080997203.16,-12590145969.41,13158.33,27649.04,37.65
9900000.00,783705787122.43,-114698506513.40,-12588259489.74,13147.87,27650.58,37.81
9950000.00,784362919244.66,-113315939266.74,-12586364607.90,13137.41,27652.10,37.98
