0.00,636808781436.68,-395217036101.45,-18654309217.14,9063.02,10311.28,0.00
50000.00,637261682171.76,-394701316716.17,-18654301795.58,9053.00,10317.50,0.30
100000.00,637714081533.13,-394185286413.45,-18654279533.43,9042.97,10323.71,0.59
150000.00,638165979383.36,-393668945731.88,-18654242432.77,9032.94,10329.92,0.89
200000.00,638617375585.08,-393152295208.78,-18654190493.56,9022.90,10336.11,1.19
250000.00,639068270000.60,-392635335380.37,-18654123713.69,9012.86,10342.29,1.48
300000.00,639518662491.48,-392118066781.98,-18654042089.16,9002.82,10348.46,1.78
350000.00,639968552918.07,-391600489948.36,-18653945614.15,8992.78,10354.62,2.08
400000.00,640417941139.08,-391082605414.18,-18653834281.24,8982.74,10360.77,2.38
450000.00,640866827011.13,-390564413714.64,-18653708081.79,8972.69,10366.91,2.67
500000.00,641315210388.44,-390045915386.18,-18653567006.39,8962.64,10373.03,2.97
550000.00,641763091122.71,-389527110967.44,-18653411045.60,8952.58,10379.15,3.27
600000.00,642210469063.26,-389008001000.11,-18653240190.84,8942.52,10385.25,3.57
650000.00,642657344057.57,-388488586029.86,-18653054435.44,8932.46,10391.35,3.86
700000.00,643103715952.22,-387968866606.92,-18652853775.74,8922.40,10397.43,4.16
750000.00,643549584594.20,-387448843286.33,-18652638212.04,8912.33,10403.50,4.46
800000.00,643994949832.31,-386928516627.75,-18652407749.22,8902.26,10409.57,4.76
850000.00,644439811518.63,-386407887194.76,-18652162396.92,8892.19,10415.62,5.06
900000.00,644884169509.65,-385886955553.88,-18651902169.36,8882.12,10421.65,5.35
950000.00,645328023666.98,-385365722273.43,-18651627084.64,8872.04,10427.68,5.65
1000000.00,645771373857.72,-384844187922.44,-18651337163.95,8861.96,10433.70,5.95
1050000.00,646214219954.29,-384322353069.59,-18651032430.65,8851.88,10439.70,6.24
1100000.00,646656561834.13,-383800218282.55,-18650712909.35,8841.79,10445.69,6.54
1150000.00,647098399379.10,-383277784127.32,-18650378625.21,8831.70,10451.68,6.83
1200000.00,647539732474.90,-382755051167.97,-18650029603.30,8821.61,10457.65,7.13
1250000.00,647980561010.36,-382232019966.39,-18649665868.15,8811.52,10463.61,7.42
1300000.00,648420884876.91,-381708691082.25,-18649287443.44,8801.42,10469.55,7.72
1350000.00,648860703967.99,-381185065073.03,-18648894351.80,8791.33,10475.49,8.01
1400000.00,649300018178.63,-380661142494.14,-18648486614.68,8781.23,10481.42,8.30
1450000.00,649738827405.03,-380136923899.06,-18648064252.31,8771.13,10487.33,8.59
1500000.00,650177131544.27,-379612409839.46,-18647627283.76,8761.03,10493.24,8.89
1550000.00,650614930494.09,-379087600865.42,-18647175726.91,8750.92,10499.13,9.18
1600000.00,651052224152.70,-378562497525.57,-18646709598.58,8740.81,10505.01,9.47
1650000.00,651489012418.62,-378037100367.27,-18646228914.60,8730.71,10510.88,9.76
1700000.00,651925295190.65,-377511409936.72,-18645733689.86,8720.59,10516.74,10.05
1750000.00,652361072367.78,-376985426779.13,-18645223938.43,8710.48,10522.59,10.34
1800000.00,652796343849.16,-376459151438.78,-18644699673.65,8700.37,10528.43,10.63
1850000.00,653231109534.08,-375932584459.20,-18644160908.18,8690.25,10534.26,10.92
1900000.00,653665369321.99,-375405726383.18,-18643607654.08,8680.13,10540.07,11.21
1950000.00,654099123112.47,-374878577752.90,-18643039922.90,8670.01,10545.88,11.50
2000000.00,654532370805.29,-374351139109.94,-18642457725.72,8659.89,10551.67,11.79
2050000.00,654965112300.39,-373823410995.38,-18641861073.20,8649.76,10557.46,12.08
2100000.00,655397347497.93,-373295393949.85,-18641249975.64,8639.64,10563.23,12.37
2150000.00,655829076298.29,-372767088513.52,-18640624443.00,8629.51,10568.99,12.66
2200000.00,656260298602.09,-372238495226.17,-18639984484.99,8619.38,10574.74,12.94
2250000.00,656691014310.23,-371709614627.21,-18639330111.02,8609.24,10580.48,13.23
2300000.00,657121223323.92,-371180447255.71,-18638661330.32,8599.11,10586.21,13.52
2350000.00,657550925544.66,-370650993650.41,-18637978151.89,8588.97,10591.93,13.81
2400000.00,657980120874.29,-370121254349.73,-18637280584.58,8578.83,10597.64,14.10
2450000.00,658408809215.00,-369591229891.80,-18636568637.05,8568.69,10603.34,14.38
2500000.00,658836990469.36,-369060920814.46,-18635842317.86,8558.55,10609.03,14.67
2550000.00,659264664540.31,-368530327655.29,-18635101635.42,8548.40,10614.70,14.96
2600000.00,659691831331.18,-367999450951.58,-18634346598.03,8538.26,10620.37,15.24
2650000.00,660118490745.74,-367468291240.38,-18633577213.91,8528.11,10626.02,15.53
2700000.00,660544642688.14,-366936849058.47,-18632793491.18,8517.96,10631.67,15.82
2750000.00,660970287063.01,-366405124942.40,-18631995437.89,8507.81,10637.30,16.10
2800000.00,661395423775.40,-365873119428.45,-18631183062.01,8497.65,10642.92,16.39
2850000.00,661820052730.80,-365340833052.68,-18630356371.45,8487.50,10648.54,16.68
2900000.00,662244173835.18,-364808266350.91,-18629515374.08,8477.34,10654.14,16.96
2950000.00,662667786994.98,-364275419858.71,-18628660077.69,8467.18,10659.73,17.25
3000000.00,663090892117.11,-363742294111.43,-18627790490.06,8457.02,10665.31,17.53
3050000.00,663513489108.95,-363208889644.19,-18626906618.91,8446.85,10670.88,17.82
3100000.00,663935577878.40,-362675206991.85,-18626008471.92,8436.69,10676.43,18.11
3150000.00,664357158333.81,-362141246689.09,-18625096056.76,8426.52,10681.98,18.39
3200000.00,664778230384.07,-361607009270.32,-18624169381.06,8416.35,10687.52,18.68
3250000.00,665198793938.54,-361072495269.74,-18623228452.40,8406.18,10693.05,18.96
3300000.00,665618848907.11,-360537705221.32,-18622273278.38,8396.01,10698.56,19.25
3350000.00,666038395200.15,-360002639658.81,-18621303866.56,8385.83,10704.07,19.53
3400000.00,666457432728.58,-359467299115.73,-18620320224.48,8375.66,10709.56,19.82
3450000.00,666875961403.80,-358931684125.36,-18619322359.65,8365.48,10715.04,20.10
3500000.00,667293981137.76,-358395795220.77,-18618310279.60,8355.30,10720.52,20.38
3550000.00,667711491842.90,-357859632934.80,-18617283991.83,8345.12,10725.98,20.67
3600000.00,668128493432.21,-357323197800.07,-18616243503.81,8334.93,10731.43,20.95
3650000.00,668544985819.18,-356786490348.97,-18615188823.03,8324.75,10736.87,21.24
3700000.00,668960968917.84,-356249511113.66,-18614119956.96,8314.56,10742.30,21.52
3750000.00,669376442642.75,-355712260626.08,-18613036913.06,8304.38,10747.72,21.80
3800000.00,669791406908.99,-355174739417.93,-18611939698.79,8294.19,10753.13,22.09
3850000.00,670205861632.18,-354636948020.71,-18610828321.59,8283.99,10758.53,22.37
3900000.00,670619806728.45,-354098886965.67,-18609702788.91,8273.80,10763.92,22.65
3950000.00,671033242114.49,-353560556783.84,-18608563108.20,8263.60,10769.29,22.94
4000000.00,671446167707.51,-353021958006.04,-18607409286.89,8253.41,10774.66,23.22
4050000.00,671858583425.26,-352483091162.83,-18606241332.41,8243.21,10780.02,23.50
4100000.00,672270489186.00,-351943956784.56,-18605059252.21,8233.01,10785.36,23.78
4150000.00,672681884908.55,-351404555401.36,-18603863053.71,8222.81,10790.70,24.07
4200000.00,673092770512.26,-350864887543.12,-18602652744.35,8212.61,10796.02,24.35
4250000.00,673503145917.02,-350324953739.51,-18601428331.56,8202.40,10801.33,24.63
4300000.00,673913011043.23,-349784754519.95,-18600189822.77,8192.19,10806.64,24.91
4350000.00,674322365811.87,-349244290413.66,-18598937225.41,8181.99,10811.93,25.19
4400000.00,674731210144.41,-348703561949.61,-18597670546.92,8171.78,10817.21,25.47
4450000.00,675139543962.89,-348162569656.55,-18596389794.73,8161.57,10822.48,25.76
4500000.00,675547367189.86,-347621314062.98,-18595094976.27,8151.35,10827.74,26.04
4550000.00,675954679748.43,-347079795697.21,-18593786098.99,8141.14,10832.99,26.32
4600000.00,676361481562.24,-346538015087.27,-18592463170.32,8130.92,10838.23,26.60
4650000.00,676767772555.45,-345995972760.99,-18591126197.71,8120.71,10843.46,26.88
4700000.00,677173552652.77,-345453669245.96,-18589775188.60,8110.49,10848.68,27.16
4750000.00,677578821779.45,-344911105069.53,-18588410150.44,8100.27,10853.89,27.44
4800000.00,677983579861.26,-344368280758.82,-18587031090.67,8090.05,10859.09,27.72
4850000.00,678387826824.53,-343825196840.74,-18585638016.75,8079.82,10864.27,28.00
4900000.00,678791562596.08,-343281853841.92,-18584230936.14,8069.60,10869.45,28.28
4950000.00,679194787103.32,-342738252288.80,-18582809856.30,8059.37,10874.62,28.56
5000000.00,679597500274.15,-342194392707.55,-18581374784.69,8049.14,10879.77,28.84
5050000.00,679999702037.03,-341650275624.13,-18579925728.77,8038.92,10884.92,29.12
5100000.00,680401392320.94,-341105901564.26,-18578462696.02,8028.69,10890.05,29.40
5150000.00,680802571055.40,-340561271053.42,-18576985693.91,8018.45,10895.17,29.68
5200000.00,681203238170.46,-340016384616.84,-18575494729.93,8008.22,10900.29,29.96
5250000.00,681603393596.70,-339471242779.54,-18573989811.54,7997.99,10905.39,30.24
5300000.00,682003037265.24,-338925846066.29,-18572470946.25,7987.75,10910.48,30.52
5350000.00,682402169107.71,-338380195001.61,-18570938141.54,7977.51,10915.56,30.80
5400000.00,682800789056.31,-337834290109.80,-18569391404.91,7967.27,10920.64,31.07
5450000.00,683198897043.72,-337288131914.92,-18567830743.85,7957.03,10925.70,31.35
5500000.00,683596493003.20,-336741720940.78,-18566256165.88,7946.79,10930.75,31.63
5550000.00,683993576868.50,-336195057710.96,-18564667678.49,7936.55,10935.79,31.91
5600000.00,684390148573.92,-335648142748.80,-18563065289.21,7926.31,10940.82,32.19
5650000.00,684786208054.27,-335100976577.39,-18561449005.56,7916.06,10945.83,32.46
5700000.00,685181755244.92,-334553559719.60,-18559818835.05,7905.82,10950.84,32.74
5750000.00,685576790081.72,-334005892698.03,-18558174785.21,7895.57,10955.84,33.02
5800000.00,685971312501.10,-333457976035.06,-18556516863.58,7885.32,10960.83,33.30
5850000.00,686365322439.97,-332909810252.83,-18554845077.69,7875.07,10965.81,33.57
5900000.00,686758819835.78,-332361395873.23,-18553159435.08,7864.82,10970.77,33.85
5950000.00,687151804626.53,-331812733417.90,-18551459943.31,7854.56,10975.73,34.13
6000000.00,687544276750.69,-331263823408.25,-18549746609.93,7844.31,10980.67,34.41
6050000.00,687936236147.31,-330714666365.44,-18548019442.48,7834.06,10985.61,34.68
6100000.00,688327682755.93,-330165262810.39,-18546278448.54,7823.80,10990.54,34.96
6150000.00,688718616516.61,-329615613263.78,-18544523635.66,7813.54,10995.45,35.23
6200000.00,689109037369.95,-329065718246.03,-18542755011.43,7803.28,11000.35,35.51
6250000.00,689498945257.05,-328515578277.33,-18540972583.41,7793.02,11005.25,35.79
6300000.00,689888340119.55,-327965193877.61,-18539176359.20,7782.76,11010.13,36.06
6350000.00,690277221899.60,-327414565566.58,-18537366346.37,7772.50,11015.00,36.34
6400000.00,690665590539.87,-326863693863.68,-18535542552.52,7762.24,11019.87,36.61
6450000.00,691053445983.53,-326312579288.11,-18533704985.25,7751.97,11024.72,36.89
6500000.00,691440788174.30,-325761222358.82,-18531853652.15,7741.71,11029.56,37.16
6550000.00,691827617056.41,-325209623594.52,-18529988560.84,7731.44,11034.39,37.44
6600000.00,692213932574.57,-324657783513.67,-18528109718.92,7721.17,11039.21,37.71
6650000.00,692599734674.05,-324105702634.48,-18526217134.02,7710.90,11044.02,37.99
6700000.00,692985023300.61,-323553381474.92,-18524310813.76,7700.63,11048.82,38.26
6750000.00,693369798400.53,-323000820552.70,-18522390765.75,7690.36,11053.62,38.54
6800000.00,693754059920.60,-322448020385.27,-18520456997.64,7680.09,11058.39,38.81
6850000.00,694137807808.13,-321894981489.87,-18518509517.07,7669.82,11063.16,39.09
6900000.00,694521042010.93,-321341704383.45,-18516548331.67,7659.54,11067.92,39.36
6950000.00,694903762477.34,-320788189582.73,-18514573449.10,7649.27,11072.67,39.63
7000000.00,695285969156.18,-320234437604.18,-18512584877.00,7638.99,11077.41,39.91
7050000.00,695667661996.81,-319680448964.00,-18510582623.03,7628.71,11082.14,40.18
7100000.00,696048840949.09,-319126224178.15,-18508566694.87,7618.43,11086.86,40.46
7150000.00,696429505963.38,-318571763762.36,-18506537100.16,7608.16,11091.56,40.73
7200000.00,696809656990.55,-318017068232.07,-18504493846.60,7597.88,11096.26,41.00
7250000.00,697189293981.97,-317462138102.50,-18502436941.85,7587.59,11100.95,41.27
7300000.00,697568416889.54,-316906973888.59,-18500366393.59,7577.31,11105.62,41.55
7350000.00,697947025665.65,-316351576105.04,-18498282209.53,7567.03,11110.29,41.82
7400000.00,698325120263.18,-315795945266.30,-18496184397.34,7556.74,11114.95,42.09
7450000.00,698702700635.54,-315240081886.57,-18494072964.74,7546.46,11119.59,42.36
7500000.00,699079766736.62,-314683986479.78,-18491947919.41,7536.17,11124.23,42.64
7550000.00,699456318520.84,-314127659559.60,-18489809269.07,7525.89,11128.85,42.91
7600000.00,699832355943.09,-313571101639.48,-18487657021.44,7515.60,11133.47,43.18
7650000.00,700207878958.78,-313014313232.58,-18485491184.22,7505.31,11138.07,43.45
7700000.00,700582887523.82,-312457294851.82,-18483311765.15,7495.02,11142.67,43.72
7750000.00,700957381594.61,-311900047009.86,-18481118771.95,7484.73,11147.25,44.00
7800000.00,701331361128.06,-311342570219.11,-18478912212.35,7474.44,11151.82,44.27
7850000.00,701704826081.57,-310784864991.71,-18476692094.10,7464.15,11156.39,44.54
7900000.00,702077776413.03,-310226931839.55,-18474458424.93,7453.85,11160.94,44.81
7950000.00,702450212080.85,-309668771274.27,-18472211212.60,7443.56,11165.48,45.08
8000000.00,702822133043.92,-309110383807.23,-18469950464.85,7433.27,11170.02,45.35
8050000.00,703193539261.61,-308551769949.57,-18467676189.44,7422.97,11174.54,45.62
8100000.00,703564430693.82,-307992930212.14,-18465388394.13,7412.68,11179.05,45.89
8150000.00,703934807300.91,-307433865105.53,-18463087086.70,7402.38,11183.55,46.16
8200000.00,704304669043.76,-306874575140.10,-18460772274.92,7392.08,11188.05,46.43
8250000.00,704674015883.72,-306315060825.91,-18458443966.55,7381.78,11192.53,46.70
8300000.00,705042847782.63,-305755322672.80,-18456102169.39,7371.48,11197.00,46.97
8350000.00,705411164702.85,-305195361190.32,-18453746891.21,7361.18,11201.46,47.24
8400000.00,705778966607.20,-304635176887.77,-18451378139.82,7350.88,11205.91,47.51
8450000.00,706146253459.00,-304074770274.20,-18448995923.00,7340.58,11210.35,47.78
8500000.00,706513025222.06,-303514141858.39,-18446600248.56,7330.28,11214.79,48.05
8550000.00,706879281860.68,-302953292148.85,-18444191124.30,7319.98,11219.21,48.32
8600000.00,707245023339.63,-302392221653.84,-18441768558.04,7309.67,11223.62,48.59
8650000.00,707610249624.18,-301830930881.35,-18439332557.58,7299.37,11228.02,48.85
8700000.00,707974960680.09,-301269420339.12,-18436883130.75,7289.06,11232.41,49.12
8750000.00,708339156473.60,-300707690534.62,-18434420285.37,7278.76,11236.79,49.39
8800000.00,708702836971.42,-300145741975.05,-18431944029.28,7268.45,11241.16,49.66
8850000.00,709066002140.77,-299583575167.35,-18429454370.29,7258.14,11245.52,49.93
8900000.00,709428651949.32,-299021190618.21,-18426951316.26,7247.84,11249.87,50.20
8950000.00,709790786365.26,-298458588834.04,-18424434875.03,7237.53,11254.21,50.46
9000000.00,710152405357.21,-297895770320.99,-18421905054.44,7227.22,11258.54,50.73
9050000.00,710513508894.33,-297332735584.95,-18419361862.34,7216.91,11262.86,51.00
9100000.00,710874096946.22,-296769485131.54,-18416805306.60,7206.60,11267.17,51.26
9150000.00,711234169482.95,-296206019466.12,-18414235395.06,7196.29,11271.46,51.53
9200000.00,711593726475.11,-295642339093.77,-18411652135.61,7185.98,11275.75,51.80
9250000.00,711952767893.73,-295078444519.34,-18409055536.11,7175.67,11280.03,52.07
9300000.00,712311293710.33,-294514336247.37,-18406445604.42,7165.35,11284.30,52.33
9350000.00,712669303896.90,-293950014782.15,-18403822348.45,7155.04,11288.56,52.60
9400000.00,713026798425.92,-293385480627.73,-18401185776.05,7144.73,11292.81,52.86
9450000.00,713383777270.33,-292820734287.85,-18398535895.13,7134.41,11297.05,53.13
9500000.00,713740240403.54,-292255776266.01,-18395872713.58,7124.10,11301.28,53.40
9550000.00,714096187799.45,-291690607065.43,-18393196239.30,7113.79,11305.49,53.66
9600000.00,714451619432.42,-291125227189.08,-18390506480.18,7103.47,11309.70,53.93
9650000.00,714806535277.28,-290559637139.63,-18387803444.13,7093.15,11313.90,54.19
9700000.00,715160935309.32,-289993837419.52,-18385087139.06,7082.84,11318.09,54.46
9750000.00,715514819504.34,-289427828530.90,-18382357572.88,7072.52,11322.27,54.72
9800000.00,715868187838.56,-288861610975.64,-18379614753.53,7062.20,11326.44,54.99
9850000.00,716221040288.69,-288295185255.37,-18376858688.91,7051.88,11330.59,55.25
9900000.00,716573376831.93,-287728551871.43,-18374089386.95,7041.57,11334.74,55.52
9950000.00,716925197445.89,-287161711324.89,-18371306855.59,7031.25,11338.88,55.78
