0.00,-247109506916.87,-14222569349.89,5743562452.58,2362.08,-22115.81,-0.00
50000.00,-246988704336.26,-15328200680.99,5743499657.52,2470.13,-22109.35,-2.51
100000.00,-246862498653.87,-16433496720.25,5743311218.21,2578.20,-22102.40,-5.03
150000.00,-246730889029.26,-17538433048.62,5742997054.99,2686.29,-22094.96,-7.54
200000.00,-246593874712.78,-18642985220.46,5742557090.23,2794.39,-22087.03,-10.06
250000.00,-246451455045.95,-19747128763.70,5741991248.33,2902.50,-22078.62,-12.58
300000.00,-246303629461.68,-20850839179.92,5741299455.76,3010.63,-22069.71,-15.10
350000.00,-246150397484.57,-21954091944.52,5740481641.02,3118.76,-22060.31,-17.62
400000.00,-245991758731.25,-23056862506.84,5739537734.68,3226.90,-22050.42,-20.14
450000.00,-245827712910.62,-24159126290.34,5738467669.39,3335.04,-22040.04,-22.66
500000.00,-245658259824.16,-25260858692.67,5737271379.86,3443.19,-22029.16,-25.19
550000.00,-245483399366.27,-26362035085.87,5735948802.88,3551.34,-22017.80,-27.72
600000.00,-245303131524.52,-27462630816.52,5734499877.33,3659.48,-22005.94,-30.24
650000.00,-245117456379.98,-28562621205.82,5732924544.21,3767.63,-21993.58,-32.77
700000.00,-244926374107.54,-29661981549.83,5731222746.61,3875.77,-21980.74,-35.30
750000.00,-244729884976.17,-30760687119.56,5729394429.71,3983.90,-21967.39,-37.83
800000.00,-244527989349.29,-31858713161.14,5727439540.85,4092.03,-21953.55,-40.37
850000.00,-244320687685.05,-32956034895.98,5725358029.46,4200.14,-21939.22,-42.90
900000.00,-244107980536.65,-34052627520.94,5723149847.15,4308.25,-21924.39,-45.43
950000.00,-243889868552.66,-35148466208.47,5720814947.62,4416.34,-21909.06,-47.97
1000000.00,-243666352477.35,-36243526106.80,5718353286.76,4524.41,-21893.24,-50.50
1050000.00,-243437433150.97,-37337782340.07,5715764822.60,4632.47,-21876.91,-53.04
1100000.00,-243203111510.14,-38431210008.55,5713049515.34,4740.50,-21860.09,-55.58
1150000.00,-242963388588.12,-39523784188.75,5710207327.36,4848.52,-21842.77,-58.11
1200000.00,-242718265515.16,-40615479933.66,5707238223.22,4956.51,-21824.96,-60.65
1250000.00,-242467743518.83,-41706272272.88,5704142169.67,5064.47,-21806.64,-63.19
1300000.00,-242211823924.37,-42796136212.80,5700919135.65,5172.41,-21787.82,-65.73
1350000.00,-241950508154.98,-43885046736.83,5697569092.32,5280.32,-21768.50,-68.27
1400000.00,-241683797732.19,-44972978805.51,5694092013.05,5388.20,-21748.68,-70.81
1450000.00,-241411694276.20,-46059907356.77,5690487873.42,5496.04,-21728.36,-73.35
1500000.00,-241134199506.20,-47145807306.09,5686756651.27,5603.85,-21707.54,-75.90
1550000.00,-240851315240.72,-48230653546.67,5682898326.66,5711.62,-21686.21,-78.44
1600000.00,-240563043398.01,-49314420949.66,5678912881.89,5819.35,-21664.38,-80.98
1650000.00,-240269385996.32,-50397084364.37,5674800301.55,5927.04,-21642.05,-83.52
1700000.00,-239970345154.31,-51478618618.42,5670560572.46,6034.69,-21619.21,-86.07
1750000.00,-239665923091.35,-52558998517.99,5666193683.73,6142.29,-21595.87,-88.61
1800000.00,-239356122127.93,-53638198848.00,5661699626.75,6249.85,-21572.03,-91.15
1850000.00,-239040944685.95,-54716194372.37,5657078395.22,6357.35,-21547.68,-93.70
1900000.00,-238720393289.14,-55792959834.16,5652329985.10,6464.80,-21522.83,-96.24
1950000.00,-238394470563.37,-56868469955.85,5647454394.70,6572.20,-21497.47,-98.78
2000000.00,-238063179237.03,-57942699439.52,5642451624.63,6679.55,-21471.60,-101.33
2050000.00,-237726522141.41,-59015622967.11,5637321677.82,6786.83,-21445.23,-103.87
2100000.00,-237384502211.04,-60087215200.61,5632064559.54,6894.06,-21418.35,-106.42
2150000.00,-237037122484.04,-61157450782.31,5626680277.42,7001.23,-21390.96,-108.96
2200000.00,-236684386102.55,-62226304335.05,5621168841.43,7108.33,-21363.07,-111.50
2250000.00,-236326296313.03,-63293750462.42,5615530263.90,7215.36,-21334.66,-114.04
2300000.00,-235962856466.69,-64359763749.01,5609764559.54,7322.33,-21305.75,-116.59
2350000.00,-235594070019.82,-65424318760.67,5603871745.44,7429.22,-21276.33,-119.13
2400000.00,-235219940534.20,-66487390044.77,5597851841.09,7536.05,-21246.40,-121.67
2450000.00,-234840471677.45,-67548952130.41,5591704868.36,7642.80,-21215.96,-124.21
2500000.00,-234455667223.42,-68608979528.67,5585430851.54,7749.47,-21185.02,-126.75
2550000.00,-234065531052.59,-69667446732.94,5579029817.35,7856.07,-21153.56,-129.29
2600000.00,-233670067152.43,-70724328219.09,5572501794.92,7962.58,-21121.59,-131.83
2650000.00,-233269279617.78,-71779598445.79,5565846815.83,8069.01,-21089.11,-134.37
2700000.00,-232863172651.26,-72833231854.78,5559064914.11,8175.36,-21056.11,-136.91
2750000.00,-232451750563.64,-73885202871.12,5552156126.23,8281.62,-21022.61,-139.45
2800000.00,-232035017774.25,-74935485903.45,5545120491.15,8387.79,-20988.59,-141.98
2850000.00,-231612978811.34,-75984055344.33,5537958050.28,8493.86,-20954.06,-144.52
2900000.00,-231185638312.49,-77030885570.47,5530668847.56,8599.85,-20919.02,-147.05
2950000.00,-230753001025.03,-78075950943.02,5523252929.37,8705.73,-20883.47,-149.59
3000000.00,-230315071806.40,-79119225807.90,5515710344.64,8811.52,-20847.40,-152.12
3050000.00,-229871855624.56,-80160684496.06,5508041144.81,8917.21,-20810.82,-154.65
3100000.00,-229423357558.38,-81200301323.80,5500245383.82,9022.80,-20773.73,-157.18
3150000.00,-228969582798.08,-82238050593.05,5492323118.17,9128.28,-20736.12,-159.71
3200000.00,-228510536645.58,-83273906591.71,5484274406.91,9233.65,-20698.00,-162.24
3250000.00,-228046224514.95,-84307843593.93,5476099311.63,9338.92,-20659.36,-164.77
3300000.00,-227576651932.79,-85339835860.44,5467797896.49,9444.07,-20620.21,-167.29
3350000.00,-227101824538.64,-86369857638.88,5459370228.24,9549.11,-20580.54,-169.82
3400000.00,-226621748085.39,-87397883164.11,5450816376.20,9654.03,-20540.36,-172.34
3450000.00,-226136428439.70,-88423886658.54,5442136412.30,9758.84,-20499.66,-174.86
3500000.00,-225645871582.41,-89447842332.46,5433330411.07,9863.52,-20458.44,-177.38
3550000.00,-225150083608.94,-90469724384.41,5424398449.67,9968.08,-20416.71,-179.90
3600000.00,-224649070729.70,-91489507001.46,5415340607.86,10072.52,-20374.46,-182.42
3650000.00,-224142839270.56,-92507164359.61,5406156968.08,10176.82,-20331.70,-184.93
3700000.00,-223631395673.17,-93522670624.12,5396847615.38,10281.00,-20288.42,-187.44
3750000.00,-223114746495.48,-94535999949.87,5387412637.50,10385.05,-20244.62,-189.96
3800000.00,-222592898412.09,-95547126481.72,5377852124.83,10488.96,-20200.31,-192.47
3850000.00,-222065858214.70,-96556024354.85,5368166170.46,10592.73,-20155.48,-194.97
3900000.00,-221533632812.53,-97562667695.18,5358354870.15,10696.37,-20110.13,-197.48
3950000.00,-220996229232.74,-98567030619.70,5348418322.38,10799.86,-20064.26,-199.98
4000000.00,-220453654620.85,-99569087236.86,5338356628.33,10903.21,-20017.87,-202.49
4050000.00,-219905916241.17,-100568811646.97,5328169891.93,11006.41,-19970.97,-204.99
4100000.00,-219353021477.23,-101566177942.55,5317858219.80,11109.46,-19923.55,-207.48
4150000.00,-218794977832.20,-102561160208.79,5307421721.35,11212.36,-19875.61,-209.98
4200000.00,-218231792929.32,-103553732523.86,5296860508.73,11315.11,-19827.15,-212.47
4250000.00,-217663474512.35,-104543868959.39,5286174696.84,11417.70,-19778.17,-214.96
4300000.00,-217090030445.97,-105531543580.83,5275364403.38,11520.14,-19728.68,-217.45
4350000.00,-216511468716.21,-106516730447.90,5264429748.84,11622.41,-19678.66,-219.94
4400000.00,-215927797430.93,-107499403614.96,5253370856.51,11724.52,-19628.13,-222.42
4450000.00,-215339024820.18,-108479537131.49,5242187852.46,11826.46,-19577.08,-224.90
4500000.00,-214745159236.72,-109457105042.48,5230880865.63,11928.24,-19525.50,-227.38
4550000.00,-214146209156.36,-110432081388.85,5219450027.77,12029.84,-19473.41,-229.86
4600000.00,-213542183178.48,-111404440207.96,5207895473.46,12131.27,-19420.80,-232.33
4650000.00,-212933090026.41,-112374155533.96,5196217340.17,12232.53,-19367.67,-234.80
4700000.00,-212318938547.91,-113341201398.32,5184415768.22,12333.60,-19314.02,-237.27
4750000.00,-211699737715.55,-114305551830.23,5172490900.79,12434.50,-19259.85,-239.73
4800000.00,-211075496627.21,-115267180857.09,5160442883.98,12535.21,-19205.17,-242.19
4850000.00,-210446224506.47,-116226062504.96,5148271866.78,12635.74,-19149.96,-244.65
4900000.00,-209811930703.11,-117182170799.06,5135978001.09,12736.08,-19094.23,-247.11
4950000.00,-209172624693.45,-118135479764.19,5123561441.73,12836.23,-19037.98,-249.56
5000000.00,-208528316080.91,-119085963425.29,5111022346.47,12936.18,-18981.22,-252.01
5050000.00,-207879014596.33,-120033595807.85,5098360876.00,13035.94,-18923.93,-254.45
5100000.00,-207224730098.52,-120978350938.45,5085577193.99,13135.50,-18866.13,-256.90
5150000.00,-206565472574.63,-121920202845.25,5072671467.07,13234.86,-18807.80,-259.34
5200000.00,-205901252140.61,-122859125558.51,5059643864.87,13334.02,-18748.96,-261.77
5250000.00,-205232079041.65,-123795093111.06,5046494559.97,13432.97,-18689.60,-264.20
5300000.00,-204557963652.64,-124728079538.85,5033223728.00,13531.71,-18629.71,-266.63
5350000.00,-203878916478.58,-125658058881.48,5019831547.57,13630.24,-18569.31,-269.06
5400000.00,-203194948155.05,-126585005182.69,5006318200.34,13728.56,-18508.39,-271.48
5450000.00,-202506069448.62,-127508892490.93,4992683870.99,13826.65,-18446.95,-273.90
5500000.00,-201812291257.34,-128429694859.88,4978928747.27,13924.53,-18384.99,-276.31
5550000.00,-201113624611.13,-129347386349.03,4965053019.97,14022.19,-18322.52,-278.72
5600000.00,-200410080672.24,-130261941024.18,4951056882.96,14119.63,-18259.52,-281.13
5650000.00,-199701670735.71,-131173332958.03,4936940533.20,14216.83,-18196.01,-283.53
5700000.00,-198988406229.78,-132081536230.76,4922704170.75,14313.81,-18131.97,-285.93
5750000.00,-198270298716.35,-132986524930.56,4908347998.77,14410.55,-18067.42,-288.32
5800000.00,-197547359891.42,-133888273154.26,4893872223.52,14507.06,-18002.35,-290.71
5850000.00,-196819601585.52,-134786755007.85,4879277054.44,14603.33,-17936.77,-293.10
5900000.00,-196087035764.13,-135681944607.13,4864562704.05,14699.36,-17870.66,-295.48
5950000.00,-195349674528.19,-136573816078.27,4849729388.08,14795.15,-17804.04,-297.86
6000000.00,-194607530114.46,-137462343558.42,4834777325.39,14890.69,-17736.90,-300.23
6050000.00,-193860614895.97,-138347501196.35,4819706738.03,14985.98,-17669.25,-302.60
6100000.00,-193108941382.50,-139229263153.00,4804517851.25,15081.02,-17601.08,-304.96
6150000.00,-192352522221.00,-140107603602.18,4789210893.47,15175.80,-17532.39,-307.32
6200000.00,-191591370195.96,-140982496731.14,4773786096.35,15270.33,-17463.18,-309.67
6250000.00,-190825498229.97,-141853916741.23,4758243694.75,15364.60,-17393.46,-312.02
6300000.00,-190054919384.01,-142721837848.54,4742583926.80,15458.60,-17323.23,-314.37
6350000.00,-189279646858.01,-143586234284.54,4726807033.84,15552.35,-17252.47,-316.71
6400000.00,-188499693991.19,-144447080296.78,4710913260.49,15645.82,-17181.21,-319.04
6450000.00,-187715074262.53,-145304350149.47,4694902854.63,15739.02,-17109.43,-321.37
6500000.00,-186925801291.20,-146158018124.23,4678776067.42,15831.95,-17037.13,-323.70
6550000.00,-186131888836.98,-147008058520.72,4662533153.33,15924.60,-16964.32,-326.02
6600000.00,-185333350800.68,-147854445657.33,4646174370.11,16016.97,-16891.00,-328.33
6650000.00,-184530201224.56,-148697153871.89,4629699978.84,16109.06,-16817.17,-330.64
6700000.00,-183722454292.79,-149536157522.34,4613110243.93,16200.86,-16742.82,-332.95
6750000.00,-182910124331.82,-150371430987.46,4596405433.12,16292.38,-16667.96,-335.25
6800000.00,-182093225810.84,-151202948667.57,4579585817.50,16383.60,-16592.59,-337.54
6850000.00,-181271773342.17,-152030684985.23,4562651671.54,16474.54,-16516.70,-339.83
6900000.00,-180445781681.71,-152854614386.00,4545603273.06,16565.17,-16440.31,-342.11
6950000.00,-179615265729.30,-153674711339.14,4528440903.27,16655.51,-16363.41,-344.39
7000000.00,-178780240529.21,-154490950338.38,4511164846.79,16745.54,-16285.99,-346.66
7050000.00,-177940721270.48,-155303305902.62,4493775391.63,16835.27,-16208.07,-348.92
7100000.00,-177096723287.36,-156111752576.77,4476272829.22,16924.69,-16129.64,-351.18
7150000.00,-176248262059.73,-156916264932.40,4458657454.44,17013.80,-16050.69,-353.43
7200000.00,-175395353213.45,-157716817568.59,4440929565.59,17102.59,-15971.25,-355.68
7250000.00,-174538012520.84,-158513385112.70,4423089464.43,17191.07,-15891.29,-357.92
7300000.00,-173676255901.03,-159305942221.09,4405137456.18,17279.23,-15810.83,-360.16
7350000.00,-172810099420.36,-160094463580.00,4387073849.53,17367.06,-15729.86,-362.39
7400000.00,-171939559292.77,-160878923906.28,4368898956.68,17454.57,-15648.39,-364.61
7450000.00,-171064651880.23,-161659297948.22,4350613093.29,17541.75,-15566.41,-366.83
7500000.00,-170185393693.09,-162435560486.36,4332216578.55,17628.60,-15483.93,-369.04
7550000.00,-169301801390.48,-163207686334.33,4313709735.18,17715.12,-15400.94,-371.24
7600000.00,-168413891780.69,-163975650339.65,4295092889.40,17801.30,-15317.45,-373.44
7650000.00,-167521681821.58,-164739427384.57,4276366370.98,17887.13,-15233.46,-375.63
7700000.00,-166625188620.90,-165498992386.93,4257530513.27,17972.62,-15148.97,-377.81
7750000.00,-165724429436.72,-166254320301.02,4238585653.14,18057.77,-15063.98,-379.99
7800000.00,-164819421677.76,-167005386118.37,4219532131.05,18142.57,-14978.49,-382.16
7850000.00,-163910182903.81,-167752164868.72,4200370291.05,18227.01,-14892.49,-384.32
7900000.00,-162996730826.03,-168494631620.81,4181100480.78,18311.10,-14806.01,-386.47
7950000.00,-162079083307.36,-169232761483.31,4161723051.48,18394.83,-14719.02,-388.62
8000000.00,-161157258362.86,-169966529605.66,4142238358.00,18478.19,-14631.54,-390.77
8050000.00,-160231274160.07,-170695911179.05,4122646758.84,18561.20,-14543.56,-392.90
8100000.00,-159301149019.35,-171420881437.23,4102948616.10,18643.83,-14455.08,-395.03
8150000.00,-158366901414.24,-172141415657.49,4083144295.55,18726.09,-14366.11,-397.15
8200000.00,-157428549971.78,-172857489161.55,4063234166.61,18807.98,-14276.65,-399.26
8250000.00,-156486113472.89,-173569077316.51,4043218602.38,18889.50,-14186.70,-401.36
8300000.00,-155539610852.67,-174276155535.75,4023097979.60,18970.63,-14096.26,-403.46
8350000.00,-154589061200.73,-174978699279.91,4002872678.72,19051.38,-14005.32,-405.55
8400000.00,-153634483761.52,-175676684057.84,3982543083.91,19131.74,-13913.90,-407.63
8450000.00,-152675897934.69,-176370085427.54,3962109582.99,19211.71,-13821.98,-409.71
8500000.00,-151713323275.33,-177058878997.12,3941572567.54,19291.29,-13729.58,-411.77
8550000.00,-150746779494.36,-177743040425.84,3920932432.85,19370.47,-13636.70,-413.83
8600000.00,-149776286458.79,-178422545425.00,3900189577.95,19449.26,-13543.33,-415.88
8650000.00,-148801864192.04,-179097369759.00,3879344405.60,19527.64,-13449.47,-417.92
8700000.00,-147823532874.23,-179767489246.33,3858397322.32,19605.62,-13355.13,-419.96
8750000.00,-146841312842.47,-180432879760.55,3837348738.41,19683.19,-13260.31,-421.98
8800000.00,-145855224591.17,-181093517231.34,3816199067.93,19760.35,-13165.01,-424.00
8850000.00,-144865288772.29,-181749377645.49,3794948728.69,19837.09,-13069.23,-426.01
8900000.00,-143871526195.65,-182400437047.96,3773598142.35,19913.42,-12972.97,-428.01
8950000.00,-142873957829.16,-183046671542.91,3752147734.32,19989.32,-12876.23,-430.00
9000000.00,-141872604799.15,-183688057294.76,3730597933.84,20064.80,-12779.02,-431.99
9050000.00,-140867488390.55,-184324570529.20,3708949173.96,20139.86,-12681.33,-433.96
9100000.00,-139858630047.20,-184956187534.31,3687201891.55,20214.48,-12583.17,-435.93
9150000.00,-138846051372.08,-185582884661.61,3665356527.32,20288.67,-12484.54,-437.89
9200000.00,-137829774127.57,-186204638327.15,3643413525.83,20362.42,-12385.43,-439.83
9250000.00,-136809820235.65,-186821425012.55,3621373335.46,20435.73,-12285.86,-441.77
9300000.00,-135786211778.16,-187433221266.17,3599236408.47,20508.60,-12185.81,-443.70
9350000.00,-134758970997.00,-188040003704.17,3577003200.99,20581.03,-12085.30,-445.62
9400000.00,-133728120294.39,-188641749011.62,3554674173.00,20653.00,-11984.33,-447.54
9450000.00,-132693682233.03,-189238433943.63,3532249788.39,20724.52,-11882.89,-449.44
9500000.00,-131655679536.32,-189830035326.51,3509730514.91,20795.58,-11780.99,-451.33
9550000.00,-130614135088.58,-190416530058.82,3487116824.22,20866.19,-11678.62,-453.22
9600000.00,-129569071935.20,-190997895112.62,3464409191.88,20936.33,-11575.80,-455.09
9650000.00,-128520513282.86,-191574107534.55,3441608097.36,21006.01,-11472.52,-456.95
9700000.00,-127468482499.67,-192145144447.00,3418714024.05,21075.21,-11368.78,-458.81
9750000.00,-126413003115.36,-192710983049.31,3395727459.25,21143.95,-11264.59,-460.65
9800000.00,-125354098821.47,-193271600618.90,3372648894.20,21212.21,-11159.94,-462.49
9850000.00,-124291793471.41,-193826974512.52,3349478824.09,21279.99,-11054.84,-464.31
9900000.00,-123226111080.71,-194377082167.35,3326217748.02,21347.29,-10949.29,-466.13
9950000.00,-122157075827.08,-194921901102.29,3302866169.07,21414.10,-10843.29,-467.93
