0.00,6800573305.13,-67405926758.73,-6272267731.64,38608.47,8199.95,0.07
50000.00,8727067912.96,-66960423477.71,-6268953807.26,38444.09,9622.34,132.83
100000.00,10644278291.20,-66443695057.61,-6258971541.45,38236.93,11048.87,266.79
150000.00,12550045941.09,-65855549057.07,-6242261643.05,37986.19,12478.94,401.93
200000.00,14442170925.32,-65195824281.83,-6218766866.17,37691.03,13911.91,538.18
250000.00,16318409241.64,-64464393131.67,-6188432173.25,37350.53,15347.08,675.52
300000.00,18176470161.99,-63661164227.53,-6151204922.83,36963.72,16783.69,813.88
350000.00,20014013543.72,-62786085339.99,-6107035084.34,36529.60,18220.94,953.21
400000.00,21828647121.70,-61839146642.01,-6055875482.00,36047.10,19657.93,1093.46
450000.00,23617923791.93,-60820384310.87,-5997682070.41,35515.09,21093.71,1234.55
500000.00,25379338900.29,-59729884506.42,-5932414244.45,34932.39,22527.25,1376.42
550000.00,27110327552.58,-58567787754.65,-5860035186.59,34297.77,23957.39,1518.99
600000.00,28808261965.78,-57334293768.00,-5780512254.73,33609.95,25382.92,1662.16
650000.00,30470448884.46,-56029666735.70,-5693817414.16,32867.59,26802.47,1805.85
700000.00,32094127090.89,-54654241119.74,-5599927717.35,32069.31,28214.60,1949.94
750000.00,33676465042.74,-53208427993.92,-5498825835.74,31213.68,29617.69,2094.32
800000.00,35214558678.62,-51692721965.27,-5390500647.78,30299.23,31010.00,2238.85
850000.00,36705429438.62,-50107708718.69,-5274947887.92,29324.45,32389.63,2383.39
900000.00,38146022555.20,-48454073226.58,-5152170861.48,28287.80,33754.51,2527.79
950000.00,39533205679.02,-46732608666.16,-5022181230.35,27187.72,35102.38,2671.87
1000000.00,40863767914.58,-44944226086.56,-4884999875.02,26022.64,36430.79,2815.43
1050000.00,42134419352.46,-43089964867.01,-4740657838.29,24790.96,37737.04,2958.26
1100000.00,43341791197.75,-41171004004.80,-4589197356.01,23491.12,39018.24,3100.12
1150000.00,44482436609.36,-39188674267.90,-4430672980.51,22121.58,40271.22,3240.77
1200000.00,45552832380.36,-37144471241.07,-4265152801.51,20680.82,41492.55,3379.90
1250000.00,46549381607.72,-35040069285.95,-4092719769.63,19167.41,42678.50,3517.22
1300000.00,47468417518.44,-32877336424.41,-3913473126.20,17580.00,43825.04,3652.39
1350000.00,48306208639.53,-30658350139.19,-3727529942.82,15917.35,44927.84,3785.02
1400000.00,49058965520.66,-28385414066.90,-3535026772.06,14178.39,45982.18,3914.71
1450000.00,49722849240.03,-26061075533.88,-3336121409.63,12362.22,46983.01,4041.03
1500000.00,50293981945.98,-23688143855.11,-3130994765.32,10468.18,47924.91,4163.48
1550000.00,50768459707.74,-21269709279.45,-2919852837.54,8495.90,48802.06,4281.54
1600000.00,51142367967.39,-18809162419.24,-2702928782.33,6445.35,49608.26,4394.66
1650000.00,51411799900.43,-16310213949.12,-2480485063.14,4316.87,50336.91,4502.22
1700000.00,51572878001.94,-13776914296.03,-2252815662.21,2111.30,50981.03,4603.57
1750000.00,51621779216.80,-11213672969.76,-2020248327.77,-170.01,51533.23,4698.01
1800000.00,51554763923.35,-8625277101.19,-1783146823.66,-2525.05,51985.79,4784.80
1850000.00,51368209056.19,-6016908663.27,-1541913138.93,-4951.15,52330.66,4863.15
1900000.00,51058645612.04,-3394159750.07,-1296989605.40,-7444.81,52559.48,4932.24
1950000.00,50622800718.10,-763045183.25,-1048860859.98,-10001.66,52663.72,4991.20
2000000.00,50057644351.36,1869988392.47,-798055577.13,-12616.35,52634.65,5039.14
2050000.00,49360440674.36,4498057868.62,-545147884.79,-15282.44,52463.56,5075.13
2100000.00,48528803795.25,7113844525.14,-290758365.52,-17992.35,52141.76,5098.25
2150000.00,47560757564.36,9709601489.89,-35554533.74,-20737.27,51660.83,5107.54
2200000.00,46454798785.42,12277168964.64,219749328.43,-23507.09,51012.71,5102.08
2250000.00,45209962948.98,14807998379.54,474393099.94,-26290.35,50189.95,5080.97
2300000.00,43825891294.16,17293186582.35,727572638.13,-29074.28,49185.85,5043.35
2350000.00,42302897683.99,19723521042.61,978442602.98,-31844.75,47994.76,4988.45
2400000.00,40642033453.64,22089536838.52,1226120394.14,-34586.41,46612.30,4915.54
2450000.00,38845148083.83,24381585888.50,1469691284.15,-37282.71,45035.56,4824.06
2500000.00,36914943288.68,26589918482.80,1708214799.56,-39916.13,43263.41,4713.57
2550000.00,34855017921.93,28704776668.42,1940732359.67,-42468.35,41296.70,4583.78
2600000.00,32669901029.44,30716498455.08,2166276130.25,-44920.52,39138.46,4434.60
2650000.00,30365070443.71,32615631167.60,2383878990.29,-47253.60,36794.05,4266.16
2700000.00,27946954551.96,34393051606.57,2592585444.51,-49448.68,34271.30,4078.80
2750000.00,25422915290.86,36040090045.60,2791463248.58,-51487.38,31580.53,3873.11
2800000.00,22801211027.91,37548654544.02,2979615452.17,-53352.30,28734.52,3649.92
2850000.00,20090938762.90,38911351648.92,3156192513.20,-55027.37,25748.40,3410.29
2900000.00,17301955984.53,40121599353.62,3320404100.21,-56498.30,22639.47,3155.52
2950000.00,14444783488.24,41173728212.73,3471530184.07,-57752.91,19426.88,2887.12
3000000.00,11530491428.01,42063066809.43,3608931028.67,-58781.45,16131.33,2606.79
3050000.00,8570571758.71,42786008324.55,3732055723.11,-59576.83,12774.64,2316.38
3100000.00,5576800946.35,43340055740.48,3840448955.86,-60134.78,9379.31,2017.86
3150000.00,2561097318.67,43723844168.40,3933755808.58,-60453.91,5968.05,1713.27
3200000.00,-464622347.70,43937139841.83,4011724438.87,-60535.66,2563.31,1404.68
3250000.00,-3488582470.15,43980816385.60,4074206619.99,-60384.21,-813.14,1094.15
3300000.00,-6499280336.60,43856809963.42,4121156202.23,-60006.26,-4140.63,783.70
3350000.00,-9485606190.59,43568055754.17,4152625649.03,-59410.78,-7399.92,475.26
3400000.00,-12436948846.44,43118408851.58,4168760874.19,-58608.69,-10573.49,170.63
3450000.00,-15343284805.23,42512553093.23,4169794660.17,-57612.52,-13645.74,-128.53
3500000.00,-18195249721.99,41755901495.79,4156038970.35,-56436.05,-16603.12,-420.71
3550000.00,-20984191916.07,40854491921.97,4127876479.43,-55093.95,-19434.20,-704.59
3600000.00,-23702208366.77,39814881363.30,4085751638.87,-53601.44,-22129.64,-979.02
3650000.00,-26342164257.17,38644041838.06,4030161571.29,-51973.97,-24682.17,-1243.04
3700000.00,-28897697599.52,37349260424.37,3961647052.88,-50226.97,-27086.44,-1495.87
3750000.00,-31363210793.51,35938045422.09,3880783801.35,-48375.55,-29338.91,-1736.89
3800000.00,-33733851140.84,34418040106.81,3788174241.94,-46434.35,-31437.71,-1965.65
3850000.00,-36005482386.20,32796945036.73,3684439878.89,-44417.38,-33382.39,-2181.83
3900000.00,-38174649298.02,31082449424.19,3570214358.17,-42337.85,-35173.81,-2385.26
3950000.00,-40238537169.12,29282171700.11,3446137269.31,-40208.16,-36813.93,-2575.88
4000000.00,-42194927931.00,27403609090.19,3312848702.73,-38039.77,-38305.61,-2753.72
4050000.00,-44042154359.61,25454095784.26,3170984553.03,-35843.24,-39652.47,-2918.92
4100000.00,-45779053622.06,23440769110.72,3021172538.71,-33628.19,-40858.75,-3071.66
4150000.00,-47404921187.85,21370543018.09,2864028894.70,-31403.33,-41929.13,-3212.22
4200000.00,-48919465915.22,19250088106.33,2700155684.30,-29176.51,-42868.63,-3340.89
4250000.00,-50322766929.53,17085817431.34,2530138671.66,-26954.69,-43682.52,-3458.02
4300000.00,-51615232739.86,14883877318.17,2354545694.00,-24744.08,-44376.19,-3563.98
4350000.00,-52797562894.51,12650142452.96,2173925472.56,-22550.13,-44955.11,-3659.16
4400000.00,-53870712354.31,10390214573.44,1988806804.13,-20377.61,-45424.71,-3743.97
4450000.00,-54835858664.14,8109424136.97,1799698077.87,-18230.67,-45790.40,-3818.82
4500000.00,-55694371925.59,5812834408.88,1607087066.84,-16112.87,-46057.46,-3884.12
4550000.00,-56447787513.70,3505247478.56,1411440948.26,-14027.26,-46231.04,-3940.29
4600000.00,-57097781437.15,1191211773.82,1213206511.33,-11976.43,-46316.13,-3987.72
4650000.00,-57646148210.46,-1124969296.24,1012810516.58,-9962.54,-46317.55,-4026.81
4700000.00,-58094781086.29,-3439227884.30,810660174.92,-7987.38,-46239.91,-4057.94
4750000.00,-58445654484.64,-5747721698.47,607143719.31,-6052.42,-46087.61,-4081.50
4800000.00,-58700808450.59,-8046823666.18,402631045.69,-4158.82,-45864.85,-4097.85
4850000.00,-58862334972.37,-10333111448.78,197474403.54,-2307.50,-45575.62,-4107.31
4900000.00,-58932365995.51,-12603356952.94,-7990880.52,-499.14,-45223.71,-4110.24
4950000.00,-58913062975.22,-14854515955.60,-213445659.67,1265.75,-44812.68,-4106.94
5000000.00,-58806607817.85,-17083717933.78,-418586215.60,2986.86,-44345.91,-4097.71
5050000.00,-58615195071.39,-19288256169.44,-623123508.18,4663.99,-43826.59,-4082.85
5100000.00,-58341025235.41,-21465578181.90,-826782433.27,6297.10,-43257.70,-4062.62
5150000.00,-57986299070.99,-23613276525.20,-1029301094.41,7886.22,-42642.05,-4037.27
5200000.00,-57553212801.42,-25729079975.98,-1230430092.90,9431.49,-41982.29,-4007.06
5250000.00,-57043954104.49,-27810845127.30,-1429931839.51,10933.11,-41280.88,-3972.22
5300000.00,-56460698806.38,-29856548396.03,-1627579890.35,12391.36,-40540.14,-3932.95
5350000.00,-55805608196.32,-31864278444.98,-1823158308.42,13806.54,-39762.26,-3889.46
5400000.00,-55080826889.43,-33832229015.93,-2016461052.07,15179.00,-38949.26,-3841.95
5450000.00,-54288481172.60,-35758692166.13,-2207291390.84,16509.13,-38103.04,-3790.59
5500000.00,-53430677775.71,-37642051897.58,-2395461348.86,17797.33,-37225.38,-3735.56
5550000.00,-52509503016.61,-39480778166.69,-2580791175.64,19044.02,-36317.94,-3677.01
5600000.00,-51527022274.21,-41273421260.06,-2763108843.93,20249.60,-35382.27,-3615.09
5650000.00,-50485279749.34,-43018606521.67,-2942249573.97,21414.52,-34419.83,-3549.95
5700000.00,-49386298477.92,-44715029415.65,-3118055383.45,22539.18,-33431.97,-3481.71
5750000.00,-48232080564.90,-46361450909.12,-3290374662.39,23624.01,-32419.95,-3410.50
5800000.00,-47024607611.76,-47956693159.53,-3459061771.91,24669.41,-31384.97,-3336.44
5850000.00,-45765841313.39,-49499635490.89,-3623976666.20,25675.77,-30328.11,-3259.63
5900000.00,-44457724203.49,-50989210644.26,-3784984536.47,26643.47,-29250.43,-3180.17
5950000.00,-43102180530.15,-52424401288.09,-3941955476.09,27572.85,-28152.87,-3098.17
6000000.00,-41701117246.01,-53804236774.63,-4094764165.99,28464.27,-27036.35,-3013.69
6050000.00,-40256425099.17,-55127790129.58,-4243289579.25,29318.02,-25901.70,-2926.84
6100000.00,-38769979813.38,-56394175262.82,-4387414704.20,30134.40,-24749.73,-2837.69
6150000.00,-37243643347.29,-57602544388.63,-4527026285.06,30913.67,-23581.16,-2746.31
6200000.00,-35679265224.52,-58752085645.16,-4662014579.27,31656.07,-22396.71,-2652.77
6250000.00,-34078683927.21,-59842020903.03,-4792273130.96,32361.79,-21197.01,-2557.13
6300000.00,-32443728347.34,-60871603754.51,-4917698559.67,33031.03,-19982.70,-2459.45
6350000.00,-30776219290.74,-61840117674.90,-5038190363.70,33663.92,-18754.34,-2359.79
6400000.00,-29077971029.94,-62746874349.02,-5153650737.70,34260.58,-17512.48,-2258.20
6450000.00,-27350792902.78,-63591212156.28,-5263984403.67,34821.09,-16257.65,-2154.73
6500000.00,-25596490954.29,-64372494808.73,-5369098455.12,35345.50,-14990.34,-2049.42
6550000.00,-23816869620.17,-65090110137.22,-5468902213.97,35833.83,-13711.03,-1942.32
6600000.00,-22013733450.64,-65743469021.66,-5563307099.67,36286.05,-12420.15,-1833.47
6650000.00,-20188888874.03,-66332004462.10,-5652226510.54,36702.12,-11118.15,-1722.91
6700000.00,-18344145999.71,-66855170788.22,-5735575716.80,37081.93,-9805.44,-1610.67
6750000.00,-16481320460.68,-67312443005.61,-5813271765.42,37425.36,-8482.44,-1496.79
6800000.00,-14602235295.99,-67703316277.97,-5885233396.51,37732.25,-7149.54,-1381.30
6850000.00,-12708722873.87,-68027305545.18,-5951380971.31,38002.38,-5807.14,-1264.23
6900000.00,-10802626856.35,-68283945278.23,-6011636411.88,38235.51,-4455.61,-1145.61
6950000.00,-8885804206.41,-68472789372.45,-6065923152.52,38431.35,-3095.37,-1025.48
7000000.00,-6960127238.82,-68593411181.93,-6114166103.26,38589.58,-1726.78,-903.87
7050000.00,-5027485715.92,-68645403698.22,-6156291625.55,38709.83,-350.25,-780.79
7100000.00,-3089788989.40,-68628379878.20,-6192227520.73,38791.68,1033.81,-656.28
7150000.00,-1148968189.31,-68541973126.10,-6221903031.58,38834.68,2425.00,-530.38
7200000.00,793021538.74,-68385837936.53,-6245248857.62,38838.31,3822.88,-403.10
7250000.00,2734198747.43,-68159650705.85,-6262197184.81,38802.04,5227.01,-274.48
7300000.00,4672553352.10,-67863110720.64,-6272681730.37,38725.26,6636.92,-144.55
7350000.00,6606044245.56,-67495941333.31,-6276637803.81,38607.34,8052.11,-13.35
7400000.00,8532596863.62,-67057891335.98,-6274002384.93,38447.57,9472.06,119.10
7450000.00,10450100702.47,-66548736545.31,-6264714220.18,38245.22,10896.21,252.76
7500000.00,12356406789.43,-65968281612.27,-6248713938.63,37999.48,12323.96,387.58
7550000.00,14249325109.87,-65316362072.45,-6225944188.96,37709.52,13754.69,523.53
7600000.00,16126621993.87,-64592846654.25,-6196349799.16,37374.42,15187.68,660.56
7650000.00,17986017467.68,-63797639863.62,-6159877960.78,36993.25,16622.21,798.62
7700000.00,19825182576.52,-62930684866.38,-6116478439.72,36564.99,18057.47,937.66
7750000.00,21641736686.96,-61991966690.56,-6066103815.78,36088.58,19492.59,1077.61
7800000.00,23433244779.59,-60981515773.41,-6008709753.39,35562.91,20926.62,1218.43
7850000.00,25197214744.65,-59899411879.81,-5944255306.31,34986.81,22358.53,1360.02
7900000.00,26931094696.82,-58745788420.73,-5872703259.05,34359.05,23787.20,1502.32
7950000.00,28632270328.30,-57520837202.64,-5794020508.34,33678.36,25211.42,1645.23
8000000.00,30298062323.40,-56224813641.01,-5708178488.11,32943.43,26629.86,1788.67
8050000.00,31925723862.67,-54858042472.85,-5615153641.57,32152.86,28041.07,1932.53
8100000.00,33512438249.33,-53420924005.43,-5514927944.58,31305.24,29443.47,2076.68
8150000.00,35055316697.45,-51913940940.17,-5407489484.51,30399.11,30835.34,2221.02
8200000.00,36551396327.71,-50337665812.05,-5292833099.21,29432.98,32214.81,2365.38
8250000.00,37997638424.87,-48692769086.24,-5170961080.89,28405.29,33579.83,2509.61
8300000.00,39390927019.92,-46980027954.19,-5041883950.05,27314.51,34928.18,2653.55
8350000.00,40728067870.07,-45200335871.41,-4905621304.62,26159.06,36257.43,2797.00
8400000.00,42005787921.32,-43354712878.12,-4762202749.76,24937.35,37564.94,2939.75
8450000.00,43220735351.12,-41444316741.81,-4611668913.85,23647.82,38847.83,3081.57
8500000.00,44369480303.10,-39470454957.07,-4454072555.83,22288.93,40103.00,3222.21
8550000.00,45448516441.44,-37434597632.24,-4289479769.29,20859.15,41327.04,3361.38
8600000.00,46454263470.04,-35338391284.78,-4117971287.94,19357.06,42516.29,3498.78
8650000.00,47383070780.20,-33183673556.00,-3939643896.74,17781.27,43666.76,3634.07
8700000.00,48231222410.74,-30972488841.94,-3754611951.84,16130.56,44774.18,3766.89
8750000.00,48994943525.42,-28707104817.97,-3563009011.24,14403.81,45833.89,3896.84
8800000.00,49670408634.48,-26390029811.88,-3364989576.63,12600.10,46840.90,4023.47
8850000.00,50253751808.62,-24024030950.45,-3160730944.08,10718.76,47789.86,4146.32
8900000.00,50741079155.04,-21612152968.55,-2950435158.99,8759.35,48675.01,4264.87
8950000.00,51128483843.88,-19157737526.63,-2734331066.57,6721.79,49490.23,4378.55
9000000.00,51412063989.60,-16664442829.99,-2512676445.17,4606.37,50228.99,4486.78
9050000.00,51587943701.77,-14136263282.43,-2285760203.94,2413.86,50884.36,4588.90
9100000.00,51652297623.05,-11577548835.88,-2053904620.32,145.53,51449.04,4684.23
9150000.00,51601379264.51,-8993023617.07,-1817467585.16,-2196.73,51915.38,4772.02
9200000.00,51431553427.10,-6387803321.97,-1576844814.57,-4610.35,52275.38,4851.51
9250000.00,51139332959.57,-3767410770.64,-1332471978.09,-7091.96,52520.76,4921.88
9300000.00,50721420042.26,-1137788909.95,-1084826681.96,-9637.33,52643.00,4982.26
9350000.00,50174752099.70,1494689555.27,-834430234.76,-12241.27,52633.44,5031.76
9400000.00,49496552327.52,4123216827.83,-581849110.85,-14897.52,52483.36,5069.48
9450000.00,48684384667.42,6740550001.97,-327696015.43,-17598.70,52184.09,5094.47
9500000.00,47736212874.77,9339017465.49,-72630444.05,-20336.18,51727.19,5105.81
9550000.00,46650463096.03,11910532870.81,182641379.57,-23100.08,51104.54,5102.55
9600000.00,45426089108.75,14446617834.86,437367309.31,-25879.18,50308.59,5083.81
9650000.00,44062639081.27,16938434482.24,690750949.88,-28660.92,49332.57,5048.71
9700000.00,42560322391.20,19376828831.22,941954316.54,-31431.42,48170.64,4996.45
9750000.00,40920074717.42,21752385824.85,1190101589.25,-34175.51,46818.23,4926.34
9800000.00,39143619310.04,24055496518.74,1434284048.14,-36876.87,45272.21,4837.75
9850000.00,37233522072.45,26276437547.97,1673566247.42,-39518.15,43531.17,4730.24
9900000.00,35193237891.40,28405462508.96,1906993443.95,-42081.19,41595.63,4603.50
9950000.00,33027145556.96,30432904320.93,2133600246.89,-44547.23,39468.29,4457.40
