0.00,-247117614742.80,-14225240749.84,5747400756.05,2860.32,-24157.71,-5.03
50000.00,-246980066007.11,-15323436074.52,5739251868.84,1469.88,-20313.88,248.58
100000.00,-246869833805.87,-16424493819.14,5745627472.28,1113.98,-23323.21,765.94
150000.00,-246741797619.35,-17532296463.69,5747191394.91,1786.76,-23679.99,554.29
200000.00,-246600488271.20,-18631359046.95,5744288644.33,1235.90,-22964.36,769.32
250000.00,-246442004163.27,-19737384031.19,5736824079.24,1626.33,-20836.04,421.16
300000.00,-246290631606.85,-20863154343.93,5736864726.04,3726.69,-20926.50,-451.36
350000.00,-246158420720.09,-21971533113.62,5745881344.44,4159.98,-22818.72,-399.07
400000.00,-245999766587.90,-23043334162.12,5741690543.60,1789.08,-22879.78,703.46
450000.00,-245811827377.95,-24171075203.27,5732702028.93,3859.90,-20849.93,-379.90
500000.00,-245673020246.70,-25273905019.37,5745201903.42,4083.68,-23211.09,-185.28
550000.00,-245469118148.33,-26353117830.17,5728700655.43,2612.74,-20733.46,253.83
600000.00,-245308120657.32,-27486069644.27,5739187739.12,4691.44,-22411.35,-445.56
650000.00,-245112430948.69,-28545975997.84,5728966471.92,2248.55,-21491.74,588.62
700000.00,-244927068098.70,-29687882259.09,5734262035.08,4906.85,-22110.26,-479.38
750000.00,-244725634293.80,-30743131069.17,5725680840.16,2465.24,-21558.27,593.40
800000.00,-244531380438.06,-31885415390.29,5731758954.87,5083.11,-22227.15,-451.75
850000.00,-244307896530.70,-32942392709.10,5718258973.18,3042.25,-20936.37,366.06
900000.00,-244120000477.27,-34075971549.86,5730948095.70,5136.22,-22649.76,-337.10
950000.00,-243867997444.30,-35150137008.31,5711285147.94,4205.49,-20588.83,-92.85
1000000.00,-243687477278.74,-36251979426.28,5728633089.02,4732.71,-23179.00,-8.16
1050000.00,-243419941685.39,-37360343161.62,5710368183.69,5285.96,-21085.78,-426.39
1100000.00,-243213725295.34,-38413879850.54,5715953099.15,3457.67,-22600.91,592.09
1150000.00,-242966071823.56,-39554674225.20,5714645238.08,5769.55,-22051.48,-445.47
1200000.00,-242696476836.03,-40611144231.22,5697105784.52,4439.80,-20563.67,36.58
1250000.00,-242490436856.10,-41715265150.70,5715171802.67,5247.29,-23054.13,-13.57
1300000.00,-242197605865.19,-42825065991.61,5697637633.51,5933.19,-21258.77,-459.31
1350000.00,-241944593277.46,-43864862575.18,5692823568.12,3874.11,-21342.83,511.90
1400000.00,-241700830483.57,-44997303572.00,5704211099.81,6051.19,-22572.91,-278.98
1450000.00,-241389747425.44,-46082085158.84,5683059814.66,5994.27,-20859.68,-385.89
1500000.00,-241140597857.66,-47124892387.88,5687402595.62,4213.73,-22092.25,582.12
1550000.00,-240864353699.39,-48260482404.66,5691815371.81,6471.77,-22291.51,-352.75
1600000.00,-240538771017.53,-49334293815.06,5670206283.44,6208.51,-20721.44,-352.80
1650000.00,-240277575842.94,-50376172139.05,5676239220.98,4586.16,-22123.65,562.71
1700000.00,-239984617921.88,-51508866712.86,5680064852.80,6763.72,-22248.98,-343.97
1750000.00,-239642523579.29,-52583071256.56,5658312145.76,6620.36,-20761.85,-388.46
1800000.00,-239356006951.48,-53615447205.18,5659252902.02,4828.12,-21535.65,536.62
1850000.00,-239061063015.08,-54741372880.31,5668642334.44,6931.89,-22398.66,-259.76
1900000.00,-238702561127.09,-55825475353.86,5647803340.60,7129.83,-20975.37,-449.05
1950000.00,-238377511635.50,-56852028789.71,5638184522.67,5536.13,-20594.76,266.83
2000000.00,-238089578014.19,-57953247495.05,5655265773.55,6820.03,-22638.04,-41.56
2050000.00,-237721316496.03,-59054869070.52,5639104150.97,7585.80,-21361.14,-467.55
2100000.00,-237355672294.07,-60092558333.82,5619802959.84,6758.51,-20277.33,-165.73
2150000.00,-237056657024.44,-61142454103.10,5633764999.18,6107.07,-22402.61,393.98
2200000.00,-236697914894.30,-62261427073.49,5630832762.48,7824.70,-21893.12,-374.12
2250000.00,-236303264042.74,-63324388329.16,5608489772.34,7755.60,-20652.45,-425.35
2300000.00,-235947338479.65,-64340799106.77,5600867448.74,6215.03,-20518.11,292.58
2350000.00,-235622027791.67,-65433991664.36,5617270429.26,7511.83,-22433.33,-34.78
2400000.00,-235219244651.66,-66529323130.58,5601904952.53,8315.66,-21312.02,-460.89
2450000.00,-234810430535.51,-67566565609.00,5580186939.18,7834.82,-20236.49,-311.92
2500000.00,-234458779052.36,-68584368006.03,5584210413.25,6385.35,-21325.31,493.31
2550000.00,-234090717615.28,-69691095770.11,5592650164.27,8281.38,-22078.38,-221.38
2600000.00,-233661138169.96,-70767009299.36,5572971549.29,8700.64,-20950.56,-477.24
2650000.00,-233237762850.61,-71789113072.00,5552825845.54,8027.36,-20019.79,-227.66
2700000.00,-232875028951.04,-72810578845.44,5561925416.98,6957.77,-21634.65,463.69
2750000.00,-232475277818.92,-73913861425.06,5565552607.34,8786.45,-21839.76,-278.07
2800000.00,-232023874569.30,-74978948671.61,5544682333.42,9099.59,-20765.79,-481.02
2850000.00,-231580678691.39,-75993403105.87,5524571587.22,8436.07,-19894.33,-229.55
2900000.00,-231196289507.88,-77007189947.38,5532881464.34,7357.37,-21423.70,456.61
2950000.00,-230778484644.33,-78103006928.08,5537337829.37,9154.58,-21745.73,-258.68
3000000.00,-230307248929.81,-79164856664.43,5516963239.43,9531.67,-20725.95,-484.14
3050000.00,-229839003455.10,-80177722334.97,5495211900.35,9038.97,-19839.85,-309.94
3100000.00,-229422575955.75,-81174194154.38,5497134050.41,7681.11,-20716.51,431.64
3150000.00,-228999293880.09,-82255939760.04,5507313707.90,9362.76,-21760.63,-156.89
3200000.00,-228511624629.46,-83320895869.76,5489609755.82,9959.34,-20811.94,-472.04
3250000.00,-228016421287.62,-84338167264.71,5466005046.80,9724.90,-19903.44,-414.63
3300000.00,-227556219384.71,-85321494647.68,5456785396.41,8480.66,-19773.15,171.42
3350000.00,-227131966355.07,-86368352002.64,5472519656.21,9251.31,-21736.40,82.43
3400000.00,-226636677605.22,-87440369554.13,5461804246.53,10305.47,-21010.65,-412.02
3450000.00,-226117093544.39,-88467814837.78,5438092868.07,10369.13,-20099.55,-486.90
3500000.00,-225611751810.09,-89453378017.09,5418740442.65,9679.21,-19407.72,-205.08
3550000.00,-225161123666.69,-90444721243.88,5426634061.73,8745.79,-20900.18,411.71
3600000.00,-224678351328.87,-91514331515.52,5430833711.39,10415.27,-21289.63,-239.09
3650000.00,-224142461799.54,-92557000136.52,5411115183.46,10878.79,-20408.58,-487.82
3700000.00,-223600940809.71,-93556292091.35,5386800555.48,10680.34,-19582.03,-437.71
3750000.00,-223088534049.24,-94522274288.80,5374323118.45,9625.92,-19287.27,46.69
3800000.00,-222620432617.64,-95536262822.73,5388852505.14,9881.26,-21273.14,187.88
3850000.00,-222088624632.75,-96594021245.71,5382126918.41,11133.34,-20813.22,-366.01
3900000.00,-221523656376.54,-97613374227.28,5359141137.46,11364.00,-19967.68,-507.79
3950000.00,-220961299138.36,-98592264612.65,5335515598.00,11024.29,-19214.74,-387.49
4000000.00,-220436315763.76,-99546602696.94,5328287593.68,9829.71,-19327.79,200.99
4050000.00,-219937945312.24,-100567737399.82,5342163005.34,10717.44,-21096.69,39.50
4100000.00,-219372151019.21,-101609515703.15,5330745856.05,11698.91,-20460.55,-412.63
4150000.00,-218781250227.39,-102612232209.12,5306573987.19,11850.88,-19656.81,-515.14
4200000.00,-218195410302.74,-103576685204.14,5283076473.32,11479.66,-18949.92,-376.16
4250000.00,-217647840508.25,-104519838002.66,5276701483.51,10301.71,-19160.55,214.69
4300000.00,-217122830826.71,-105531228193.49,5289763766.05,11250.77,-20845.14,17.14
4350000.00,-216531604851.69,-106560595027.79,5277798494.97,12196.00,-20225.66,-417.00
4400000.00,-215915617359.92,-107552367715.36,5253390772.74,12363.29,-19453.29,-522.96
4450000.00,-215302808733.92,-108507188793.75,5228961491.70,12059.32,-18760.86,-412.28
4500000.00,-214722710750.18,-109437295827.19,5218833543.24,10993.06,-18719.03,102.68
4550000.00,-214176656477.49,-110423526509.42,5231944840.74,11517.25,-20549.37,107.77
4600000.00,-213567632059.44,-111443793464.71,5223126762.77,12626.54,-20092.55,-381.87
4650000.00,-212927745095.06,-112429543918.44,5199494364.50,12885.99,-19342.91,-526.16
4700000.00,-212285932324.14,-113379090882.26,5173661469.61,12714.20,-18651.51,-473.86
4750000.00,-211666446898.85,-114298825563.41,5157005679.44,11918.84,-18263.04,-114.73
4800000.00,-211094332714.59,-115243967131.97,5166286257.41,11503.94,-19929.78,288.04
4850000.00,-210479036873.10,-116252987909.53,5165454486.15,12930.11,-20038.30,-283.17
4900000.00,-209818733912.77,-117237037091.96,5144550215.03,13377.86,-19317.38,-507.60
4950000.00,-209148507549.19,-118185434936.26,5117969684.93,13370.53,-18627.02,-527.90
5000000.00,-208488815999.18,-119101303871.94,5095070329.90,12918.38,-18044.63,-340.61
5050000.00,-207869468842.59,-120005600351.47,5091174950.77,11820.99,-18552.92,243.86
5100000.00,-207259874274.46,-120980883443.01,5101261213.76,12931.12,-19953.17,-54.93
5150000.00,-206588224976.53,-121965921807.15,5087323753.12,13767.92,-19371.97,-436.68
5200000.00,-205893324209.50,-122917075951.79,5062008650.75,13962.80,-18681.00,-546.35
5250000.00,-205197671634.20,-123834910582.40,5035305620.66,13801.34,-18042.65,-493.32
5300000.00,-204521873459.82,-124724592469.72,5016841550.00,13103.47,-17639.90,-179.30
5350000.00,-203892119503.51,-125630792276.06,5022761696.61,12468.76,-19063.41,294.17
5400000.00,-203230869346.45,-126605541014.43,5024175158.71,13887.99,-19470.09,-243.21
5450000.00,-202520335497.18,-127562952687.23,5004423366.79,14423.47,-18809.96,-500.01
5500000.00,-201795692359.52,-128486944975.72,4977376544.43,14509.33,-18156.96,-557.72
5550000.00,-201074784097.70,-129379548740.36,4951114823.51,14260.97,-17560.96,-462.15
5600000.00,-200379303186.06,-130248261730.20,4935976631.48,13425.52,-17344.07,-68.73
5650000.00,-199725011727.81,-131152124477.75,4944958544.44,13308.91,-19021.71,201.36
5700000.00,-199023142596.31,-132110169159.12,4940845717.74,14590.20,-18999.94,-319.04
5750000.00,-198280798853.96,-133043984083.25,4918749718.50,15015.93,-18348.06,-526.59
5800000.00,-197527562512.52,-133945595018.82,4890898719.70,15066.01,-17723.07,-565.77
5850000.00,-196779283287.25,-134817154904.25,4864500729.21,14800.57,-17153.65,-460.16
5900000.00,-196057044778.42,-135666491800.45,4849651968.77,13961.91,-16983.94,-60.96
5950000.00,-195374053055.44,-136553008287.76,4858238708.60,13914.05,-18644.88,176.31
6000000.00,-194643010366.62,-137491200191.29,4853246126.83,15156.42,-18602.70,-329.04
6050000.00,-193872544332.86,-138405649536.37,4830783003.16,15578.60,-17970.79,-533.05
6100000.00,-193090854115.60,-139288871718.26,4802512774.50,15644.79,-17364.44,-577.59
6150000.00,-192312651903.09,-140142836588.01,4775118687.17,15426.92,-16804.78,-492.20
6200000.00,-191556418622.55,-140973194248.21,4757320474.00,14704.46,-16521.82,-156.26
6250000.00,-190842422630.83,-141827166453.57,4762857458.40,14278.34,-17987.39,226.98
6300000.00,-190092852032.16,-142743065746.73,4761333047.27,15595.32,-18269.13,-278.39
6350000.00,-189297903547.44,-143641842280.75,4740384948.08,16107.07,-17667.46,-518.87
6400000.00,-188488333348.30,-144510158800.43,4712203530.68,16232.01,-17071.50,-588.44
6450000.00,-187678788278.59,-145349644562.89,4683404129.83,16104.44,-16514.36,-542.87
6500000.00,-186884136476.98,-146163428220.96,4660852450.20,15589.81,-16086.72,-313.66
6550000.00,-186129212467.24,-146976809088.28,4658055943.67,14680.96,-16862.21,211.29
6600000.00,-185371596454.01,-147858470911.96,4663294323.48,15826.73,-17937.49,-138.46
6650000.00,-184558484208.85,-148744143929.59,4646789712.10,16566.08,-17431.23,-469.61
6700000.00,-183723137693.65,-149600760913.30,4619833525.02,16797.24,-16838.77,-585.81
6750000.00,-182882772203.94,-150428681362.84,4590038847.64,16780.22,-16282.98,-589.08
6800000.00,-182049528238.19,-151229825334.71,4562943099.65,16490.00,-15777.84,-466.97
6850000.00,-181242560191.53,-152012290622.49,4547797983.26,15677.96,-15687.78,-73.12
6900000.00,-180471116076.07,-152833051302.05,4554437218.53,15691.87,-17264.64,125.58
6950000.00,-179653455795.16,-153702191033.64,4547889551.42,16863.39,-17244.11,-346.86
7000000.00,-178797601975.03,-154550084506.17,4524646187.75,17293.98,-16665.53,-549.66
7050000.00,-177929167043.12,-155369227576.75,4495217032.15,17406.32,-16105.93,-610.56
7100000.00,-177060453787.06,-156161237296.49,4465176304.10,17303.95,-15579.30,-573.71
7150000.00,-176203919175.43,-156928411318.96,4440235371.18,16882.69,-15139.72,-387.76
7200000.00,-175381754279.65,-157687382501.11,4431836487.24,15965.37,-15530.69,100.22
7250000.00,-174573918427.82,-158506301873.96,4438026884.42,16742.15,-16915.16,-57.31
7300000.00,-173711020952.06,-159345643870.25,4424285330.17,17627.62,-16550.29,-438.93
7350000.00,-172820560688.61,-160158910327.85,4398023119.09,17935.18,-15982.85,-586.82
7400000.00,-171921502944.91,-160944545864.33,4367421860.28,17994.93,-15447.49,-622.54
7450000.00,-171024374723.60,-161704158988.67,4337270413.16,17850.98,-14942.36,-565.69
7500000.00,-170141928304.32,-162440451272.64,4313447044.87,17365.54,-14554.34,-346.90
7550000.00,-169296410285.49,-163175691543.73,4307974339.79,16499.19,-15218.23,145.12
7600000.00,-168452621898.63,-163974951633.44,4311900601.15,17500.61,-16349.63,-137.63
7650000.00,-167555204221.35,-164783481853.94,4295375705.30,18268.07,-15920.18,-474.20
7700000.00,-166633850971.56,-165565601179.13,4267872470.83,18537.69,-15368.44,-604.24
7750000.00,-165705012893.04,-166320934427.95,4236581724.04,18586.23,-14849.38,-633.89
7800000.00,-164778318208.61,-167050994633.13,4205884528.07,18444.60,-14357.86,-577.23
7850000.00,-163865753013.07,-167758241679.10,4181294199.89,17981.50,-13972.66,-368.63
7900000.00,-162988708277.11,-168462775423.65,4174227281.30,17118.06,-14545.61,111.90
7950000.00,-162117340153.92,-169229054123.24,4178007275.29,18026.31,-15741.74,-124.39
8000000.00,-161192859985.89,-170008469772.83,4161919518.23,18823.25,-15352.01,-470.39
8050000.00,-160243260963.13,-170762486110.91,4134411725.14,19111.56,-14811.59,-608.00
8100000.00,-159285244894.38,-171490218545.98,4102730856.36,19180.96,-14302.27,-646.39
8150000.00,-158327961328.66,-172193140309.81,4071040763.83,19078.55,-13818.15,-606.84
8200000.00,-157381686655.56,-172872986630.91,4044027336.35,18710.37,-13399.48,-444.02
8250000.00,-156465410956.91,-173541881549.24,4031244248.23,17871.37,-13587.30,-13.78
8300000.00,-155572132494.29,-174260488231.20,4035658358.04,18306.49,-15031.54,-18.50
8350000.00,-154629040846.17,-175011121263.70,4023499133.49,19276.84,-14835.46,-421.94
8400000.00,-153654509715.15,-175739720604.85,3997451520.46,19644.87,-14306.43,-593.99
8450000.00,-152668570496.21,-176442259465.85,3965909749.97,19763.79,-13800.17,-654.45
8500000.00,-151680719395.70,-177120197433.22,3933185856.18,19723.86,-13320.24,-642.60
8550000.00,-150699425790.66,-177774766341.54,3903118683.34,19484.01,-12871.77,-539.86
8600000.00,-149738811380.23,-178410786369.70,3882388163.98,18849.92,-12662.99,-240.15
8650000.00,-148815277410.00,-179066329644.42,3881979980.61,18390.32,-13870.85,123.47
8700000.00,-147866177304.63,-179780286467.34,3878220783.00,19546.35,-14332.92,-296.95
8750000.00,-146872741478.08,-180485542047.65,3856199794.99,20101.92,-13850.86,-547.33
8800000.00,-145861606344.41,-181165208810.65,3825936206.60,20307.91,-13340.70,-647.08
8850000.00,-144844703911.31,-181820158733.09,3792750857.84,20344.57,-12860.90,-669.58
8900000.00,-143829628874.86,-182451644919.04,3760097980.25,20229.07,-12401.62,-623.31
8950000.00,-142825821764.16,-183061237340.52,3732274558.68,19864.82,-12005.22,-461.66
9000000.00,-141851079847.36,-183660503948.54,3718239204.25,19059.54,-12180.81,-49.73
9050000.00,-140899506402.72,-184306938783.73,3721082559.36,19432.23,-13583.20,-34.15
9100000.00,-139900609823.37,-184986467043.97,3708441270.53,20392.45,-13433.52,-430.10
9150000.00,-138870079736.66,-185645567592.38,3681913458.26,20770.07,-12926.76,-605.60
9200000.00,-137827505764.77,-186279573003.65,3649633188.77,20905.75,-12438.41,-673.19
9250000.00,-136781815176.31,-186889866214.03,3615650197.38,20899.85,-11976.01,-676.17
9300000.00,-135740039520.14,-187477490901.67,3583148937.60,20739.22,-11533.04,-609.42
9350000.00,-134712465809.26,-188044590443.34,3556852548.03,20296.52,-11188.49,-409.19
9400000.00,-133717889895.86,-188609064061.99,3546774969.74,19492.72,-11681.07,32.01
9450000.00,-132731884785.66,-189230027644.84,3548001858.32,20250.48,-12867.45,-144.52
9500000.00,-131696347655.69,-189868069862.69,3531131080.32,21050.09,-12558.63,-486.60
9550000.00,-130634876948.17,-190483493592.44,3502613914.80,21361.25,-12059.08,-633.15
9600000.00,-129563493621.61,-191074489445.07,3469298116.45,21470.29,-11585.33,-688.58
9650000.00,-128489952319.49,-191642434341.30,3434716059.70,21450.55,-11134.75,-685.33
9700000.00,-127420875313.42,-192188259353.49,3401859784.92,21281.12,-10702.37,-614.71
9750000.00,-126366361182.47,-192714144772.01,3375370915.11,20833.08,-10371.96,-411.87
9800000.00,-125344727616.00,-193238375598.14,3365081373.65,20047.31,-10885.79,21.98
9850000.00,-124330490637.12,-193818644340.08,3365448349.26,20808.51,-12034.93,-161.43
9900000.00,-123267598665.35,-194415058376.88,3347944150.25,21590.05,-11729.32,-496.34
9950000.00,-122179251347.08,-194989237462.44,3318989306.79,21897.65,-11238.46,-641.51
