0.00,-5.21,-5.24,-0.00,-0.10,-0.10,-0.00
50000.00,-5190.72,-5294.18,-1.37,-0.10,-0.11,-0.00
100000.00,-10317.39,-10670.62,-5.47,-0.10,-0.11,-0.00
150000.00,-15383.69,-16133.96,-12.32,-0.10,-0.11,-0.00
200000.00,-20388.07,-21683.57,-21.94,-0.10,-0.11,-0.00
250000.00,-25328.99,-27318.81,-34.31,-0.10,-0.11,-0.00
300000.00,-30204.89,-33039.00,-49.47,-0.10,-0.12,-0.00
350000.00,-35014.25,-38843.44,-67.40,-0.10,-0.12,-0.00
400000.00,-39755.50,-44731.39,-88.11,-0.09,-0.12,-0.00
450000.00,-44427.11,-50702.13,-111.62,-0.09,-0.12,-0.00
500000.00,-49027.52,-56754.86,-137.93,-0.09,-0.12,-0.00
550000.00,-53555.19,-62888.78,-167.03,-0.09,-0.12,-0.00
600000.00,-58008.55,-69103.06,-198.93,-0.09,-0.13,-0.00
650000.00,-62386.07,-75396.85,-233.63,-0.09,-0.13,-0.00
700000.00,-66686.19,-81769.26,-271.13,-0.09,-0.13,-0.00
750000.00,-70907.34,-88219.35,-311.42,-0.08,-0.13,-0.00
800000.00,-75047.97,-94746.20,-354.51,-0.08,-0.13,-0.00
850000.00,-79106.52,-101348.80,-400.39,-0.08,-0.13,-0.00
900000.00,-83081.43,-108026.16,-449.05,-0.08,-0.13,-0.00
950000.00,-86971.12,-114777.20,-500.49,-0.08,-0.14,-0.00
1000000.00,-90774.04,-121600.86,-554.68,-0.08,-0.14,-0.00
1050000.00,-94488.61,-128496.00,-611.63,-0.07,-0.14,-0.00
1100000.00,-98113.27,-135461.45,-671.31,-0.07,-0.14,-0.00
1150000.00,-101646.44,-142496.02,-733.71,-0.07,-0.14,-0.00
1200000.00,-105086.54,-149598.44,-798.80,-0.07,-0.14,-0.00
1250000.00,-108432.02,-156767.42,-866.58,-0.07,-0.14,-0.00
1300000.00,-111681.29,-164001.61,-937.00,-0.06,-0.15,-0.00
1350000.00,-114832.79,-171299.62,-1010.04,-0.06,-0.15,-0.00
1400000.00,-117884.95,-178660.00,-1085.67,-0.06,-0.15,-0.00
1450000.00,-120836.21,-186081.23,-1163.84,-0.06,-0.15,-0.00
1500000.00,-123685.03,-193561.76,-1244.53,-0.06,-0.15,-0.00
1550000.00,-126429.85,-201099.96,-1327.68,-0.05,-0.15,-0.00
1600000.00,-129069.14,-208694.13,-1413.24,-0.05,-0.15,-0.00
1650000.00,-131601.40,-216342.51,-1501.16,-0.05,-0.15,-0.00
1700000.00,-134025.12,-224043.27,-1591.38,-0.05,-0.15,-0.00
1750000.00,-136338.84,-231794.50,-1683.82,-0.05,-0.16,-0.00
1800000.00,-138541.11,-239594.22,-1778.42,-0.04,-0.16,-0.00
1850000.00,-140630.52,-247440.36,-1875.09,-0.04,-0.16,-0.00
1900000.00,-142605.71,-255330.78,-1973.74,-0.04,-0.16,-0.00
1950000.00,-144465.37,-263263.24,-2074.29,-0.04,-0.16,-0.00
2000000.00,-146208.22,-271235.43,-2176.63,-0.03,-0.16,-0.00
2050000.00,-147833.08,-279244.95,-2280.64,-0.03,-0.16,-0.00
2100000.00,-149338.82,-287289.29,-2386.21,-0.03,-0.16,-0.00
2150000.00,-150724.41,-295365.90,-2493.21,-0.03,-0.16,-0.00
2200000.00,-151988.91,-303472.12,-2601.51,-0.02,-0.16,-0.00
2250000.00,-153131.49,-311605.21,-2710.97,-0.02,-0.16,-0.00
2300000.00,-154151.43,-319762.37,-2821.42,-0.02,-0.16,-0.00
2350000.00,-155048.14,-327940.74,-2932.72,-0.02,-0.16,-0.00
2400000.00,-155821.19,-336137.38,-3044.70,-0.01,-0.16,-0.00
2450000.00,-156470.27,-344349.34,-3157.20,-0.01,-0.16,-0.00
2500000.00,-156995.26,-352573.62,-3270.02,-0.01,-0.16,-0.00
2550000.00,-157396.19,-360807.22,-3383.01,-0.01,-0.16,-0.00
2600000.00,-157673.27,-369047.14,-3495.97,-0.00,-0.16,-0.00
2650000.00,-157826.88,-377290.39,-3608.73,-0.00,-0.16,-0.00
2700000.00,-157857.59,-385534.05,-3721.11,0.00,-0.16,-0.00
2750000.00,-157766.13,-393775.24,-3832.93,0.00,-0.16,-0.00
2800000.00,-157553.41,-402011.19,-3944.02,0.01,-0.16,-0.00
2850000.00,-157220.50,-410239.22,-4054.23,0.01,-0.16,-0.00
2900000.00,-156768.60,-418456.77,-4163.40,0.01,-0.16,-0.00
2950000.00,-156199.07,-426661.43,-4271.38,0.01,-0.16,-0.00
3000000.00,-155513.35,-434850.96,-4378.06,0.01,-0.16,-0.00
3050000.00,-154712.99,-443023.26,-4483.31,0.02,-0.16,-0.00
3100000.00,-153799.60,-451176.42,-4587.04,0.02,-0.16,-0.00
3150000.00,-152774.86,-459308.73,-4689.17,0.02,-0.16,-0.00
3200000.00,-151640.43,-467418.61,-4789.63,0.02,-0.16,-0.00
3250000.00,-150398.00,-475504.72,-4888.37,0.03,-0.16,-0.00
3300000.00,-149049.23,-483565.82,-4985.36,0.03,-0.16,-0.00
3350000.00,-147595.72,-491600.89,-5080.60,0.03,-0.16,-0.00
3400000.00,-146039.03,-499609.03,-5174.07,0.03,-0.16,-0.00
3450000.00,-144380.64,-507589.45,-5265.79,0.03,-0.16,-0.00
3500000.00,-142621.94,-515541.52,-5355.78,0.04,-0.16,-0.00
3550000.00,-140764.22,-523464.67,-5444.10,0.04,-0.16,-0.00
3600000.00,-138808.69,-531358.43,-5530.78,0.04,-0.16,-0.00
3650000.00,-136756.42,-539222.40,-5615.88,0.04,-0.16,-0.00
3700000.00,-134608.41,-547056.20,-5699.47,0.04,-0.16,-0.00
3750000.00,-132365.54,-554859.50,-5781.62,0.05,-0.16,-0.00
3800000.00,-130028.58,-562632.00,-5862.40,0.05,-0.16,-0.00
3850000.00,-127598.23,-570373.39,-5941.88,0.05,-0.15,-0.00
3900000.00,-125075.09,-578083.36,-6020.15,0.05,-0.15,-0.00
3950000.00,-122459.66,-585761.59,-6097.28,0.05,-0.15,-0.00
4000000.00,-119752.39,-593407.71,-6173.36,0.06,-0.15,-0.00
4050000.00,-116953.65,-601021.37,-6248.47,0.06,-0.15,-0.00
4100000.00,-114063.75,-608602.14,-6322.67,0.06,-0.15,-0.00
4150000.00,-111082.96,-616149.58,-6396.04,0.06,-0.15,-0.00
4200000.00,-108011.49,-623663.19,-6468.67,0.06,-0.15,-0.00
4250000.00,-104849.52,-631142.44,-6540.61,0.06,-0.15,-0.00
4300000.00,-101597.21,-638586.76,-6611.93,0.07,-0.15,-0.00
4350000.00,-98254.67,-645995.51,-6682.70,0.07,-0.15,-0.00
4400000.00,-94822.03,-653368.03,-6752.98,0.07,-0.15,-0.00
4450000.00,-91299.38,-660703.61,-6822.81,0.07,-0.15,-0.00
4500000.00,-87686.80,-668001.49,-6892.26,0.07,-0.15,-0.00
4550000.00,-83984.38,-675260.87,-6961.38,0.07,-0.14,-0.00
4600000.00,-80192.22,-682480.92,-7030.20,0.08,-0.14,-0.00
4650000.00,-76310.41,-689660.77,-7098.77,0.08,-0.14,-0.00
4700000.00,-72339.05,-696799.50,-7167.14,0.08,-0.14,-0.00
4750000.00,-68278.26,-703896.17,-7235.33,0.08,-0.14,-0.00
4800000.00,-64128.16,-710949.80,-7303.37,0.08,-0.14,-0.00
4850000.00,-59888.90,-717959.39,-7371.31,0.09,-0.14,-0.00
4900000.00,-55560.65,-724923.90,-7439.16,0.09,-0.14,-0.00
4950000.00,-51143.58,-731842.28,-7506.94,0.09,-0.14,-0.00
5000000.00,-46637.91,-738713.44,-7574.69,0.09,-0.14,-0.00
5050000.00,-42043.86,-745536.27,-7642.41,0.09,-0.14,-0.00
5100000.00,-37361.68,-752309.67,-7710.13,0.09,-0.13,-0.00
5150000.00,-32591.66,-759032.49,-7777.86,0.10,-0.13,-0.00
5200000.00,-27734.09,-765703.57,-7845.61,0.10,-0.13,-0.00
5250000.00,-22789.30,-772321.74,-7913.39,0.10,-0.13,-0.00
5300000.00,-17757.65,-778885.84,-7981.21,0.10,-0.13,-0.00
5350000.00,-12639.52,-785394.66,-8049.08,0.10,-0.13,-0.00
5400000.00,-7435.32,-791847.01,-8117.00,0.10,-0.13,-0.00
5450000.00,-2145.49,-798241.69,-8184.98,0.11,-0.13,-0.00
5500000.00,3229.51,-804577.48,-8253.01,0.11,-0.13,-0.00
5550000.00,8689.18,-810853.18,-8321.11,0.11,-0.12,-0.00
5600000.00,14233.00,-817067.56,-8389.26,0.11,-0.12,-0.00
5650000.00,19860.44,-823219.41,-8457.47,0.11,-0.12,-0.00
5700000.00,25570.90,-829307.51,-8525.74,0.12,-0.12,-0.00
5750000.00,31363.80,-835330.64,-8594.06,0.12,-0.12,-0.00
5800000.00,37238.50,-841287.59,-8662.42,0.12,-0.12,-0.00
5850000.00,43194.34,-847177.16,-8730.84,0.12,-0.12,-0.00
5900000.00,49230.65,-852998.13,-8799.28,0.12,-0.12,-0.00
5950000.00,55346.71,-858749.30,-8867.76,0.12,-0.11,-0.00
6000000.00,61541.79,-864429.49,-8936.27,0.12,-0.11,-0.00
6050000.00,67815.14,-870037.50,-9004.79,0.13,-0.11,-0.00
6100000.00,74165.96,-875572.15,-9073.32,0.13,-0.11,-0.00
6150000.00,80593.46,-881032.29,-9141.85,0.13,-0.11,-0.00
6200000.00,87096.80,-886416.74,-9210.37,0.13,-0.11,-0.00
6250000.00,93675.11,-891724.36,-9278.87,0.13,-0.11,-0.00
6300000.00,100327.53,-896954.01,-9347.35,0.13,-0.10,-0.00
6350000.00,107053.16,-902104.57,-9415.79,0.14,-0.10,-0.00
6400000.00,113851.06,-907174.93,-9484.18,0.14,-0.10,-0.00
6450000.00,120720.30,-912163.98,-9552.52,0.14,-0.10,-0.00
6500000.00,127659.90,-917070.65,-9620.79,0.14,-0.10,-0.00
6550000.00,134668.88,-921893.86,-9688.98,0.14,-0.10,-0.00
6600000.00,141746.24,-926632.56,-9757.09,0.14,-0.09,-0.00
6650000.00,148890.95,-931285.70,-9825.09,0.14,-0.09,-0.00
6700000.00,156101.96,-935852.28,-9892.99,0.14,-0.09,-0.00
6750000.00,163378.21,-940331.27,-9960.77,0.15,-0.09,-0.00
6800000.00,170718.63,-944721.69,-10028.42,0.15,-0.09,-0.00
6850000.00,178122.12,-949022.58,-10095.93,0.15,-0.09,-0.00
6900000.00,185587.56,-953232.97,-10163.29,0.15,-0.08,-0.00
6950000.00,193113.82,-957351.93,-10230.48,0.15,-0.08,-0.00
7000000.00,200699.77,-961378.54,-10297.51,0.15,-0.08,-0.00
7050000.00,208344.25,-965311.91,-10364.35,0.15,-0.08,-0.00
7100000.00,216046.09,-969151.16,-10431.01,0.15,-0.08,-0.00
7150000.00,223804.10,-972895.43,-10497.46,0.16,-0.07,-0.00
7200000.00,231617.09,-976543.87,-10563.70,0.16,-0.07,-0.00
7250000.00,239483.87,-980095.68,-10629.72,0.16,-0.07,-0.00
7300000.00,247403.20,-983550.04,-10695.51,0.16,-0.07,-0.00
7350000.00,255373.88,-986906.19,-10761.06,0.16,-0.07,-0.00
7400000.00,263394.66,-990163.35,-10826.36,0.16,-0.06,-0.00
7450000.00,271464.30,-993320.79,-10891.41,0.16,-0.06,-0.00
7500000.00,279581.56,-996377.80,-10956.18,0.16,-0.06,-0.00
7550000.00,287745.18,-999333.66,-11020.68,0.16,-0.06,-0.00
7600000.00,295953.90,-1002187.70,-11084.90,0.16,-0.06,-0.00
7650000.00,304206.47,-1004939.26,-11148.82,0.17,-0.05,-0.00
7700000.00,312501.61,-1007587.70,-11212.44,0.17,-0.05,-0.00
7750000.00,320838.05,-1010132.39,-11275.74,0.17,-0.05,-0.00
7800000.00,329214.52,-1012572.73,-11338.73,0.17,-0.05,-0.00
7850000.00,337629.76,-1014908.14,-11401.39,0.17,-0.05,-0.00
7900000.00,346082.48,-1017138.05,-11463.70,0.17,-0.04,-0.00
7950000.00,354571.42,-1019261.90,-11525.67,0.17,-0.04,-0.00
8000000.00,363095.31,-1021279.16,-11587.28,0.17,-0.04,-0.00
8050000.00,371652.89,-1023189.32,-11648.52,0.17,-0.04,-0.00
8100000.00,380242.89,-1024991.87,-11709.39,0.17,-0.03,-0.00
8150000.00,388864.05,-1026686.31,-11769.86,0.17,-0.03,-0.00
8200000.00,397515.12,-1028272.17,-11829.93,0.17,-0.03,-0.00
8250000.00,406194.85,-1029748.99,-11889.59,0.17,-0.03,-0.00
8300000.00,414902.02,-1031116.31,-11948.82,0.17,-0.03,-0.00
8350000.00,423635.37,-1032373.67,-12007.61,0.17,-0.02,-0.00
8400000.00,432393.70,-1033520.64,-12065.94,0.18,-0.02,-0.00
8450000.00,441175.78,-1034556.78,-12123.80,0.18,-0.02,-0.00
8500000.00,449980.41,-1035481.66,-12181.16,0.18,-0.02,-0.00
8550000.00,458806.39,-1036294.85,-12238.01,0.18,-0.02,-0.00
8600000.00,467652.53,-1036995.92,-12294.33,0.18,-0.01,-0.00
8650000.00,476517.66,-1037584.42,-12350.09,0.18,-0.01,-0.00
8700000.00,485400.60,-1038059.92,-12405.27,0.18,-0.01,-0.00
8750000.00,494300.20,-1038421.96,-12459.83,0.18,-0.01,-0.00
8800000.00,503215.29,-1038670.09,-12513.75,0.18,-0.00,-0.00
8850000.00,512144.73,-1038803.83,-12566.98,0.18,-0.00,-0.00
8900000.00,521087.39,-1038822.67,-12619.50,0.18,0.00,-0.00
8950000.00,530042.10,-1038726.12,-12671.25,0.18,0.00,-0.00
9000000.00,539007.74,-1038513.62,-12722.19,0.18,0.01,-0.00
9050000.00,547983.17,-1038184.61,-12772.27,0.18,0.01,-0.00
9100000.00,556967.22,-1037738.49,-12821.43,0.18,0.01,-0.00
9150000.00,565958.74,-1037174.64,-12869.61,0.18,0.01,-0.00
9200000.00,574956.56,-1036492.37,-12916.74,0.18,0.01,-0.00
9250000.00,583959.47,-1035690.99,-12962.75,0.18,0.02,-0.00
9300000.00,592966.25,-1034769.74,-13007.56,0.18,0.02,-0.00
9350000.00,601975.65,-1033727.83,-13051.08,0.18,0.02,-0.00
9400000.00,610986.35,-1032564.42,-13093.21,0.18,0.02,-0.00
9450000.00,619997.00,-1031278.63,-13133.86,0.18,0.03,-0.00
9500000.00,629006.20,-1029869.53,-13172.92,0.18,0.03,-0.00
9550000.00,638012.45,-1028336.16,-13210.26,0.18,0.03,-0.00
9600000.00,647014.19,-1026677.51,-13245.78,0.18,0.03,-0.00
9650000.00,656009.76,-1024892.54,-13279.33,0.18,0.04,-0.00
9700000.00,664997.40,-1022980.20,-13310.78,0.18,0.04,-0.00
9750000.00,673975.25,-1020939.39,-13340.00,0.18,0.04,-0.00
9800000.00,682941.30,-1018769.04,-13366.83,0.18,0.04,-0.00
9850000.00,691893.44,-1016468.07,-13391.12,0.18,0.05,-0.00
9900000.00,700829.40,-1014035.43,-13412.73,0.18,0.05,-0.00
9950000.00,709746.77,-1011470.09,-13431.49,0.18,0.05,-0.00
