0.00,-5.28,-5.02,-0.00,-0.11,-0.10,-0.00
50000.00,-5258.46,-5065.18,-1.35,-0.10,-0.10,-0.00
100000.00,-10454.44,-10213.01,-5.39,-0.10,-0.10,-0.00
150000.00,-15591.70,-15447.92,-12.15,-0.10,-0.11,-0.00
200000.00,-20668.68,-20769.29,-21.63,-0.10,-0.11,-0.00
250000.00,-25683.84,-26176.48,-33.83,-0.10,-0.11,-0.00
300000.00,-30635.63,-31668.81,-48.77,-0.10,-0.11,-0.00
350000.00,-35522.52,-37245.60,-66.45,-0.10,-0.11,-0.00
400000.00,-40342.94,-42906.12,-86.88,-0.10,-0.11,-0.00
450000.00,-45095.37,-48649.65,-110.06,-0.09,-0.12,-0.00
500000.00,-49778.24,-54475.40,-136.00,-0.09,-0.12,-0.00
550000.00,-54390.01,-60382.58,-164.69,-0.09,-0.12,-0.00
600000.00,-58929.13,-66370.37,-196.15,-0.09,-0.12,-0.00
650000.00,-63394.05,-72437.92,-230.36,-0.09,-0.12,-0.00
700000.00,-67783.20,-78584.35,-267.34,-0.09,-0.12,-0.00
750000.00,-72095.03,-84808.75,-307.08,-0.09,-0.13,-0.00
800000.00,-76327.98,-91110.16,-349.57,-0.08,-0.13,-0.00
850000.00,-80480.50,-97487.63,-394.81,-0.08,-0.13,-0.00
900000.00,-84551.01,-103940.14,-442.79,-0.08,-0.13,-0.00
950000.00,-88537.96,-110466.64,-493.51,-0.08,-0.13,-0.00
1000000.00,-92439.77,-117066.07,-546.95,-0.08,-0.13,-0.00
1050000.00,-96254.87,-123737.29,-603.10,-0.08,-0.13,-0.00
1100000.00,-99981.70,-130479.16,-661.95,-0.07,-0.14,-0.00
1150000.00,-103618.69,-137290.47,-723.47,-0.07,-0.14,-0.00
1200000.00,-107164.25,-144169.98,-787.66,-0.07,-0.14,-0.00
1250000.00,-110616.82,-151116.39,-854.48,-0.07,-0.14,-0.00
1300000.00,-113974.82,-158128.38,-923.91,-0.07,-0.14,-0.00
1350000.00,-117236.69,-165204.56,-995.93,-0.06,-0.14,-0.00
1400000.00,-120400.86,-172343.47,-1070.49,-0.06,-0.14,-0.00
1450000.00,-123465.78,-179543.63,-1147.56,-0.06,-0.14,-0.00
1500000.00,-126429.87,-186803.47,-1227.10,-0.06,-0.15,-0.00
1550000.00,-129291.61,-194121.37,-1309.07,-0.06,-0.15,-0.00
1600000.00,-132049.46,-201495.66,-1393.41,-0.05,-0.15,-0.00
1650000.00,-134701.91,-208924.57,-1480.07,-0.05,-0.15,-0.00
1700000.00,-137247.46,-216406.28,-1568.98,-0.05,-0.15,-0.00
1750000.00,-139684.63,-223938.89,-1660.08,-0.05,-0.15,-0.00
1800000.00,-142011.98,-231520.44,-1753.30,-0.05,-0.15,-0.00
1850000.00,-144228.12,-239148.85,-1848.55,-0.04,-0.15,-0.00
1900000.00,-146331.66,-246821.99,-1945.75,-0.04,-0.15,-0.00
1950000.00,-148321.29,-254537.63,-2044.81,-0.04,-0.15,-0.00
2000000.00,-150195.75,-262293.48,-2145.61,-0.04,-0.16,-0.00
2050000.00,-151953.84,-270087.13,-2248.04,-0.03,-0.16,-0.00
2100000.00,-153594.44,-277916.10,-2352.00,-0.03,-0.16,-0.00
2150000.00,-155116.52,-285777.83,-2457.35,-0.03,-0.16,-0.00
2200000.00,-156519.13,-293669.67,-2563.96,-0.03,-0.16,-0.00
2250000.00,-157801.43,-301588.90,-2671.69,-0.02,-0.16,-0.00
2300000.00,-158962.72,-309532.71,-2780.37,-0.02,-0.16,-0.00
2350000.00,-160002.41,-317498.26,-2889.87,-0.02,-0.16,-0.00
2400000.00,-160920.05,-325482.62,-3000.00,-0.02,-0.16,-0.00
2450000.00,-161715.35,-333482.84,-3110.61,-0.01,-0.16,-0.00
2500000.00,-162388.16,-341495.94,-3221.51,-0.01,-0.16,-0.00
2550000.00,-162938.54,-349518.92,-3332.53,-0.01,-0.16,-0.00
2600000.00,-163366.67,-357548.78,-3443.49,-0.01,-0.16,-0.00
2650000.00,-163672.95,-365582.55,-3554.21,-0.00,-0.16,-0.00
2700000.00,-163857.94,-373617.32,-3664.51,-0.00,-0.16,-0.00
2750000.00,-163922.37,-381650.22,-3774.21,-0.00,-0.16,-0.00
2800000.00,-163867.15,-389678.47,-3883.15,0.00,-0.16,-0.00
2850000.00,-163693.34,-397699.40,-3991.16,0.00,-0.16,-0.00
2900000.00,-163402.15,-405710.48,-4098.09,0.01,-0.16,-0.00
2950000.00,-162994.92,-413709.30,-4203.80,0.01,-0.16,-0.00
3000000.00,-162473.11,-421693.62,-4308.17,0.01,-0.16,-0.00
3050000.00,-161838.27,-429661.35,-4411.07,0.01,-0.16,-0.00
3100000.00,-161091.99,-437610.60,-4512.41,0.02,-0.16,-0.00
3150000.00,-160235.96,-445539.65,-4612.11,0.02,-0.16,-0.00
3200000.00,-159271.83,-453446.95,-4710.10,0.02,-0.16,-0.00
3250000.00,-158201.29,-461331.14,-4806.33,0.02,-0.16,-0.00
3300000.00,-157026.00,-469191.02,-4900.78,0.02,-0.16,-0.00
3350000.00,-155747.57,-477025.55,-4993.43,0.03,-0.16,-0.00
3400000.00,-154367.54,-484833.84,-5084.28,0.03,-0.16,-0.00
3450000.00,-152887.39,-492615.14,-5173.33,0.03,-0.16,-0.00
3500000.00,-151308.52,-500368.80,-5260.63,0.03,-0.15,-0.00
3550000.00,-149632.21,-508094.26,-5346.21,0.03,-0.15,-0.00
3600000.00,-147859.67,-515791.07,-5430.12,0.04,-0.15,-0.00
3650000.00,-145991.96,-523458.82,-5512.40,0.04,-0.15,-0.00
3700000.00,-144030.09,-531097.16,-5593.14,0.04,-0.15,-0.00
3750000.00,-141974.93,-538705.76,-5672.39,0.04,-0.15,-0.00
3800000.00,-139827.25,-546284.33,-5750.24,0.04,-0.15,-0.00
3850000.00,-137587.75,-553832.55,-5826.75,0.05,-0.15,-0.00
3900000.00,-135257.02,-561350.14,-5902.02,0.05,-0.15,-0.00
3950000.00,-132835.57,-568836.78,-5976.11,0.05,-0.15,-0.00
4000000.00,-130323.83,-576292.12,-6049.10,0.05,-0.15,-0.00
4050000.00,-127722.19,-583715.79,-6121.08,0.05,-0.15,-0.00
4100000.00,-125030.94,-591107.40,-6192.12,0.05,-0.15,-0.00
4150000.00,-122250.35,-598466.50,-6262.30,0.06,-0.15,-0.00
4200000.00,-119380.63,-605792.60,-6331.69,0.06,-0.15,-0.00
4250000.00,-116421.97,-613085.19,-6400.35,0.06,-0.15,-0.00
4300000.00,-113374.50,-620343.69,-6468.36,0.06,-0.14,-0.00
4350000.00,-110238.36,-627567.48,-6535.78,0.06,-0.14,-0.00
4400000.00,-107013.65,-634755.91,-6602.67,0.07,-0.14,-0.00
4450000.00,-103700.46,-641908.27,-6669.08,0.07,-0.14,-0.00
4500000.00,-100298.88,-649023.82,-6735.07,0.07,-0.14,-0.00
4550000.00,-96809.00,-656101.76,-6800.68,0.07,-0.14,-0.00
4600000.00,-93230.90,-663141.26,-6865.96,0.07,-0.14,-0.00
4650000.00,-89564.67,-670141.47,-6930.96,0.07,-0.14,-0.00
4700000.00,-85810.42,-677101.48,-6995.70,0.08,-0.14,-0.00
4750000.00,-81968.26,-684020.35,-7060.24,0.08,-0.14,-0.00
4800000.00,-78038.31,-690897.12,-7124.60,0.08,-0.14,-0.00
4850000.00,-74020.71,-697730.78,-7188.80,0.08,-0.14,-0.00
4900000.00,-69915.63,-704520.32,-7252.89,0.08,-0.14,-0.00
4950000.00,-65723.24,-711264.68,-7316.87,0.08,-0.13,-0.00
5000000.00,-61443.75,-717962.79,-7380.77,0.09,-0.13,-0.00
5050000.00,-57077.38,-724613.55,-7444.62,0.09,-0.13,-0.00
5100000.00,-52624.39,-731215.85,-7508.42,0.09,-0.13,-0.00
5150000.00,-48085.04,-737768.56,-7572.20,0.09,-0.13,-0.00
5200000.00,-43459.63,-744270.54,-7635.96,0.09,-0.13,-0.00
5250000.00,-38748.50,-750720.62,-7699.71,0.10,-0.13,-0.00
5300000.00,-33951.99,-757117.63,-7763.47,0.10,-0.13,-0.00
5350000.00,-29070.48,-763460.39,-7827.24,0.10,-0.13,-0.00
5400000.00,-24104.37,-769747.72,-7891.02,0.10,-0.13,-0.00
5450000.00,-19054.11,-775978.41,-7954.82,0.10,-0.12,-0.00
5500000.00,-13920.16,-782151.27,-8018.64,0.10,-0.12,-0.00
5550000.00,-8702.99,-788265.09,-8082.49,0.11,-0.12,-0.00
5600000.00,-3403.13,-794318.65,-8146.36,0.11,-0.12,-0.00
5650000.00,1978.87,-800310.76,-8210.25,0.11,-0.12,-0.00
5700000.00,7442.46,-806240.20,-8274.16,0.11,-0.12,-0.00
5750000.00,12987.02,-812105.77,-8338.08,0.11,-0.12,-0.00
5800000.00,18611.93,-817906.26,-8402.02,0.11,-0.12,-0.00
5850000.00,24316.55,-823640.46,-8465.96,0.11,-0.11,-0.00
5900000.00,30100.19,-829307.19,-8529.90,0.12,-0.11,-0.00
5950000.00,35962.15,-834905.24,-8593.84,0.12,-0.11,-0.00
6000000.00,41901.70,-840433.43,-8657.77,0.12,-0.11,-0.00
6050000.00,47918.09,-845890.59,-8721.68,0.12,-0.11,-0.00
6100000.00,54010.53,-851275.55,-8785.56,0.12,-0.11,-0.00
6150000.00,60178.23,-856587.14,-8849.41,0.12,-0.11,-0.00
6200000.00,66420.35,-861824.21,-8913.21,0.13,-0.10,-0.00
6250000.00,72736.04,-866985.62,-8976.95,0.13,-0.10,-0.00
6300000.00,79124.42,-872070.25,-9040.64,0.13,-0.10,-0.00
6350000.00,85584.61,-877076.97,-9104.25,0.13,-0.10,-0.00
6400000.00,92115.68,-882004.69,-9167.78,0.13,-0.10,-0.00
6450000.00,98716.69,-886852.31,-9231.22,0.13,-0.10,-0.00
6500000.00,105386.67,-891618.76,-9294.56,0.13,-0.09,-0.00
6550000.00,112124.66,-896302.98,-9357.78,0.14,-0.09,-0.00
6600000.00,118929.64,-900903.91,-9420.88,0.14,-0.09,-0.00
6650000.00,125800.59,-905420.54,-9483.85,0.14,-0.09,-0.00
6700000.00,132736.47,-909851.83,-9546.68,0.14,-0.09,-0.00
6750000.00,139736.24,-914196.80,-9609.34,0.14,-0.09,-0.00
6800000.00,146798.81,-918454.47,-9671.85,0.14,-0.08,-0.00
6850000.00,153923.08,-922623.87,-9734.18,0.14,-0.08,-0.00
6900000.00,161107.96,-926704.05,-9796.32,0.14,-0.08,-0.00
6950000.00,168352.32,-930694.09,-9858.27,0.15,-0.08,-0.00
7000000.00,175655.03,-934593.08,-9920.02,0.15,-0.08,-0.00
7050000.00,183014.92,-938400.14,-9981.54,0.15,-0.08,-0.00
7100000.00,190430.85,-942114.38,-10042.85,0.15,-0.07,-0.00
7150000.00,197901.62,-945734.97,-10103.91,0.15,-0.07,-0.00
7200000.00,205426.05,-949261.06,-10164.74,0.15,-0.07,-0.00
7250000.00,213002.95,-952691.85,-10225.30,0.15,-0.07,-0.00
7300000.00,220631.10,-956026.54,-10285.60,0.15,-0.07,-0.00
7350000.00,228309.28,-959264.36,-10345.63,0.15,-0.06,-0.00
7400000.00,236036.26,-962404.57,-10405.38,0.16,-0.06,-0.00
7450000.00,243810.82,-965446.42,-10464.84,0.16,-0.06,-0.00
7500000.00,251631.70,-968389.21,-10523.99,0.16,-0.06,-0.00
7550000.00,259497.66,-971232.25,-10582.83,0.16,-0.06,-0.00
7600000.00,267407.45,-973974.86,-10641.36,0.16,-0.05,-0.00
7650000.00,275359.80,-976616.39,-10699.56,0.16,-0.05,-0.00
7700000.00,283353.46,-979156.21,-10757.42,0.16,-0.05,-0.00
7750000.00,291387.16,-981593.70,-10814.94,0.16,-0.05,-0.00
7800000.00,299459.64,-983928.26,-10872.11,0.16,-0.05,-0.00
7850000.00,307569.63,-986159.33,-10928.91,0.16,-0.04,-0.00
7900000.00,315715.86,-988286.33,-10985.34,0.16,-0.04,-0.00
7950000.00,323897.07,-990308.73,-11041.39,0.16,-0.04,-0.00
8000000.00,332112.00,-992226.00,-11097.05,0.16,-0.04,-0.00
8050000.00,340359.39,-994037.63,-11152.31,0.17,-0.04,-0.00
8100000.00,348637.98,-995743.12,-11207.16,0.17,-0.03,-0.00
8150000.00,356946.51,-997341.99,-11261.59,0.17,-0.03,-0.00
8200000.00,365283.75,-998833.77,-11315.58,0.17,-0.03,-0.00
8250000.00,373648.45,-1000218.00,-11369.13,0.17,-0.03,-0.00
8300000.00,382039.39,-1001494.23,-11422.21,0.17,-0.02,-0.00
8350000.00,390455.32,-1002662.03,-11474.83,0.17,-0.02,-0.00
8400000.00,398895.05,-1003720.95,-11526.95,0.17,-0.02,-0.00
8450000.00,407357.35,-1004670.57,-11578.57,0.17,-0.02,-0.00
8500000.00,415841.03,-1005510.47,-11629.67,0.17,-0.02,-0.00
8550000.00,424344.89,-1006240.21,-11680.22,0.17,-0.01,-0.00
8600000.00,432867.76,-1006859.39,-11730.21,0.17,-0.01,-0.00
8650000.00,441408.47,-1007367.56,-11779.61,0.17,-0.01,-0.00
8700000.00,449965.84,-1007764.30,-11828.40,0.17,-0.01,-0.00
8750000.00,458538.73,-1008049.16,-11876.54,0.17,-0.00,-0.00
8800000.00,467125.99,-1008221.68,-11924.00,0.17,-0.00,-0.00
8850000.00,475726.47,-1008281.40,-11970.75,0.17,-0.00,-0.00
8900000.00,484339.04,-1008227.84,-12016.75,0.17,0.00,-0.00
8950000.00,492962.57,-1008060.47,-12061.96,0.17,0.00,-0.00
9000000.00,501595.91,-1007778.78,-12106.33,0.17,0.01,-0.00
9050000.00,510237.95,-1007382.19,-12149.81,0.17,0.01,-0.00
9100000.00,518887.52,-1006870.13,-12192.34,0.17,0.01,-0.00
9150000.00,527543.48,-1006241.96,-12233.86,0.17,0.01,-0.00
9200000.00,536204.65,-1005497.03,-12274.30,0.17,0.02,-0.00
9250000.00,544869.85,-1004634.63,-12313.59,0.17,0.02,-0.00
9300000.00,553537.87,-1003654.02,-12351.65,0.17,0.02,-0.00
9350000.00,562207.44,-1002554.42,-12388.39,0.17,0.02,-0.00
9400000.00,570877.26,-1001334.99,-12423.72,0.17,0.03,-0.00
9450000.00,579546.01,-999994.87,-12457.54,0.17,0.03,-0.00
9500000.00,588212.26,-998533.12,-12489.73,0.17,0.03,-0.00
9550000.00,596874.54,-996948.80,-12520.19,0.17,0.03,-0.00
9600000.00,605531.30,-995240.90,-12548.78,0.17,0.04,-0.00
9650000.00,614180.88,-993408.40,-12575.39,0.17,0.04,-0.00
9700000.00,622821.53,-991450.23,-12599.87,0.17,0.04,-0.00
9750000.00,631451.39,-989365.33,-12622.08,0.17,0.04,-0.00
9800000.00,640068.46,-987152.62,-12641.88,0.17,0.05,-0.00
9850000.00,648670.65,-984811.02,-12659.12,0.17,0.05,-0.00
9900000.00,657255.68,-982339.50,-12673.64,0.17,0.05,-0.00
9950000.00,665821.17,-979737.04,-12685.29,0.17,0.05,-0.00
