0.00,17754965414.14,-106497917214.43,-2541783011.53,34249.29,5983.59,0.01
50000.00,19465018682.91,-106184737938.96,-2541448231.14,34151.24,6543.90,13.40
100000.00,21169943559.25,-105843579906.97,-2540443806.51,34044.15,7102.71,26.79
150000.00,22869288611.82,-105474522017.98,-2538769738.40,33928.04,7659.87,40.18
200000.00,24562603448.62,-105077650239.67,-2536426195.69,33802.93,8215.24,53.57
250000.00,26249438820.75,-104653057600.21,-2533413515.62,33668.85,8768.68,66.95
300000.00,27929346726.33,-104200844179.35,-2529732203.98,33525.83,9320.05,80.32
350000.00,29601880514.58,-103721117098.14,-2525382935.35,33373.89,9869.20,93.67
400000.00,31266594990.15,-103213990507.32,-2520366553.21,33213.05,10416.00,107.00
450000.00,32923046517.46,-102679585574.48,-2514684070.08,33043.36,10960.31,120.31
500000.00,34570793125.37,-102118030469.78,-2508336667.60,32864.85,11501.98,133.60
550000.00,36209394611.81,-101529460350.38,-2501325696.64,32677.56,12040.89,146.85
600000.00,37838412648.68,-100914017343.41,-2493652677.27,32481.51,12576.87,160.08
650000.00,39457410886.77,-100271850527.73,-2485319298.81,32276.76,13109.81,173.27
700000.00,41065955060.87,-99603115914.09,-2476327419.78,32063.35,13639.56,186.42
750000.00,42663613094.89,-98907976424.05,-2466679067.83,31841.32,14165.98,199.52
800000.00,44249955207.14,-98186601867.35,-2456376439.67,31610.71,14688.94,212.59
850000.00,45824554015.62,-97439168917.97,-2445421900.90,31371.58,15208.29,225.60
900000.00,47386984643.39,-96665861088.60,-2433817985.90,31123.99,15723.90,238.56
950000.00,48936824824.00,-95866868703.77,-2421567397.58,30867.97,16235.65,251.47
1000000.00,50473655006.91,-95042388871.41,-2408673007.20,30603.59,16743.38,264.31
1050000.00,51997058462.93,-94192625452.96,-2395137854.07,30330.90,17246.96,277.10
1100000.00,53506621389.70,-93317789031.95,-2380965145.25,30049.97,17746.27,289.81
1150000.00,55001933017.06,-92418096881.07,-2366158255.23,29760.85,18241.16,302.46
1200000.00,56482585712.48,-91493772927.68,-2350720725.56,29463.61,18731.52,315.04
1250000.00,57948175086.33,-90545047717.82,-2334656264.41,29158.32,19217.19,327.54
1300000.00,59398300097.20,-89572158378.54,-2317968746.18,28845.04,19698.05,339.96
1350000.00,60832563156.96,-88575348578.78,-2300662210.95,28523.85,20173.98,352.30
1400000.00,62250570235.88,-87554868488.53,-2282740864.02,28194.81,20644.84,364.55
1450000.00,63651930967.46,-86510974736.47,-2264209075.30,27858.00,21110.50,376.72
1500000.00,65036258753.22,-85443930365.93,-2245071378.77,27513.49,21570.84,388.79
1550000.00,66403170867.20,-84354004789.20,-2225332471.78,27161.38,22025.72,400.76
1600000.00,67752288560.38,-83241473740.24,-2204997214.43,26801.72,22475.03,412.64
1650000.00,69083237164.74,-82106619225.63,-2184070628.83,26434.62,22918.63,424.42
1700000.00,70395646197.17,-80949729473.94,-2162557898.34,26060.15,23356.41,436.09
1750000.00,71689149463.04,-79771098883.31,-2140464366.78,25678.40,23788.24,447.65
1800000.00,72963385159.49,-78571027967.35,-2117795537.61,25289.45,24214.00,459.10
1850000.00,74217995978.39,-77349823299.37,-2094557073.03,24893.41,24633.57,470.43
1900000.00,75452629208.94,-76107797454.75,-2070754793.07,24490.36,25046.82,481.65
1950000.00,76666936839.87,-74845268951.68,-2046394674.63,24080.39,25453.65,492.75
2000000.00,77860575661.22,-73562562190.09,-2021482850.48,23663.61,25853.92,503.72
2050000.00,79033207365.68,-72260007388.79,-1996025608.18,23240.12,26247.54,514.56
2100000.00,80184498649.49,-70937940520.82,-1970029389.04,22810.01,26634.38,525.28
2150000.00,81314121312.75,-69596703247.10,-1943500786.96,22373.39,27014.33,535.86
2200000.00,82421752359.26,-68236642848.11,-1916446547.25,21930.35,27387.28,546.30
2250000.00,83507074095.75,-66858112153.92,-1888873565.40,21481.02,27753.12,556.61
2300000.00,84569774230.50,-65461469472.28,-1860788885.84,21025.50,28111.74,566.77
2350000.00,85609545971.34,-64047078514.95,-1832199700.60,20563.90,28463.02,576.79
2400000.00,86626088122.95,-62615308322.14,-1803113347.97,20096.33,28806.88,586.65
2450000.00,87619105183.42,-61166533185.14,-1773537311.09,19622.91,29143.20,596.37
2500000.00,88588307440.15,-59701132567.05,-1743479216.49,19143.75,29471.87,605.94
2550000.00,89533411064.84,-58219491021.75,-1712946832.63,18658.98,29792.81,615.34
2600000.00,90454138207.75,-56721998110.86,-1681948068.29,18168.71,30105.90,624.59
2650000.00,91350217091.03,-55209048318.96,-1650490971.07,17673.06,30411.06,633.68
2700000.00,92221382101.19,-53681040966.89,-1618583725.68,17172.17,30708.18,642.60
2750000.00,93067373880.57,-52138380123.16,-1586234652.28,16666.15,30997.18,651.35
2800000.00,93887939417.89,-50581474513.51,-1553452204.77,16155.14,31277.95,659.93
2850000.00,94682832137.69,-49010737428.57,-1520244968.98,15639.26,31550.41,668.34
2900000.00,95451811988.81,-47426586629.71,-1486621660.86,15118.64,31814.48,676.57
2950000.00,96194645531.60,-45829444252.91,-1452591124.61,14593.42,32070.05,684.63
3000000.00,96911106024.15,-44219736710.87,-1418162330.73,14063.74,32317.06,692.50
3050000.00,97600973507.16,-42597894593.15,-1383344374.10,13529.72,32555.41,700.19
3100000.00,98264034887.67,-40964352564.53,-1348146471.91,12991.51,32785.03,707.70
3150000.00,98900084021.46,-39319549261.49,-1312577961.62,12449.25,33005.84,715.02
3200000.00,99508921794.09,-37663927186.78,-1276648298.83,11903.08,33217.76,722.14
3250000.00,100090356200.61,-35997932602.23,-1240367055.14,11353.13,33420.72,729.08
3300000.00,100644202423.83,-34322015419.70,-1203743915.91,10799.57,33614.65,735.82
3350000.00,101170282911.04,-32636629090.16,-1166788678.00,10242.53,33799.47,742.36
3400000.00,101668427449.34,-30942230491.03,-1129511247.51,9682.15,33975.12,748.71
3450000.00,102138473239.28,-29239279811.68,-1091921637.35,9118.60,34141.53,754.85
3500000.00,102580264966.94,-27528240437.14,-1054029964.89,8552.01,34298.65,760.79
3550000.00,102993654874.37,-25809578830.09,-1015846449.49,7982.55,34446.40,766.52
3600000.00,103378502828.22,-24083764410.98,-977381409.97,7410.36,34584.74,772.05
3650000.00,103734676386.75,-22351269436.62,-938645262.15,6835.59,34713.61,777.37
3700000.00,104062050864.89,-20612568876.82,-899648516.14,6258.42,34832.94,782.47
3750000.00,104360509397.54,-18868140289.52,-860401773.78,5678.98,34942.71,787.37
3800000.00,104629943000.91,-17118463694.15,-820915725.94,5097.44,35042.85,792.04
3850000.00,104870250631.94,-15364021443.40,-781201149.77,4513.97,35133.32,796.51
3900000.00,105081339245.71,-13605298093.31,-741268905.90,3928.71,35214.08,800.75
3950000.00,105263123850.75,-11842780271.84,-701129935.68,3341.83,35285.08,804.78
4000000.00,105415527562.33,-10076956545.79,-660795258.25,2753.50,35346.30,808.58
4050000.00,105538481653.55,-8308317286.28,-620275967.65,2163.87,35397.69,812.16
4100000.00,105631925604.24,-6537354532.64,-579583229.87,1573.12,35439.22,815.52
4150000.00,105695807147.62,-4764561854.87,-538728279.82,981.40,35470.87,818.65
4200000.00,105730082314.69,-2990434214.68,-497722418.33,388.89,35492.60,821.55
4250000.00,105734715476.27,-1215467825.11,-456577009.03,-204.25,35504.40,824.23
4300000.00,105709679382.62,559839991.23,-415303475.24,-797.85,35506.25,826.68
4350000.00,105654955200.69,2334990945.22,-373913296.78,-1391.74,35498.12,828.89
4400000.00,105570532548.89,4109485925.54,-332418006.81,-1985.76,35480.00,830.88
4450000.00,105456409529.25,5882825144.28,-290829188.54,-2579.73,35451.88,832.64
4500000.00,105312592757.19,7654508283.70,-249158471.97,-3173.48,35413.74,834.16
4550000.00,105139097388.47,9424034644.18,-207417530.55,-3766.85,35365.59,835.44
4600000.00,104935947143.70,11190903293.21,-165618077.84,-4359.65,35307.42,836.50
4650000.00,104703174329.99,12954613215.47,-123771864.12,-4951.72,35239.23,837.31
4700000.00,104440819860.00,14714663463.92,-81890672.95,-5542.89,35161.03,837.90
4750000.00,104148933268.09,16470553311.86,-39986317.71,-6132.97,35072.81,838.24
4800000.00,103827572723.81,18221782405.77,1929361.88,-6721.81,34974.59,838.35
4850000.00,103476805042.39,19967850919.15,43844503.29,-7309.23,34866.38,838.22
4900000.00,103096705692.46,21708259707.04,85747224.72,-7895.05,34748.19,837.85
4950000.00,102687358800.79,23442510461.31,127625628.73,-8479.10,34620.05,837.25
5000000.00,102248857154.09,25170105866.60,169467805.77,-9061.21,34481.97,836.40
5050000.00,101781302197.84,26890549756.86,211261837.88,-9641.20,34333.98,835.32
5100000.00,101284804032.07,28603347272.46,252995802.34,-10218.91,34176.11,834.00
5150000.00,100759481404.12,30308005017.78,294657775.33,-10794.15,34008.39,832.44
5200000.00,100205461698.30,32004031219.17,336235835.64,-11366.76,33830.85,830.64
5250000.00,99622880922.46,33690935883.34,377718068.41,-11936.56,33643.52,828.61
5300000.00,99011883691.44,35368230955.96,419092568.88,-12503.38,33446.46,826.33
5350000.00,98372623207.29,37035430480.50,460347446.14,-13067.06,33239.70,823.82
5400000.00,97705261236.45,38692050757.24,501470826.91,-13627.41,33023.29,821.07
5450000.00,97009968083.61,40337610502.30,542450859.34,-14184.27,32797.28,818.09
5500000.00,96286922562.39,41971631006.77,583275716.82,-14737.48,32561.72,814.87
5550000.00,95536311962.84,43593636295.61,623933601.78,-15286.85,32316.67,811.41
5600000.00,94758332015.57,45203153286.56,664412749.56,-15832.22,32062.19,807.72
5650000.00,93953186852.77,46799711948.79,704701432.19,-16373.42,31798.34,803.79
5700000.00,93121088965.85,48382845461.16,744787962.29,-16910.29,31525.18,799.63
5750000.00,92262259159.80,49952090370.25,784660696.87,-17442.67,31242.80,795.24
5800000.00,91376926504.32,51506986747.84,824308041.21,-17970.38,30951.25,790.61
5850000.00,90465328281.63,53047078347.90,863718452.73,-18493.26,30650.61,785.76
5900000.00,89527709930.94,54571912763.01,902880444.77,-19011.15,30340.96,780.68
5950000.00,88564324989.67,56081041579.98,941782590.51,-19523.89,30022.39,775.37
6000000.00,87575435031.39,57574020534.86,980413526.80,-20031.32,29694.97,769.83
6050000.00,86561309600.36,59050409667.00,1018761957.96,-20533.28,29358.80,764.07
6100000.00,85522226142.93,60509773472.21,1056816659.65,-21029.61,29013.97,758.08
6150000.00,84458469935.55,61951681054.90,1094566482.69,-21520.15,28660.56,751.87
6200000.00,83370334009.56,63375706279.22,1132000356.83,-22004.76,28298.68,745.44
6250000.00,82258119072.67,64781427918.91,1169107294.60,-22483.28,27928.43,738.79
6300000.00,81122133427.29,66168429805.96,1205876395.02,-22955.56,27549.90,731.93
6350000.00,79962692885.55,67536300977.98,1242296847.43,-23421.45,27163.21,724.85
6400000.00,78780120681.14,68884635824.08,1278357935.19,-23880.80,26768.46,717.55
6450000.00,77574747378.02,70213034229.33,1314049039.40,-24333.46,26365.76,710.05
6500000.00,76346910775.83,71521101717.60,1349359642.63,-24779.30,25955.23,702.33
6550000.00,75096955812.39,72808449592.78,1384279332.53,-25218.17,25536.99,694.41
6600000.00,73825234462.84,74074695078.24,1418797805.52,-25649.92,25111.15,686.29
6650000.00,72532105635.94,75319461454.51,1452904870.41,-26074.43,24677.84,677.96
6700000.00,71217935067.18,76542378195.08,1486590451.94,-26491.56,24237.18,669.43
6750000.00,69883095208.95,77743081100.14,1519844594.34,-26901.18,23789.30,660.70
6800000.00,68527965117.74,78921212428.43,1552657464.88,-27303.14,23334.33,651.78
6850000.00,67152930338.44,80076421026.81,1585019357.30,-27697.34,22872.40,642.66
6900000.00,65758382785.70,81208362457.79,1616920695.26,-28083.63,22403.66,633.35
6950000.00,64344720622.51,82316699124.62,1648352035.73,-28461.89,21928.23,623.86
7000000.00,62912348136.01,83401100394.18,1679304072.39,-28832.01,21446.26,614.18
7050000.00,61461675610.53,84461242717.39,1709767638.84,-29193.87,20957.89,604.32
7100000.00,59993119197.92,85496809747.12,1739733711.95,-29547.34,20463.27,594.28
7150000.00,58507100785.33,86507492453.57,1769193415.04,-29892.32,19962.54,584.07
7200000.00,57004047860.38,87492989237.02,1798138021.01,-30228.69,19455.85,573.68
7250000.00,55484393373.80,88453006037.87,1826558955.50,-30556.35,18943.36,563.12
7300000.00,53948575599.63,89387256443.94,1854447799.92,-30875.20,18425.21,552.40
7350000.00,52397037993.06,90295461794.91,1881796294.43,-31185.12,17901.57,541.51
7400000.00,50830229045.91,91177351283.96,1908596340.93,-31486.03,17372.60,530.46
7450000.00,49248602139.89,92032662056.33,1934840005.88,-31777.81,16838.45,519.25
7500000.00,47652615397.60,92861139305.04,1960519523.17,-32060.39,16299.28,507.89
7550000.00,46042731531.52,93662536363.36,1985627296.88,-32333.68,15755.26,496.38
7600000.00,44419417690.85,94436614794.37,2010155903.94,-32597.57,15206.56,484.73
7650000.00,42783145306.46,95183144477.16,2034098096.77,-32851.99,14653.34,472.93
7700000.00,41134389933.87,95901903689.92,2057446805.87,-33096.87,14095.76,460.99
7750000.00,39473631094.47,96592679189.75,2080195142.29,-33332.11,13534.01,448.91
7800000.00,37801352114.96,97255266289.13,2102336400.06,-33557.65,12968.25,436.70
7850000.00,36118039965.16,97889468929.04,2123864058.55,-33773.42,12398.66,424.37
7900000.00,34424185094.22,98495099748.66,2144771784.73,-33979.34,11825.41,411.91
7950000.00,32720281265.30,99071980151.65,2165053435.42,-34175.35,11248.67,399.33
8000000.00,31006825388.93,99619940368.97,2184703059.36,-34361.40,10668.62,386.63
8050000.00,29284317354.90,100138819518.13,2203714899.36,-34537.42,10085.45,373.82
8100000.00,27553259863.08,100628465658.90,2222083394.16,-34703.36,9499.33,360.89
8150000.00,25814158252.87,101088735845.54,2239803180.44,-34859.17,8910.44,347.87
8200000.00,24067520331.82,101519496175.26,2256869094.59,-35004.79,8318.96,334.74
8250000.00,22313856203.02,101920621833.19,2273276174.46,-35140.20,7725.08,321.51
8300000.00,20553678091.82,102291997133.64,2289019661.01,-35265.34,7128.98,308.20
8350000.00,18787500171.58,102633515557.66,2304094999.93,-35380.17,6530.84,294.79
8400000.00,17015838388.79,102945079786.97,2318497843.08,-35484.68,5930.84,281.30
8450000.00,15239210287.54,103226601734.15,2332224049.97,-35578.81,5329.17,267.72
8500000.00,13458134833.48,103478002569.09,2345269689.04,-35662.56,4726.02,254.08
8550000.00,11673132237.29,103699212741.78,2357631038.92,-35735.88,4121.58,240.35
8600000.00,9884723777.84,103890172001.29,2369304589.60,-35798.78,3516.02,226.56
8650000.00,8093431625.09,104050829411.07,2380287043.49,-35851.22,2909.53,212.71
8700000.00,6299778662.77,104181143360.47,2390575316.44,-35893.20,2302.31,198.80
8750000.00,4504288311.08,104281081572.55,2400166538.60,-35924.70,1694.53,184.83
8800000.00,2707484349.27,104350621108.12,2409058055.28,-35945.73,1086.39,170.81
8850000.00,909890738.45,104389748366.13,2417247427.65,-35956.28,478.07,156.74
8900000.00,-887968555.50,104398459080.19,2424732433.38,-35956.35,-130.24,142.64
8950000.00,-2685569738.66,104376758311.57,2431511067.23,-35945.94,-738.35,128.49
9000000.00,-4482389365.50,104324660438.36,2437581541.48,-35925.08,-1346.09,114.31
9050000.00,-6277904514.80,104242189141.01,2442942286.35,-35893.76,-1953.26,100.10
9100000.00,-8071592965.05,104129377384.19,2447591950.24,-35852.00,-2559.68,85.87
9150000.00,-9862933369.17,103986267395.07,2451529399.99,-35799.83,-3165.16,71.61
9200000.00,-11651405428.57,103812910637.91,2454753720.97,-35737.26,-3769.52,57.34
9250000.00,-13436490066.36,103609367785.08,2457264217.14,-35664.33,-4372.57,43.06
9300000.00,-15217669599.67,103375708684.59,2459060410.94,-35581.05,-4974.13,28.77
9350000.00,-16994427910.99,103112012324.01,2460142043.22,-35487.47,-5574.03,14.48
9400000.00,-18766250618.51,102818366790.91,2460509072.98,-35383.62,-6172.07,0.19
9450000.00,-20532625245.19,102494869229.92,2460161677.05,-35269.55,-6768.08,-14.10
9500000.00,-22293041386.79,102141625796.23,2459100249.71,-35145.28,-7361.87,-28.37
9550000.00,-24046990878.44,101758751605.86,2457325402.23,-35010.88,-7953.27,-42.63
9600000.00,-25793967959.92,101346370682.47,2454837962.25,-34866.38,-8542.11,-56.88
9650000.00,-27533469439.47,100904615900.94,2451638973.21,-34711.85,-9128.20,-71.09
9700000.00,-29264994856.07,100433628927.71,2447729693.54,-34547.34,-9711.36,-85.29
9750000.00,-30988046640.17,99933560157.82,2443111595.94,-34372.91,-10291.44,-99.45
9800000.00,-32702130272.65,99404568648.95,2437786366.41,-34188.62,-10868.24,-113.57
9850000.00,-34406754442.16,98846822052.22,2431755903.33,-33994.53,-11441.61,-127.65
9900000.00,-36101431200.58,98260496540.01,2425022316.41,-33790.72,-12011.37,-141.69
9950000.00,-37785676116.63,97645776730.77,2417587925.53,-33577.26,-12577.35,-155.69
